# NaN NaN NaN ;Mean Elev.(m), Avg Gradient(m/km), RMS Gradient(m/km) - SRTM1     
#   19.926  -0.072   1.260 ;Mean Elev.(m), Avg Gradient(m/km), RMS Gradient(m/km) - ASTER GDEM
#   23.490  -0.101   1.168 ;Mean Elev.(m), Avg Gradient(m/km), RMS Gradient(m/km) - GMTED2010 
   2  70.733347  61.153756    26.731    27.099  3 54673.38619348 30.249
   4  70.739648  61.154046    26.388    26.388  2 54693.21747976 27.028
   5  70.740914  61.153993   -48.537   -48.537  2 54703.13311967  8.028
   6  70.735575  61.153379    23.933    24.222  3 54713.04876869 38.585
   7  70.725350  61.153850   -65.977   -65.970  3 54722.96441858  5.995
   8  70.716528  61.154559    22.539    22.256  5 54732.88006608 37.027
   9  70.715464  61.154802    24.993    26.186  5 54742.79571273 31.002
  10  70.717364  61.154838    22.895    22.898  5 54752.71135939 41.452
  11  70.717183  61.154939    27.060    26.811  5 54762.62700547 25.924
  12  70.712650  61.155211    25.726    25.795  5 54772.54264863 30.185
  13  70.711379  61.154648    22.652    22.633  6 54782.45828933 42.250
  14  70.711558  61.155036    22.229    22.246  5 54792.37392769 34.452
  15  70.721563  61.154101    23.502    23.516  5 54802.28956612 30.304
  16  70.730643  61.153507    25.370    24.473  3 54812.20520434 25.819
  17  70.733856  61.153408    24.073    24.030  3 54822.12084684 20.211
  18  70.730081  61.153334    25.378    25.971  3 54832.03648708 18.118
  19  70.726106  61.153666    24.876    24.548  4 54841.95213696 17.792
  20  70.726645  61.153750    24.483    24.324  4 54851.86778598 17.225
  21  70.730811  61.153612    25.500    25.500  2 54861.78343493 16.268
  22  70.733864  61.153221    24.527    24.287  3 54871.69908378 17.198
  23  70.730512  61.153122    24.557    24.361  3 54881.61473026 15.244
  24  70.717581  61.154742    25.899    25.925  5 54891.53037240 14.914
  25  70.710594  61.154494    26.563    26.410  5 54901.44601246 14.362
  26  70.709783  61.154637    26.933    26.985  6 54911.36165140 14.094
  27  70.714171  61.155094    27.744    27.767  5 54921.27728974 11.280
  28  70.725433  61.153536    25.567    25.555  4 54931.19292838 25.022
  29  70.725801  61.153966    22.473    22.472  4 54941.10856437 40.026
  30  70.722788  61.154180    24.601    24.590  4 54951.02419840 41.451
  31  70.716870  61.154664    27.097    27.097  6 54960.93983859 54.776
  32  70.716227  61.154796    27.109    27.093  5 54970.85548719 42.135
  33  70.720812  61.154886    27.264    27.164  4 54980.77113500 45.948
  34  70.729381  61.153681   -22.440   -22.438  3 54990.68678302 14.714
  35  70.730620  61.153189    27.515    27.584  3 55000.60243001 49.117
  36  70.726891  61.153761    27.176    27.135  3 55010.51807467 44.596
  37  70.724750  61.153982    26.841    26.838  3 55020.43371799 35.826
  38  70.730931  61.152949    26.661    26.649  3 55030.34936112 37.721
  39  70.732842  61.153950    26.044    26.044  2 55040.26500301 35.634
  40  70.737775  61.153923    26.431    26.431  2 55050.18064395 28.803
  41  70.738667  61.153167    24.823    24.823  2 55060.09628248 31.205
  42  70.727489  61.154132    24.097    24.238  3 55070.01192216 45.561
  43  70.715908  61.154359    23.549    23.405  5 55079.92757049 51.243
  44  70.711155  61.154620    25.635    25.745  5 55089.84321743 26.862
  45  70.713892  61.154876    22.993    22.837  5 55099.75886388 49.822
  46  70.722021  61.154068    23.937    23.984  4 55109.67451042 32.565
  47  70.721556  61.154348    24.554    24.091  5 55119.59015456 29.584
  48  70.714144  61.154817    25.720    26.408  6 55129.50579552 26.648
  49  70.706733  61.155146    22.271    22.330  6 55139.42143453 48.603
  50  70.710423  61.154417    22.762    22.759  6 55149.33707357 36.777
  51  70.721151  61.154115    23.051    23.057  5 55159.25271296 30.533
  52  70.732480  61.153745    23.242    23.238  3 55169.16835212 24.705
  53  70.738478  61.153318    23.469    23.469  2 55179.08398979 21.336
  54  70.733051  61.153599    24.097    24.097  2 55188.99963544 18.943
  55  70.726823  61.153925    25.532    25.631  3 55198.91528550 13.632
  56  70.726664  61.153895    25.349    25.259  3 55208.83093522 13.715
  57  70.731544  61.153500    25.193    25.193  2 55218.74658489 13.153
  58  70.731210  61.153661    25.784    25.784  2 55228.66223317 13.782
  59  70.725363  61.154073    26.195    26.230  4 55238.57787785 12.951
  60  70.714240  61.154896    26.256    26.331  6 55248.49351844 11.699
  61  70.706560  61.155201    26.734    26.752  6 55258.40915708 11.642
  62  70.709283  61.154449    26.991    27.070  5 55268.32479614 11.219
  63  70.715268  61.154724    27.141    27.169  6 55278.24043508 11.487
  64  70.724793  61.153922    27.121    27.460  3 55288.15607325 10.270
  65  70.727357  61.154221    27.206    27.228  3 55298.07170826 11.760
  66  70.722400  61.153993    24.663    24.615  4 55307.98735045 32.162
  67  70.712253  61.154927    23.327    23.284  5 55317.90299579 39.638
  68  70.713332  61.154231    25.487    25.475  5 55327.81864118 54.108
  69  70.720169  61.154057    27.147    27.164  5 55337.73428622 37.222
  70  70.728721  61.153775    27.710    27.676  3 55347.64993097 51.994
  71  70.733080  61.153497    27.598    27.594  3 55357.56557367 41.281
  72  70.731251  61.153781    27.774    27.768  3 55367.48121371 46.744
  73  70.729937  61.153758    27.777    27.763  3 55377.39685242 36.516
  74  70.731540  61.153936    27.987    27.991  3 55387.31249060 45.024
  75  70.738130  61.153267    27.991    27.991  2 55397.22812847 43.065
  76  70.736573  61.154389    27.786    27.786  2 55407.14377135 44.381
  77  70.731551  61.153934    27.106    27.090  3 55417.05942216 37.511
  78  70.718351  61.154947    25.412    25.403  5 55426.97506859 35.024
  79  70.712005  61.154668    25.960    25.892  5 55436.89071304 30.370
  80  70.711669  61.154502    24.059    23.994  6 55446.80635662 50.484
  81  70.716184  61.154383    23.451    23.466  5 55456.72200014 50.260
  82  70.721198  61.154388    23.741    23.955  4 55466.63764298 34.512
  83  70.723806  61.153998    23.405    23.383  4 55476.55328248 38.323
  84  70.719280  61.154750    24.751    24.019  4 55486.46891803 31.935
  85  70.717815  61.154401    23.599    23.478  5 55496.38455189 33.293
  86  70.719692  61.154762    25.200    24.816  4 55506.30018755 32.126
  87  70.724423  61.154261    23.784    23.556  4 55516.21583866 29.179
  88  70.730862  61.153799    22.869    22.825  3 55526.13148901 35.851
  89  70.732993  61.153535    23.232    23.224  3 55536.04713694 24.267
  90  70.730291  61.153713    23.726    23.244  3 55545.96278220 19.852
  91  70.727818  61.153800    22.981    23.000  3 55555.87842560 20.770
  92  70.728639  61.153695    22.875    22.914  3 55565.79406836 19.279
  93  70.730929  61.153543    22.671    22.667  3 55575.70971059 19.502
  94  70.728102  61.154191    22.197    22.196  3 55585.62535050 21.010
  95  70.726066  61.153921    22.523    22.060  3 55595.54098734 20.324
  96  70.721709  61.154475    22.335    22.022  4 55605.45662071 18.618
  97  70.724624  61.153709    22.351    21.957  4 55615.37225290 17.422
  98  70.726953  61.153701    21.664    21.647  3 55625.28789383 16.152
  99  70.725767  61.153965    24.159    24.215  3 55635.20354610 14.616
 100  70.723463  61.154374    24.755    24.649  4 55645.11919610 14.241
 101  70.720790  61.154312    27.292    27.388  4 55655.03484333 10.679
 102  70.717072  61.154552    23.318    23.054  5 55664.95048586 35.647
 103  70.716074  61.154605    23.640    23.643  6 55674.86612562 44.434
 104  70.719069  61.154701    26.399    26.389  4 55684.78176399 53.773
 105  70.726906  61.154314    27.056    27.039  3 55694.69740165 38.950
 106  70.734921  61.154086    27.304    27.304  2 55704.61303794 49.501
 107  70.738800  61.153087    27.339    27.339  2 55714.52868511 36.402
 108  70.733692  61.153850    27.352    27.352  2 55724.44433352 48.587
 109  70.732730  61.153552    26.914    26.914  2 55734.35998055 35.724
 110  70.732648  61.153489    26.023    26.023  2 55744.27562643 34.661
 111  70.731941  61.153402    25.977    25.977  2 55754.19127076 30.244
 112  70.727833  61.153723    24.985    24.357  4 55764.10691245 32.959
 113  70.720845  61.154521    24.034    24.061  4 55774.02255099 47.749
 114  70.716991  61.154712    25.399    25.228  6 55783.93818653 31.148
 115  70.721080  61.154477    23.595    23.707  5 55793.85382036 33.435
 116  70.730923  61.153316    23.867    24.187  3 55803.76945764 34.258
 117  70.732546  61.153104    24.410    24.134  3 55813.68510733 35.548
 118  70.726839  61.154081    25.103    24.299  3 55823.60075422 30.991
 119  70.721372  61.154571    23.401    23.294  4 55833.51639648 45.220
 120  70.719762  61.154591    26.068    26.516  5 55843.43203506 26.206
 121  70.724313  61.154289    24.811    24.124  4 55853.34767129 28.843
 122  70.733993  61.153427    22.035    22.035  2 55863.26330871 39.507
 123  70.734169  61.153607    21.344    21.380  3 55873.17896278 30.915
 124  70.735857  61.153095    22.388    22.388  2 55883.09461198 24.577
 125  70.732762  61.153956    22.180    22.180  2 55893.01025420 20.325
 126  70.735558  61.153483    22.248    22.176  3 55902.92589150 18.281
 127  70.739789  61.153115    22.201    22.201  2 55912.84152868 16.371
 128  70.736883  61.153301    22.175    22.175  2 55922.75718256 16.903
 129  70.733429  61.153347    22.075    22.072  3 55932.67283350 15.757
 130  70.724564  61.154005    26.764    26.740  4 55942.58847957 15.140
 131  70.713900  61.154942    26.859    26.825  6 55952.50412112 14.614
 132  70.711001  61.154891    25.516    25.733  5 55962.41976021 14.020
 133  70.716005  61.154596    25.506    25.409  6 55972.33539810 14.810
 134  70.729436  61.153163    26.361    26.539  3 55982.25103572 15.819
 135  70.734469  61.153611    26.959    27.004  3 55992.16667077 15.782
 136  70.731289  61.153296    26.736    26.735  3 56002.08231821 16.921
 137  70.719563  61.154138    25.084    25.226  5 56011.99796702 14.742
 138  70.712004  61.155180    21.401    21.174  5 56021.91361252 29.769
 139  70.717105  61.154483    21.960    22.028  5 56031.82925646 39.176
 140  70.727586  61.153778    23.716    23.737  3 56041.74489875 40.915
 141  70.734486  61.153745    25.268    25.268  2 56051.66053823 33.447
 143  70.736760  61.153526    25.639    25.639  2 56071.49181315 32.537
 144  70.732511  61.153286    25.547    25.514  3 56081.40746331 49.946
 145  70.731691  61.153368    24.863    24.874  3 56091.32311119 33.251
 146  70.733434  61.153697    24.634    24.634  2 56101.23875695 33.876
 147  70.734088  61.153303    23.733    23.733  2 56111.15438850 44.312
 148  70.728299  61.153638    25.091    24.653  4 56121.07002758 27.213
 149  70.719996  61.154435    22.175    21.700  4 56130.98566263 36.836
 150  70.717092  61.154819    21.949    21.665  6 56140.90129675 33.652
 151  70.717632  61.154914    21.708    21.659  5 56150.81694769 46.551
 152  70.727610  61.153550    23.069    21.042  3 56160.73259775 31.557
 153  70.729665  61.153944    20.752    20.720  3 56170.64824520 32.938
 154  70.726003  61.154067    21.311    21.382  3 56180.56388814 43.412
 155  70.717795  61.154791    22.708    23.660  5 56190.47952665 33.330
 156  70.714356  61.155230    23.355    23.770  5 56200.39516281 28.608
 157  70.725053  61.154181    22.279    21.688  3 56210.31079814 36.527
 158  70.739262  61.153529    21.591    21.591  2 56220.22643194 37.373
 159  70.740387  61.154627    21.053    21.053  2 56230.14208195 36.401
 160  70.737480  61.154353    21.233    21.233  2 56240.05773506 34.536
 161  70.734161  61.153334    22.140    22.147  3 56249.97338424 29.649
 162  70.729708  61.153358    22.035    22.023  3 56259.88902833 25.794
 163  70.729940  61.153745    22.626    22.626  2 56269.80467014 20.918
 164  70.733339  61.153662    21.750    21.750  2 56279.72031050 20.647
 165  70.732723  61.153378    22.154    21.500  3 56289.63596141 19.399
 166  70.722023  61.154625    22.927    23.193  4 56299.55160847 17.868
 167  70.712843  61.154876    25.929    26.009  6 56309.46725183 17.061
 168  70.709713  61.154552    23.851    23.497  6 56319.38289351 15.950
 169  70.714879  61.154306    23.853    23.606  5 56329.29853509 16.097
 170  70.724366  61.154137    20.620    20.629  3 56339.21417628 21.378
 171  70.733597  61.153486    20.784    20.804  3 56349.12981543 21.564
 172  70.733662  61.153392    22.748    22.414  3 56359.04545123 14.286
 173  70.720234  61.154430    27.322    27.295  5 56368.96110054 11.160
 175  70.716264  61.155082    28.181    28.157  5 56388.79239317 10.080
 176  70.729081  61.154018    21.216    21.208  3 56398.70803776 18.258
 177  70.738232  61.153460    23.494    23.494  2 56408.62367946 39.278
 178  70.739531  61.153603    25.055    25.055  2 56418.53931605 43.307
 180  70.729816  61.153723    27.544    27.544  2 56438.37060185 48.433
 181  70.726164  61.153926    27.741    27.732  3 56448.28625279 50.294
 182  70.727664  61.153740    27.881    27.888  3 56458.20190209 38.065
 183  70.725527  61.153979    28.081    28.076  3 56468.11754773 38.543
 184  70.721298  61.154232    28.366    28.300  4 56478.03318912 53.695
 185  70.714442  61.155124    28.308    28.316  5 56487.94882634 38.719
 186  70.714622  61.155189    28.401    28.342  5 56497.86446165 52.833
 187  70.722437  61.154548    27.698    27.700  4 56507.78009645 49.396
 188  70.733604  61.153630    25.420    25.498  3 56517.69573509 48.877
 189  70.734306  61.153442    24.358    24.358  2 56527.61138927 35.742
 190  70.729353  61.154061    24.115    24.177  3 56537.52703860 41.915
 192  70.717157  61.155096    23.493    23.683  5 56557.35832675 34.482
 193  70.723549  61.154140    23.678    24.117  3 56567.27397001 34.645
 194  70.734551  61.153293    26.196    26.196  2 56577.18961240 26.881
 195  70.740231  61.153980    23.019    23.019  2 56587.10525064 38.736
 196  70.738620  61.154914    23.705    23.705  2 56597.02089080 32.232
 197  70.736699  61.152971    22.876    22.876  2 56606.93654273 31.625
 198  70.727878  61.154082    23.557    23.552  3 56616.85218869 39.211
 199  70.728688  61.153517    23.681    23.718  3 56626.76783222 35.845
 200  70.731861  61.153028    24.137    24.133  3 56636.68347316 31.726
 201  70.730479  61.153737    24.079    24.062  3 56646.59911365 29.740
 202  70.722201  61.154431    23.686    23.654  4 56656.51476492 27.932
 203  70.715133  61.154792    23.356    23.389  6 56666.43041205 27.472
 204  70.713892  61.154804    23.197    23.201  6 56676.34605721 24.363
 205  70.716050  61.155146    26.452    26.388  5 56686.26170163 18.247
 206  70.724993  61.153899    26.659    26.658  3 56696.17734489 16.807
 207  70.730097  61.153644    26.268    26.268  2 56706.09298313 16.308
 208  70.730892  61.153966    26.716    26.721  3 56716.00861625 16.801
 209  70.723819  61.154132   -22.661   -22.659  3 56725.92426909  9.888
 210  70.721184  61.154269    28.049    28.038  4 56735.83991827 12.481
 211  70.726816  61.153673    27.673    27.671  4 56745.75556486 10.303
 212  70.732600  61.153846    27.370    27.370  2 56755.67120705  9.858
 213  70.738792  61.153548    23.926    23.926  2 56765.58684367 36.319
 215  70.730500  61.153657    27.696    27.724  3 56785.41813879 39.285
 216  70.723243  61.154341    28.079    28.047  4 56795.33379114 54.209
 217  70.721788  61.154048    28.345    28.325  4 56805.24944016 52.733
 218  70.720264  61.154457    28.484    28.497  5 56815.16508226 37.594
 219  70.719860  61.154157    28.646    28.647  5 56825.08072107 35.452
 220  70.717085  61.154929   -20.757   -20.603  5 56834.99635577 15.158
 221  70.722772  61.154172    28.253    28.256  5 56844.91198801 39.033
 223  70.725273  61.154055    27.301    27.296  4 56864.74328719 49.829
 224  70.723317  61.154295    26.209    26.188  4 56874.65893973 49.759
 225  70.720623  61.154432    24.636    24.601  5 56884.57458906 49.237
 226  70.718863  61.154253    26.038    25.796  5 56894.49023543 31.173
 227  70.717162  61.154736    23.774    23.856  5 56904.40587860 36.041
 228  70.721811  61.154248    26.855    27.684  4 56914.32152047 30.261
 229  70.729945  61.153539    23.958    24.150  3 56924.23716098 36.404
 230  70.736149  61.153504    25.746    25.008  3 56934.15279858 28.712
 231  70.739462  61.153769    23.365    23.365  2 56944.06843061 42.215
 232  70.735209  61.153681    22.891    22.891  2 56953.98407814 41.558
 233  70.728937  61.153809    23.411    23.412  3 56963.89972767 30.030
 234  70.726800  61.154149    24.586    24.564  3 56973.81537273 31.962
 235  70.731517  61.153433    25.023    25.023  2 56983.73101415 18.546
 236  70.733738  61.153393    25.039    25.039  2 56993.64665037 16.819
 237  70.730456  61.153747    24.832    24.649  3 57003.56228731 16.810
 238  70.716932  61.155067    25.316    25.222  5 57013.47794221 15.547
 239  70.713462  61.155025    26.972    27.054  5 57023.39359302 14.833
 240  70.720202  61.154185    26.052    26.023  5 57033.30924239 14.021
 241  70.727582  61.153612    25.886    25.791  4 57043.22488954 13.565
 242  70.729970  61.153475    26.420    26.368  3 57053.14053380 12.443
 243  70.726688  61.153841    25.929    25.905  3 57063.05617299 11.774
 244  70.725978  61.153846    26.795    26.779  4 57072.97180728 12.241
 245  70.730874  61.154000    26.580    26.644  3 57082.88743814 11.777
 246  70.739278  61.152860    27.026    27.026  2 57092.80308681 13.082
 247  70.737048  61.154311    28.073    28.073  2 57102.71874343  9.283
 248  70.739829  61.153040    27.840    27.840  2 57112.63439713 11.205
 249  70.733773  61.153421    22.073    22.073  2 57122.55004386 35.491
 250  70.728262  61.153396    26.813    27.554  3 57132.46568523 30.178
 251  70.727010  61.153763    24.864    24.878  3 57142.38132218 43.383
 252  70.734145  61.153234    27.284    27.287  3 57152.29695706 40.042
 253  70.739945  61.153539    27.886    27.886  2 57162.21258916 50.888
 254  70.734781  61.153469    28.258    28.244  3 57172.12824616 43.448
 255  70.723103  61.154369    28.658    28.662  4 57182.04389948 41.743
 256  70.713315  61.154906    29.147    29.151  5 57191.95954912 38.324
 257  70.712063  61.154844    29.564    29.519  6 57201.87519670 36.015
 258  70.716241  61.155288    29.761    29.731  5 57211.79083104 35.108
 259  70.730210  61.153194    29.857    29.856  3 57221.70647624 56.450
 260  70.731378  61.153712    29.458    29.458  2 57231.62211857 37.445
 261  70.730092  61.153597    28.148    28.148  2 57241.53775822 35.279
 262  70.726789  61.153888    26.970    27.004  3 57251.45339506 46.685
 263  70.731416  61.153511    25.392    25.392  2 57261.36903086 47.159
 264  70.738440  61.154198    24.855    24.855  2 57271.28466560 36.438
 265  70.741220  61.154488    24.400    24.400  2 57281.20032184 41.334
 267  70.735214  61.153381    24.745    24.680  3 57301.03162888 35.149
 268  70.721545  61.154782    24.880    24.896  4 57310.94727588 47.231
 269  70.716437  61.154833    25.132    25.394  5 57320.86292042 48.033
 270  70.719450  61.154595    24.806    24.755  5 57330.77856311 47.573
 271  70.728403  61.153827    24.499    24.490  3 57340.69420424 39.675
 272  70.726300  61.154076    24.513    24.599  3 57350.60985439 35.157
 273  70.718532  61.154782    24.852    24.836  5 57360.52549852 29.873
 274  70.711369  61.154946    24.814    24.842  6 57370.44113964 22.942
 275  70.711436  61.155029    24.912    25.073  5 57380.35677927 19.612
 276  70.720869  61.154881    24.387    24.365  4 57390.27241886 20.636
 277  70.737155  61.153192    24.286    24.286  2 57400.18805833 20.817
 279  70.733814  61.153479    24.690    24.690  2 57420.01934996 17.182
 280  70.726118  61.153692    26.874    26.890  4 57429.93499916 15.856
 281  70.723860  61.154186    27.437    27.357  3 57439.85064661 16.067
 282  70.731361  61.153724    27.794    27.884  3 57449.76629395 15.443
 284  70.737323  61.154344    28.131    28.131  2 57469.59758158 13.251
 285  70.734954  61.153988    28.253    28.253  2 57479.51321936  8.675
 286  70.730846  61.153775    22.365    22.365  2 57489.42885396 34.561
 287  70.731300  61.153571    25.007    23.829  3 57499.34448704 37.077
 288  70.734067  61.153467    26.821    26.784  3 57509.26013082 34.877
 289  70.733076  61.153482    27.608    27.608  2 57519.17578677 46.815
 290  70.732159  61.153244    28.074    28.025  3 57529.09143996 55.311
 291  70.723474  61.154176    28.040    28.047  4 57539.00708920 34.772
 292  70.714712  61.154938    28.175    28.173  5 57548.92273573 38.187
 293  70.712955  61.154709    28.278    28.281  6 57558.83838157 55.464
 294  70.716329  61.155141    28.225    28.153  5 57568.75402694 49.720
 295  70.725960  61.154334    27.455    27.452  3 57578.66967249 50.677
 296  70.733681  61.153332    26.835    26.835  3 57588.58531639 49.438
 297  70.731061  61.153952    25.822    25.796  3 57598.50095655 37.333
