-118034.187   102.393     0.00    7.69
-117747.773   104.729     8.16    8.91
-117461.349   107.518     9.74    9.92
-117174.917   109.505     6.93    9.86
-116888.474   112.429    10.21    8.25
-116602.022   115.479    10.65    5.97
-116315.561   117.255     6.20    4.22
-116029.090   118.607     4.72    3.50
-115742.610   119.300     2.42    3.64
-115456.120   119.484     0.64    3.67
-115169.620   119.836     1.23    3.92
-114883.111   120.550     2.49    4.21
-114596.593   120.938     1.35    3.81
-114310.065   121.527     2.06    3.86
-114023.527   121.694     0.58    3.83
-113736.980   121.254    -1.54    3.89
-113450.424   120.940    -1.09    3.82
-113163.858   120.085    -2.98    4.02
-112877.282   119.666    -1.46    4.04
-112590.697   119.722     0.20    4.76
-112304.102   120.892     4.08    6.33
-112017.498   123.636     9.58    7.99
-111730.885   126.022     8.32    7.98
-111444.261   129.061    10.60    7.11
-111157.629   132.293    11.27    6.04
-110870.986   134.499     7.70    5.09
-110584.335   136.310     6.32    4.08
-110297.673   137.386     3.75    3.73
-110011.002   138.143     2.64    3.28
-109724.322   138.606     1.62    2.42
-109437.632   138.735     0.45    2.51
-109150.932   138.430    -1.06    3.25
-108864.223   137.162    -4.42    4.04
-108577.505   136.399    -2.66    5.14
-108290.777   134.942    -5.08    5.17
-108004.039   134.097    -2.95    4.53
-107717.292   133.279    -2.85    3.80
-107430.535   132.763    -1.80    2.81
-107143.768   133.068     1.06    2.64
-106856.993   133.600     1.85    2.47
-106570.207   133.716     0.41    2.24
-106283.412   133.778     0.22    2.45
-105996.608   134.084     1.07    2.70
-105709.794   134.665     2.03    3.14
-105422.970   135.249     2.04    3.38
-105136.137   136.315     3.72    3.15
-104849.294   137.305     3.45    3.11
-104562.442   138.929     5.66    4.06
-104275.580   140.688     6.13    5.25
-103988.708   143.076     8.32    6.68
-103701.827   145.349     7.92    7.41
-103414.937   148.192     9.91    7.85
-103128.037   150.745     8.90    8.02
-102841.127   153.330     9.01    7.00
-102554.208   155.059     6.03    5.41
-102267.279   155.550     1.71    4.83
-101980.340   154.866    -2.38    5.40
-101693.392   153.800    -3.71    6.22
-101406.435   151.701    -7.31    7.03
-101119.468   149.245    -8.56    6.95
-100832.491   146.579    -9.29    5.76
-100545.505   144.114    -8.59    4.55
-100258.509   142.658    -5.07    3.89
 -99971.503   141.408    -4.36    3.90
 -99684.488   140.368    -3.62    4.46
 -99397.464   139.212    -4.03    5.32
 -99110.429   137.636    -5.49    6.06
 -98823.386   135.118    -8.77    7.13
 -98536.332   132.772    -8.17    7.79
 -98249.269   130.454    -8.08    7.55
 -97962.197   127.762    -9.38    6.24
 -97675.115   125.558    -7.68    5.53
 -97388.023   123.254    -8.02    5.71
 -97100.922   120.839    -8.41    5.39
 -96813.811   118.977    -6.49    5.32
 -96526.690   116.938    -7.10    5.52
 -96239.560   114.350    -9.01    5.40
 -95952.420   111.929    -8.43    4.46
 -95665.271   109.858    -7.21    4.79
 -95378.112   108.026    -6.38    5.81
 -95090.944   105.977    -7.14    6.51
 -94803.766   103.752    -7.75    6.31
 -94516.578   101.291    -8.57    6.79
 -94229.381    99.095    -7.64    7.22
 -93942.174    96.399    -9.39    7.16
 -93654.957    93.924    -8.62    7.47
 -93367.731    90.916   -10.47    7.92
 -93080.495    87.535   -11.77    7.58
 -92793.250    85.085    -8.53    6.60
 -92505.995    83.114    -6.86    5.80
 -92218.730    82.038    -3.75    5.21
 -91931.456    80.820    -4.24    5.05
 -91644.173    79.172    -5.74    5.92
 -91356.879    77.076    -7.30    7.04
 -91069.576    74.232    -9.90    7.93
 -90782.263    71.650    -8.98    8.19
 -90494.941    68.150   -12.18    9.03
 -90207.609    62.881   -18.34   12.01
 -89920.268    55.967   -24.06   15.98
 -89632.917    49.825   -21.38   18.50
 -89345.556    42.862   -24.23   19.26
 -89058.186    37.017   -20.34   18.38
 -88770.806    32.421   -15.99   14.79
 -88483.416    31.079    -4.67   12.79
 -88196.017    32.636     5.42   13.68
 -87908.608    34.555     6.68   13.95
 -87621.189    37.233     9.32   13.85
 -87333.761    42.414    18.02   12.91
 -87046.323    47.918    19.15   10.22
 -86758.876    52.594    16.27    6.84
 -86471.419    54.732     7.44    5.58
 -86183.952    56.536     6.28    5.81
 -85896.476    58.884     8.17    6.71
 -85608.990    61.783    10.08    7.33
 -85321.974    64.852    10.69    7.59
 -85036.451    67.491     9.24    7.30
 -84750.919    69.392     6.66    6.38
 -84465.379    71.186     6.28    5.14
 -84179.829    72.246     3.71    4.21
 -83894.271    72.506     0.91    3.76
 -83608.705    72.803     1.04    3.95
 -83323.130    73.133     1.15    4.48
 -83037.545    73.285     0.54    4.57
 -82751.953    72.793    -1.72    4.32
 -82466.351    72.977     0.64    4.45
 -82180.741    73.469     1.73    4.53
 -81895.122    74.336     3.03    4.44
 -81609.494    74.977     2.24    4.21
 -81323.858    75.695     2.51    4.31
 -81038.213    76.481     2.75    4.46
 -80752.559    78.519     7.13    4.43
 -80466.896    80.066     5.41    4.48
 -80181.225    81.172     3.87    4.74
 -79895.545    82.044     3.05    4.31
 -79609.856    82.430     1.35    4.40
 -79324.159    83.005     2.01    4.51
 -79038.453    83.295     1.02    4.53
 -78752.738    83.393     0.34    4.39
 -78467.014    83.979     2.05    4.42
 -78181.282    84.458     1.68    4.16
 -77895.541    84.549     0.32    3.71
 -77609.791    84.538    -0.04    3.01
 -77324.032    85.540     3.51    3.76
 -77038.265    87.209     5.84    5.28
 -76752.489    89.615     8.42    6.37
 -76466.704    91.426     6.34    6.07
 -76180.910    92.957     5.36    5.93
 -75895.108    94.773     6.35    5.67
 -75609.297    96.614     6.44    5.43
 -75323.477    98.168     5.44    5.19
 -75037.648    99.854     5.90    5.65
 -74751.811   101.629     6.21    6.89
 -74465.965   103.345     6.00    7.22
 -74180.110   104.757     4.94    7.98
 -73894.247   105.332     2.01    8.78
 -73608.374   105.293    -0.14   10.04
 -73322.493   104.550    -2.60   10.54
 -73036.603   102.408    -7.49   10.60
 -72750.705    99.274   -10.96    9.60
 -72464.798    96.516    -9.65    8.38
 -72178.881    94.923    -5.57    7.19
 -71892.957    94.392    -1.86    6.57
 -71607.023    94.780     1.36    6.99
 -71321.081    95.695     3.20    7.87
 -71035.129    97.962     7.93    8.70
 -70749.170   100.140     7.61    8.51
 -70463.201   102.339     7.69    7.59
 -70177.224   103.821     5.18    6.98
 -69891.237   103.792    -0.10    6.79
 -69605.242   103.088    -2.46    6.68
 -69319.239   102.737    -1.23    6.88
 -69033.226   102.462    -0.96    7.01
 -68747.205   102.506     0.15    6.73
 -68461.175   103.586     3.78    7.05
 -68175.136   105.317     6.05    6.61
 -67889.089   106.584     4.43    6.33
 -67603.032   107.608     3.58    5.62
 -67316.967   107.911     1.06    4.75
 -67030.893   107.849    -0.22    3.89
 -66744.811   107.458    -1.37    3.76
 -66458.719   107.180    -0.97    3.67
 -66172.619   107.195     0.05    3.52
 -65886.510   108.246     3.67    4.21
 -65600.392   110.308     7.21    4.88
 -65314.266   112.451     7.49    5.28
 -65028.130   114.758     8.06    5.46
 -64741.986   117.305     8.90    5.78
 -64455.833   120.278    10.39    6.08
 -64169.672   123.904    12.67    6.62
 -63883.501   127.533    12.68    7.30
 -63597.322   130.687    11.02    7.12
 -63311.134   133.276     9.05    5.98
 -63024.937   134.987     5.98    5.23
 -62738.731   134.906    -0.28    5.74
 -62452.517   133.727    -4.12    6.45
 -62166.294   132.106    -5.66    7.88
 -61880.062   128.422   -12.87    9.59
 -61593.821   124.377   -14.13   11.06
 -61307.571   120.974   -11.89   11.53
 -61021.313   116.643   -15.13   10.80
 -60735.046   112.714   -13.73   10.09
 -60448.770   109.347   -11.76    8.59
 -60162.485   107.629    -6.00    6.88
 -59876.191   107.852     0.78    6.16
 -59589.889   110.078     7.78    7.91
 -59303.578   112.823     9.59    9.86
 -59017.258   116.479    12.77   11.09
 -58730.929   119.710    11.28   11.18
 -58444.591   122.487     9.70   11.03
 -58158.245   123.929     5.04   10.57
 -57871.890   124.216     1.00    9.40
 -57585.525   123.932    -0.99    8.66
 -57299.153   123.029    -3.15    8.83
 -57012.771   121.092    -6.76    9.27
 -56726.380   118.865    -7.78    9.94
 -56439.981   116.125    -9.57   11.44
 -56153.573   111.680   -15.52   12.37
 -55867.156   108.208   -12.12   11.87
 -55580.730   103.549   -16.26   11.63
 -55294.296    98.347   -18.16   12.04
 -55007.852    92.960   -18.81   11.32
 -54721.400    88.651   -15.04   10.00
 -54434.939    84.166   -15.66    9.17
 -54148.469    80.522   -12.72    8.09
 -53861.991    77.283   -11.30    6.82
 -53575.503    74.776    -8.75    6.53
 -53289.007    72.899    -6.55    6.06
 -53002.502    71.296    -5.59    6.42
 -52715.988    69.908    -4.84    6.30
 -52429.465    69.856    -0.18    7.76
 -52142.933    68.821    -3.61    8.26
 -51856.393    67.945    -3.06    8.11
 -51569.844    67.105    -2.93    7.88
 -51283.285    66.100    -3.51    7.24
 -50996.718    65.607    -1.72    6.28
 -50710.143    65.550    -0.20    5.63
 -50423.558    64.849    -2.44    5.28
 -50136.965    62.427    -8.45    6.63
 -49850.362    59.189   -11.30    8.42
 -49563.751    55.709   -12.14    9.46
 -49277.131    53.279    -8.48    8.83
 -48990.502    51.222    -7.18    8.03
 -48703.865    49.747    -5.14    7.51
 -48417.218    49.039    -2.47    6.75
 -48130.563    49.843     2.81    6.87
 -47843.899    50.835     3.46    5.82
 -47557.226    51.196     1.26    5.51
 -47270.544    50.806    -1.36    5.67
 -46983.853    49.268    -5.36    6.25
 -46697.153    46.945    -8.10    7.24
 -46410.445    44.810    -7.45    7.21
 -46123.728    42.717    -7.30    6.90
 -45837.001    40.372    -8.18    6.35
 -45550.266    37.443   -10.21    4.99
 -45263.523    35.444    -6.97    4.10
 -44976.770    33.608    -6.40    4.79
 -44690.008    32.252    -4.73    4.63
 -44403.238    31.266    -3.44    4.25
 -44116.459    29.852    -4.93    4.28
 -43829.670    27.723    -7.42    5.29
 -43542.873    25.717    -6.99    6.47
 -43256.068    24.073    -5.73    7.72
 -42969.253    23.004    -3.73    7.94
 -42682.429    21.121    -6.56    7.99
 -42395.597    19.443    -5.85    7.78
 -42108.755    18.011    -4.99    6.44
 -41821.905    16.768    -4.33    5.47
 -41535.046    16.342    -1.49    4.83
 -41248.178    15.879    -1.62    4.54
 -40961.301    15.220    -2.30    4.67
 -40674.416    15.010    -0.73    5.83
 -40387.521    13.813    -4.17    6.15
 -40100.618    13.243    -1.98    6.34
 -39813.706    12.720    -1.82    6.28
 -39526.784    11.977    -2.59    7.42
 -39239.854    12.158     0.63    8.65
 -38952.915    12.636     1.67    9.95
 -38665.968    11.792    -2.94    8.87
 -38379.011    11.527    -0.92    8.99
 -38092.045    10.969    -1.94    8.73
 -37805.071    10.188    -2.72    8.67
 -37518.088     9.500    -2.39    8.82
 -37231.095     8.143    -4.73    8.42
 -36944.094     6.879    -4.41    6.31
 -36657.084     7.039     0.56    5.97
 -36370.065     6.485    -1.93    4.90
 -36083.038     5.643    -2.93    3.39
 -35796.001     6.069     1.48    3.26
 -35508.955     6.479     1.43    3.23
 -35221.901     6.261    -0.76    3.19
 -34934.838     5.636    -2.18    3.02
 -34647.765     5.332    -1.06    2.55
 -34360.684     5.047    -0.99    1.90
 -34073.594     5.269     0.78    1.85
 -33786.495     5.442     0.60    1.81
 -33499.388     5.577     0.47    1.82
 -33212.271     5.907     1.15    1.64
 -32925.145     6.223     1.10    1.10
 -32638.011     6.173    -0.17    0.90
 -32350.867     5.536    -2.22    2.24
 -32063.715     4.746    -2.75    3.21
 -31776.554     3.835    -3.18    3.64
 -31489.384     3.196    -2.23    3.72
 -31202.205     2.789    -1.41    3.60
 -30915.017     2.754    -0.12    3.50
 -30627.820     2.891     0.48    3.31
 -30340.614     3.421     1.84    3.07
 -30053.399     4.194     2.69    2.49
 -29766.176     4.671     1.66    1.81
 -29478.943     4.817     0.51    1.36
 -29191.702     4.665    -0.53    1.37
 -28904.452     4.522    -0.50    1.30
 -28617.192     4.467    -0.19    1.30
 -28329.924     4.432    -0.12    1.22
 -28042.647     4.466     0.12    1.21
 -27755.361     4.498     0.11    1.05
 -27468.066     4.664     0.58    1.05
 -27180.762     4.770     0.37    1.03
 -26893.450     4.923     0.53    1.11
 -26606.128     5.182     0.90    1.16
 -26318.797     5.463     0.98    1.24
 -26031.458     5.665     0.70    1.42
 -25744.109     5.890     0.78    1.62
 -25456.752     6.065     0.61    1.76
 -25169.386     6.483     1.46    1.85
 -24882.010     6.886     1.40    2.37
 -24594.626     7.107     0.77    3.21
 -24307.233     7.180     0.25    3.93
 -24019.831     6.955    -0.78    4.30
 -23732.420     6.564    -1.36    3.51
 -23445.589     6.484    -0.28    3.26
 -23159.994     5.830    -2.29    3.67
 -22874.391     6.071     0.84    3.90
 -22588.780     6.571     1.75    4.07
 -22303.161     6.842     0.95    4.09
 -22017.534     6.721    -0.42    3.81
 -21731.899     6.364    -1.25    3.14
 -21446.256     6.193    -0.60    2.80
 -21160.604     6.291     0.34    2.17
 -20874.945     6.948     2.30    3.12
 -20589.278     8.513     5.48    5.21
 -20303.602    10.429     6.71    6.67
 -20017.919    12.673     7.85    6.93
 -19732.227    13.798     3.94    6.99
 -19446.528    14.035     0.83    7.08
 -19160.820    14.432     1.39    7.11
 -18875.105    13.643    -2.76    7.64
 -18589.381    12.714    -3.25    7.40
 -18303.650    11.571    -4.00    7.03
 -18017.910    11.278    -1.03    6.67
 -17732.162    11.501     0.78    6.43
 -17446.406    12.223     2.53    6.12
 -17160.642    12.213    -0.04    6.46
 -16874.871    12.409     0.69    6.73
 -16589.091    12.104    -1.07    6.92
 -16303.303    12.460     1.24    6.94
 -16017.507    12.764     1.06    6.90
 -15731.702    12.629    -0.47    6.94
 -15445.890    12.469    -0.56    6.90
 -15160.070    12.274    -0.68    6.73
 -14874.242    12.743     1.64    6.11
 -14588.405    13.526     2.74    5.66
 -14302.561    13.629     0.36    5.28
 -14016.709    14.326     2.44    4.35
 -13730.848    15.068     2.59    2.32
 -13444.980    15.462     1.38    1.58
 -13159.103    15.544     0.29    1.50
 -12873.218    15.379    -0.58    1.54
 -12587.326    15.038    -1.19    1.70
 -12301.425    15.178     0.49    1.87
 -12015.516    15.523     1.20    2.09
 -11729.599    16.013     1.71    2.20
 -11443.674    16.126     0.39    2.23
 -11157.741    16.358     0.81    2.06
 -10871.800    16.504     0.51    1.97
 -10585.850    16.208    -1.04    2.27
 -10299.893    15.657    -1.92    2.29
 -10013.928    14.962    -2.43    2.05
  -9727.954    14.563    -1.40    1.83
  -9441.973    14.517    -0.16    1.82
  -9155.983    14.548     0.11    1.79
  -8869.986    14.960     1.44    1.91
  -8583.980    15.594     2.22    2.17
  -8297.966    16.183     2.06    2.17
  -8011.944    16.716     1.86    2.38
  -7725.914    16.960     0.85    2.66
  -7439.876    17.019     0.21    3.46
  -7153.830    17.313     1.03    3.73
  -6867.776    17.324     0.04    4.39
  -6581.714    17.686     1.26    4.65
  -6295.643    18.477     2.76    4.16
  -6009.565    18.773     1.04    3.96
  -5723.478    19.090     1.11    3.42
  -5437.384    19.496     1.42    2.78
  -5151.281    20.197     2.45    2.03
  -4865.170    20.883     2.40    1.96
  -4579.052    20.935     0.18    2.38
  -4292.925    19.875    -3.71    4.94
  -4006.790    18.601    -4.45    6.24
  -3720.646    17.067    -5.36    6.66
  -3434.495    16.440    -2.19    6.74
  -3148.336    16.269    -0.60    6.56
  -2862.168    17.015     2.61    6.02
  -2575.993    18.100     3.79    5.22
  -2289.809    18.211     0.39    5.36
  -2003.618    17.091    -3.91    7.19
  -1717.418    14.577    -8.78    8.96
  -1431.210    11.272   -11.55    9.71
  -1144.994     8.350   -10.21    9.55
   -858.770     5.832    -8.80    8.89
   -572.538     3.238    -9.06    7.29
   -286.298     1.324    -6.69    5.18
     -0.049    -0.202    -5.33    1.42
    286.207    -0.364    -0.57    0.00
    572.472     0.005     1.29    2.19
    858.745     1.351     4.70    5.03
   1145.025     3.023     5.84    6.84
   1431.314     4.872     6.46    8.14
   1717.611     7.226     8.22    8.93
   2003.916     9.406     7.62    9.11
   2290.230    10.465     3.70    9.13
   2576.551    11.480     3.55    9.03
   2862.880    11.614     0.47    8.97
   3149.218    10.925    -2.41    9.01
   3435.564    10.022    -3.15    9.40
   3721.917    10.151     0.45   11.59
   4008.279    10.815     2.32   14.04
   4294.649    12.229     4.94   16.58
   4581.027    12.526     1.04   17.42
   4867.414    14.600     7.24   18.61
   5153.808    15.684     3.79   18.18
   5440.211    16.933     4.36   17.43
   5726.621    20.317    11.82   16.97
   6013.040    22.757     8.52   16.84
   6299.467    26.099    11.67   15.92
   6585.902    30.166    14.20   14.11
   6872.345    32.587     8.45   12.43
   7158.796    35.859    11.42    9.48
   7445.255    37.926     7.22    7.14
   7731.723    39.147     4.26    5.50
   8018.198    39.822     2.36    4.69
   8304.682    39.972     0.52    4.23
   8591.174    40.263     1.02    4.04
   8877.674    40.891     2.19    3.79
   9164.182    41.143     0.88    3.67
   9450.698    41.012    -0.46    3.28
   9737.223    41.274     0.92    2.42
  10023.755    40.658    -2.15    2.37
  10310.296    39.438    -4.26    3.08
  10596.844    37.565    -6.53    4.18
  10883.401    36.165    -4.89    4.61
  11169.966    35.216    -3.31    4.44
  11456.540    33.291    -6.72    5.14
  11743.121    31.474    -6.34    5.34
  12029.710    29.556    -6.69    5.64
  12316.308    28.286    -4.43    5.48
  12602.914    27.420    -3.02    5.14
  12889.527    26.317    -3.85    4.35
  13176.150    25.581    -2.57    3.14
  13462.780    25.386    -0.68    2.93
  13749.418    25.432     0.16    3.03
  14036.064    25.678     0.86    2.68
  14322.719    25.785     0.37    2.95
  14609.382    25.827     0.15    3.44
  14896.053    26.317     1.71    4.13
  15182.732    26.270    -0.16    4.67
  15469.419    25.745    -1.83    4.97
  15756.114    25.879     0.47    5.07
  16042.818    26.420     1.89    5.06
  16329.529    26.687     0.93    5.46
  16616.249    26.188    -1.74    5.74
  16902.977    26.279     0.32    5.98
  17189.713    25.658    -2.17    6.21
  17476.457    25.089    -1.98    6.36
  17763.210    25.066    -0.08    6.31
  18049.970    24.838    -0.80    6.19
  18336.739    24.921     0.29    6.09
  18623.516    25.055     0.47    6.09
  18910.301    24.879    -0.61    5.96
  19197.094    25.013     0.47    5.99
  19483.896    25.033     0.07    5.82
  19770.705    24.517    -1.80    5.94
  20057.523    23.767    -2.61    6.12
  20344.349    24.222     1.58    6.05
  20631.183    24.686     1.62    6.12
  20918.025    24.687     0.00    6.21
  21204.875    24.672    -0.05    6.50
  21491.734    25.581     3.17    7.12
  21778.601    26.906     4.62    6.33
  22065.475    26.953     0.16    6.64
  22352.359    26.086    -3.02    7.04
  22639.250    25.840    -0.86    7.43
  22926.149    25.424    -1.45    7.96
  23213.057    25.115    -1.08    8.15
  23499.972    25.180     0.22    7.68
  23786.896    24.035    -3.99    7.77
  24073.828    23.046    -3.45    7.39
  24360.769    21.893    -4.02    6.29
  24647.717    20.979    -3.19    4.90
  24934.674    20.178    -2.79    3.81
  25221.639    19.735    -1.54    2.47
  25508.612    19.114    -2.16    2.51
  25795.593    16.927    -7.62    5.98
  26082.582    13.811   -10.86    8.24
  26369.580    11.118    -9.38    8.91
  26656.585     8.836    -7.95    8.87
  26943.599     7.806    -3.59    8.70
  27230.621     7.897     0.32    8.25
  27517.652     7.958     0.21    7.91
  27804.690     8.433     1.66    7.60
  28091.737     8.519     0.30    7.25
  28378.792     7.496    -3.56    7.15
  28665.855     5.008    -8.67    5.95
  28952.926     3.055    -6.80    3.86
  29240.005     2.527    -1.84    2.44
  29527.093     3.277     2.62    2.99
  29814.189     4.008     2.54    3.24
  30101.293     4.810     2.80    3.30
  30388.405     5.708     3.13    3.19
  30675.525     6.858     4.01    3.18
  30962.654     7.563     2.46    2.93
  31249.791     7.784     0.77    3.72
  31536.936     8.303     1.81    4.25
  31824.089     8.252    -0.18    4.41
  32111.250     7.481    -2.68    4.80
  32398.420     6.369    -3.87    4.92
  32685.598     5.235    -3.95    4.73
  32972.784     4.168    -3.71    4.24
  33259.978     3.158    -3.52    3.36
  33547.181     2.315    -2.93    2.22
  33834.391     2.746     1.50    2.96
  34121.610     4.972     7.75    5.78
  34408.837     8.433    12.05    8.37
  34696.072    11.518    10.74    8.83
  34983.316    14.466    10.26    8.48
  35270.567    17.032     8.93    7.96
  35557.827    19.892     9.96    6.57
  35845.096    21.511     5.64    6.06
  36132.372    22.462     3.31    5.90
  36419.656    23.527     3.71    5.35
  36706.949    24.812     4.47    4.05
  36994.250    25.232     1.46    3.88
  37281.559    25.416     0.64    4.00
  37568.877    25.537     0.42    4.11
  37856.202    25.312    -0.78    4.18
  38143.536    25.752     1.53    3.97
  38430.208    26.356     2.11    3.79
  38715.875    26.692     1.18    3.46
  39001.550    26.665    -0.09    2.95
  39287.233    26.496    -0.59    2.68
  39572.922    26.693     0.69    2.59
  39858.619    26.679    -0.05    2.63
  40144.324    26.564    -0.40    2.91
  40430.035    26.665     0.35    3.28
  40715.754    27.068     1.41    3.36
  41001.481    28.078     3.54    2.88
  41287.214    27.842    -0.83    3.49
  41572.955    26.886    -3.35    5.65
  41858.704    26.372    -1.80    6.41
  42144.460    26.541     0.59    6.67
  42430.223    27.059     1.81    7.13
  42715.993    27.164     0.37    7.33
  43001.771    26.143    -3.57    8.14
  43287.556    25.498    -2.26    8.42
  43573.349    25.438    -0.21    8.23
  43859.149    25.708     0.94    8.28
  44144.956    26.096     1.36    8.26
  44430.771    27.063     3.38    7.79
  44716.593    27.372     1.08    7.53
  45002.422    28.556     4.14    7.05
  45288.259    29.991     5.02    5.45
  45574.103    30.974     3.44    4.82
  45859.954    31.345     1.30    4.63
  46145.813    31.291    -0.19    4.57
  46431.679    31.870     2.03    4.19
  46717.552    32.439     1.99    3.86
  47003.433    33.122     2.39    3.83
  47289.322    34.252     3.95    3.30
  47575.217    34.775     1.83    2.63
  47861.120    34.929     0.54    2.41
  48147.030    34.899    -0.11    2.60
  48432.948    34.312    -2.05    3.02
  48718.873    33.842    -1.65    3.52
  49004.806    33.796    -0.16    3.76
  49290.746    33.003    -2.77    4.29
  49576.693    32.077    -3.24    4.61
  49862.647    31.097    -3.43    4.68
  50148.609    30.143    -3.33    4.63
  50434.578    29.175    -3.39    4.70
  50720.555    28.692    -1.69    3.90
  51006.539    28.665    -0.09    3.15
  51292.531    29.176     1.78    3.27
  51578.529    29.335     0.56    3.66
  51864.536    29.310    -0.09    3.61
  52150.549    29.172    -0.48    3.44
  52436.570    28.418    -2.64    4.21
  52722.598    28.453     0.12    4.49
  53008.634    29.213     2.66    4.39
  53294.677    29.600     1.36    4.57
  53580.728    30.073     1.65    4.37
  53866.785    30.332     0.91    4.36
  54152.851    30.723     1.37    4.22
  54438.923    29.257    -5.13    5.74
  54725.003    27.545    -5.98    6.35
  55011.091    26.709    -2.92    6.21
  55297.185    26.136    -2.00    5.85
  55583.288    25.958    -0.62    5.72
  55869.397    25.636    -1.12    5.60
  56155.514    25.585    -0.18    5.47
  56441.638    25.691     0.37    5.55
  56727.770    25.377    -1.10    5.64
  57013.909    24.520    -2.99    5.16
  57300.056    24.129    -1.37    4.72
  57586.209    23.343    -2.75    4.37
  57872.371    22.351    -3.47    4.05
  58158.539    22.118    -0.82    3.90
  58444.715    22.804     2.40    3.87
  58730.899    23.079     0.96    3.78
  59017.090    22.672    -1.42    3.89
  59303.288    22.953     0.98    4.14
  59589.494    23.622     2.34    4.32
  59875.707    24.938     4.60    3.89
  60161.927    25.882     3.30    3.71
  60448.155    26.929     3.66    3.76
  60734.390    27.615     2.40    3.51
  61020.633    28.003     1.36    3.14
  61306.883    28.343     1.19    2.89
  61593.140    28.588     0.85    2.97
  61879.405    28.629     0.14    3.32
  62165.677    28.232    -1.39    3.45
  62451.957    27.076    -4.04    3.96
  62738.244    26.730    -1.21    4.38
  63024.538    26.849     0.42    4.61
  63310.840    26.742    -0.37    4.54
  63597.150    26.939     0.69    4.03
  63883.466    27.006     0.23    3.55
  64169.790    27.093     0.31    3.06
  64456.122    27.126     0.11    2.65
  64742.461    27.158     0.11    2.20
  65028.807    26.998    -0.56    2.02
  65315.161    26.700    -1.04    2.25
  65601.522    26.707     0.02    2.36
  65887.890    26.902     0.68    2.51
  66174.266    27.429     1.84    2.57
  66460.650    28.002     2.00    2.66
  66747.041    28.774     2.70    3.19
  67033.439    29.482     2.47    3.37
  67319.844    30.165     2.38    3.55
  67606.258    29.936    -0.80    3.95
  67892.678    29.781    -0.54    4.13
  68179.106    29.601    -0.63    4.58
  68465.541    29.622     0.08    4.72
  68751.984    29.527    -0.33    4.84
  69038.434    29.890     1.26    4.82
  69324.892    29.741    -0.52    4.75
  69611.357    29.586    -0.54    5.21
  69897.829    29.710     0.43    5.09
  70184.309    28.899    -2.83    5.47
  70470.796    27.843    -3.68    5.56
  70757.291    26.825    -3.56    5.45
  71043.793    26.455    -1.29    5.35
  71330.302    26.253    -0.71    5.52
  71616.819    25.962    -1.01    5.43
  71903.344    26.183     0.77    5.45
  72189.876    26.735     1.93    5.40
  72476.415    26.629    -0.37    5.88
  72762.962    26.099    -1.85    6.77
  73049.516    25.310    -2.75    7.02
  73336.077    25.077    -0.81    6.92
  73622.646    25.343     0.93    7.04
  73909.223    26.187     2.94    7.30
  74195.807    27.118     3.25    7.10
  74482.398    28.279     4.05    6.89
  74768.997    29.749     5.13    6.47
  75055.603    31.484     6.05    4.94
  75342.216    32.936     5.07    2.77
