# NaN NaN NaN ;Mean Elev.(m), Avg Gradient(m/km), RMS Gradient(m/km) - SRTM1     
#   -4.227     NaN     NaN ;Mean Elev.(m), Avg Gradient(m/km), RMS Gradient(m/km) - ASTER GDEM
#    2.107  -0.008   0.841 ;Mean Elev.(m), Avg Gradient(m/km), RMS Gradient(m/km) - GMTED2010 
   2  65.569758  63.937037    12.559    12.539  4 54669.40303689 40.042
   3  65.571814  63.937229   -87.302   -87.232  4 54679.31868119  6.858
   4  65.570899  63.939066    11.547    11.449  3 54689.23432395 31.352
   5  65.571200  63.940382   -86.234   -86.109  3 54699.14996477  8.237
   6  65.571439  63.939582     9.439     8.561  3 54709.06560885 48.036
   7  65.569739  63.937319   -51.883   -52.017  4 54718.98126045  9.591
   8  65.573219  63.933843    11.684    11.557  4 54728.89690999 28.966
   9  65.572894  63.932716    11.449    11.573  4 54738.81255736 29.809
  10  65.572092  63.933349    11.571    11.563  4 54748.72820441 32.080
  11  65.570349  63.934650    11.346    11.275  3 54758.64385102 24.869
  12  65.569992  63.935055    11.650    11.676  3 54768.55949559 30.019
  13  65.571551  63.933933     8.294     8.296  3 54778.47513711 45.141
  14  65.573420  63.932431     9.040     9.063  4 54788.39077628 31.536
  15  65.571461  63.932756     9.066     9.051  4 54798.30641398 29.140
  16  65.570888  63.934633     8.680     8.669  3 54808.22205171 23.197
  17  65.573358  63.936529     9.455     9.258  4 54818.13768920 15.257
  18  65.570456  63.937853    10.566    10.269  4 54828.05333974 14.347
  19  65.573124  63.936727    11.095    10.987  4 54837.96897910 13.195
  20  65.571349  63.936479    11.297    11.169  3 54847.88462827 12.660
  21  65.569945  63.936854    11.564    11.587  4 54857.80027683 13.740
  22  65.570976  63.937389    11.434    11.433  3 54867.71592566 11.324
  23  65.571135  63.937319    11.443    11.478  3 54877.63157373 11.307
  24  65.572057  63.936100    11.690    11.709  4 54887.54721894 10.995
  25  65.573217  63.933837    12.355    12.499  4 54897.46286090 11.910
  26  65.571225  63.932831    12.431    12.518  4 54907.37849991 11.449
  27  65.571192  63.933033    12.200    12.129  3 54917.29413783 11.338
  28  65.571421  63.934125    13.072    13.060  4 54927.20977559 10.815
  29  65.572446  63.934834    13.148    13.156  4 54937.12541283 10.956
  30  65.571754  63.935261     7.711     7.772  3 54947.04104813 15.445
  31  65.572291  63.934846     9.324     9.322  3 54956.95668220 24.846
  32  65.571844  63.933977    12.397    12.482  3 54966.87233084 36.646
  33  65.572125  63.933995    13.094    13.018  3 54976.78797844 29.891
  34  65.570191  63.935252    -6.313    -6.311  4 54986.70362572 17.126
  35  65.571773  63.935867    12.914    12.883  3 54996.61927348 29.641
  36  65.572096  63.936310    12.842    12.820  4 55006.53491946 32.791
  37  65.571160  63.936701    12.588    12.593  3 55016.45056319 30.881
  38  65.571073  63.937027    12.380    12.357  3 55026.36620561 29.118
  39  65.571880  63.937743    12.073    12.155  3 55036.28184767 42.604
  40  65.570167  63.938743    11.343    11.278  4 55046.19748862 47.562
  41  65.571595  63.938213    11.685    11.665  3 55056.11312818 31.072
  42  65.571289  63.936753    11.703    11.704  4 55066.02876533 31.661
  43  65.572066  63.934446     9.812     9.303  4 55075.94441477 43.368
  44  65.571279  63.933501     9.526     8.893  3 55085.86006259 41.783
  45  65.571980  63.933656     9.777     9.770  4 55095.77570876 35.424
  46  65.569729  63.934643    11.451    11.375  4 55105.69135431 30.507
  47  65.572142  63.934027    11.295    11.357  3 55115.60700013 28.933
  48  65.570078  63.933532    12.006    12.026  4 55125.52264314 22.466
  49  65.571724  63.932539     7.742     7.748  4 55135.43828397 29.754
  50  65.572533  63.932543     8.023     8.017  4 55145.35392258 42.465
  51  65.572290  63.933991     7.813     7.839  4 55155.26956032 36.748
  52  65.571056  63.935734     7.936     7.936  4 55165.18519821 28.096
  53  65.571326  63.937050     8.340     8.159  4 55175.10083608 27.131
  54  65.571685  63.937324     8.145     7.961  4 55185.01647654 25.984
  55  65.571725  63.936897     7.997     7.866  3 55194.93212777 15.745
  56  65.571456  63.937029     7.468     7.483  3 55204.84777758 16.245
  57  65.570912  63.937917     7.491     7.461  4 55214.76342660 17.244
  58  65.570535  63.938063     7.917     7.634  4 55224.67907517 16.263
  59  65.570488  63.936542    10.679    10.692  4 55234.59472205 14.638
  60  65.572248  63.933769    10.939    10.925  4 55244.51036594 13.906
  61  65.571741  63.931916    11.482    11.529  4 55254.42600662 13.221
  62  65.570832  63.932209    11.445    11.503  3 55264.34164533 14.050
  63  65.571583  63.934046    12.155    12.182  3 55274.25728319 14.827
  64  65.571537  63.935664    11.914    12.008  3 55284.17292045 13.059
  65  65.572576  63.935315    12.684    12.737  4 55294.08855647 12.587
  66  65.572037  63.933883    12.860    12.881  4 55304.00419416 10.860
  67  65.573259  63.932031    10.814    11.569  4 55313.91984194 34.858
  69  65.572096  63.934786    12.245    12.278  3 55333.75113115 53.890
  70  65.572175  63.936302    12.590    12.540  4 55343.66677495 39.026
  71  65.570934  63.936672    12.417    12.420  3 55353.58241821 31.830
  72  65.569692  63.936583    12.504    12.521  4 55363.49805941 37.460
  73  65.570393  63.936582    12.368    12.328  4 55373.41369900 34.399
  74  65.570079  63.937886    12.342    12.272  4 55383.32933715 33.383
  75  65.571125  63.939127    12.769    12.780  3 55393.24497466 51.651
  76  65.571124  63.939898    12.100    12.054  4 55403.16061096 29.792
  77  65.571586  63.937664    12.180    12.186  4 55413.07626320 41.812
  78  65.571095  63.934610    11.638    11.612  3 55422.99191254 48.240
  79  65.571143  63.932252    10.926    10.936  4 55432.90755920 34.732
  80  65.571293  63.932356    10.801    11.610  3 55442.82320377 33.040
  81  65.572204  63.933832    11.510    11.386  3 55452.73884678 25.375
  82  65.572665  63.935471     9.868     9.855  4 55462.65448891 34.673
  83  65.571042  63.935460     8.145     8.183  4 55472.57012910 42.621
  84  65.572114  63.933618    11.568    11.603  3 55482.48576688 27.744
  85  65.569900  63.932683    11.495    11.582  4 55492.40140211 30.841
  86  65.571948  63.933458     7.875     7.797  4 55502.31703600 36.559
  87  65.572600  63.935552     7.862     7.856  4 55512.23268142 29.155
  88  65.571634  63.937526     9.108     8.932  3 55522.14833080 42.878
  89  65.570185  63.937988     8.128     8.114  4 55532.06397895 30.138
  90  65.571594  63.936533     8.240     8.188  3 55541.97962586 23.444
  91  65.570976  63.935788     8.164     8.148  3 55551.89527042 23.919
  92  65.572823  63.935929     8.095     8.113  4 55561.81091369 19.689
  93  65.569772  63.937988     7.868     7.877  4 55571.72655559 19.534
  94  65.569879  63.938518     7.683     7.683  4 55581.64219672 19.196
  95  65.571879  63.936687     8.380     8.431  3 55591.55783507 16.060
  96  65.571928  63.934322     8.452     8.425  4 55601.47347005 18.055
  97  65.570179  63.933345    11.019    11.002  4 55611.38910264 14.008
  98  65.571274  63.934292    10.760    10.775  3 55621.30473530 12.185
  99  65.572272  63.935663    11.346    11.330  3 55631.22038823 12.247
 100  65.573121  63.936501    11.346    11.329  4 55641.13603914 11.912
 101  65.571547  63.935871    11.329    11.162  3 55651.05168725 11.306
 102  65.571339  63.933421     9.315     9.104  4 55660.96733189 25.365
 103  65.573432  63.931579     9.277     8.376  4 55670.88297334 39.109
 104  65.570471  63.933148    11.631    11.714  4 55680.79861228 35.841
 105  65.572246  63.935785    12.247    12.228  4 55690.71424969 33.192
 106  65.570201  63.938793    12.314    12.243  4 55700.62988512 39.665
 107  65.570735  63.939354    12.210    12.211  4 55710.54552507 34.467
 108  65.572620  63.937577    12.239    12.233  4 55720.46117539 31.963
 109  65.571721  63.936710    12.686    12.685  4 55730.37682324 51.176
 110  65.571398  63.936736    12.101    12.098  3 55740.29246979 34.166
 111  65.570774  63.937378    11.497    11.496  3 55750.20811506 49.851
 112  65.569721  63.937629    11.580    11.583  4 55760.12375797 32.883
 113  65.571575  63.936279    11.479    11.442  3 55770.03939842 30.905
 114  65.570668  63.934531    11.388    11.375  4 55779.95503529 31.325
 115  65.570518  63.933491    11.420    11.387  4 55789.87066955 32.009
 116  65.569913  63.934492     8.339     8.302  4 55799.78630236 50.495
 117  65.570890  63.935649    11.252    11.293  3 55809.70194957 28.751
 118  65.571894  63.936671    11.284    11.290  4 55819.61759838 31.385
 119  65.573071  63.936244     9.864     9.906  4 55829.53324285 33.151
 120  65.569776  63.935296    11.330    11.381  4 55839.44888250 34.445
 121  65.570527  63.933832     9.712     9.668  4 55849.36451956 34.767
 122  65.571872  63.934611    11.413    11.360  4 55859.28015452 28.379
 123  65.571501  63.936618     7.226     7.140  4 55869.19580341 27.145
 124  65.571052  63.938486     7.626     7.574  4 55879.11145460 36.122
 125  65.570845  63.939013     7.561     7.472  3 55889.02709927 30.028
 126  65.572424  63.938129     7.777     7.734  4 55898.94273840 28.143
 127  65.571186  63.938068     7.539     7.618  4 55908.85837225 30.336
 128  65.570783  63.937669     7.428     7.428  4 55918.77402189 28.263
 129  65.570366  63.937452     7.302     7.333  4 55928.68967472 27.390
 130  65.571212  63.936596     7.337     7.174  4 55938.60532412 26.970
 131  65.572479  63.934636     6.999     7.060  4 55948.52096880 26.732
 132  65.573216  63.932994     7.011     7.038  4 55958.43660893 25.271
 133  65.572034  63.932929     6.960     6.925  4 55968.35224638 24.336
 134  65.573063  63.933922     7.290     6.941  4 55978.26788312 23.756
 135  65.571064  63.935899     6.903     6.944  3 55988.18351887 19.550
 136  65.573042  63.936206     7.576     7.719  4 55998.09915950 20.917
 137  65.570107  63.935739     9.973     9.267  3 56008.01481055 16.559
 138  65.572729  63.933898     8.077     6.871  4 56017.93045800 19.334
 139  65.572698  63.933454     6.581     6.569  4 56027.84610212 27.931
 140  65.572178  63.934404    10.650    11.667  4 56037.76174435 36.490
 141  65.573005  63.936055    11.082    11.257  4 56047.67738467 37.119
 142  65.572873  63.937826    12.004    11.934  4 56057.59302212 32.871
 143  65.570406  63.939406    11.837    11.777  4 56067.50865502 35.502
 144  65.571930  63.938296    11.781    11.642  4 56077.42430480 29.177
 145  65.570367  63.937782    11.540    11.464  4 56087.33995352 34.733
 146  65.570912  63.937370    11.469    11.469  3 56097.25559999 29.398
 147  65.569995  63.937151    11.720    11.736  4 56107.17124416 34.410
 148  65.570525  63.936105     9.561     8.945  4 56117.08687414 44.293
 149  65.571368  63.935031    11.716    11.503  4 56127.00251202 30.456
 150  65.571201  63.934543    11.425    11.414  4 56136.91814593 30.701
 151  65.572549  63.934287    10.314    11.245  4 56146.83379064 33.107
 152  65.571706  63.934975     8.251     7.204  4 56156.74943981 37.657
 153  65.572157  63.935414     6.790     6.738  4 56166.66508818 45.609
 154  65.570131  63.935539     8.930     8.868  4 56176.58073393 36.070
 155  65.571809  63.934646    11.313    11.241  3 56186.49637523 26.197
 156  65.572186  63.934159    11.517    11.345  4 56196.41201267 32.118
 157  65.571339  63.935226     8.176     7.278  4 56206.32764692 34.738
 158  65.569727  63.937592     8.487     7.632  4 56216.24327955 46.345
 159  65.571946  63.938957    11.646    11.542  3 56226.15892014 18.444
 160  65.571785  63.938848     7.359     7.209  3 56236.07457535 45.212
 161  65.571103  63.938059     7.331     7.365  3 56245.99022669 35.138
 162  65.570701  63.937389     7.567     7.553  4 56255.90587292 28.887
 163  65.572418  63.937309     7.563     7.560  4 56265.82151542 25.201
 164  65.572138  63.937842     7.455     7.433  4 56275.73715595 24.230
 165  65.570743  63.937461     7.221     7.227  3 56285.65280189 23.784
 166  65.572283  63.935063     7.040     7.009  4 56295.56845253 23.256
 167  65.572709  63.932687     6.951     6.967  4 56305.48409895 19.113
 168  65.572591  63.932054     8.104     8.071  4 56315.39974175 15.703
 169  65.570173  63.933946     8.217     8.322  4 56325.31538231 15.268
 170  65.570624  63.935877     8.677     8.668  4 56335.23102233 14.979
 171  65.572027  63.936395     8.954     8.876  4 56345.14666154 12.749
 172  65.570874  63.936018     9.229     8.716  4 56355.06229826 12.495
 173  65.572596  63.934090    10.681    10.946  4 56364.97794404 13.009
 174  65.572066  63.933603    11.572    11.550  4 56374.89359293 12.591
 176  65.572752  63.936663    12.814    12.782  4 56394.72488238 12.211
 177  65.571060  63.938214     6.408     6.453  3 56404.64052390 24.544
 178  65.570784  63.938556    12.242    12.156  3 56414.55616257 31.471
 179  65.570994  63.938166    12.631    12.674  4 56424.47179650 35.777
 180  65.572752  63.937133    12.283    12.311  4 56434.38744295 32.642
 181  65.572368  63.936727    12.429    12.366  4 56444.30309511 33.844
 182  65.571615  63.937282    12.560    12.545  4 56454.21874467 37.233
 183  65.571746  63.936657    12.406    12.391  4 56464.13439160 32.951
 184  65.571413  63.934945    12.575    12.500  4 56474.05003510 33.105
 185  65.573151  63.932599    12.836    12.873  4 56483.96567543 53.188
 186  65.571017  63.932697    12.927    13.026  3 56493.88131189 52.794
 187  65.572174  63.934498    12.442    12.334  3 56503.79694626 25.742
 188  65.572121  63.937578    12.488    12.360  4 56513.71257877 50.830
 189  65.572755  63.937944    11.983    11.963  4 56523.62822891 26.110
 190  65.569836  63.936752    10.447    10.438  4 56533.54388045 35.975
 192  65.573328  63.933223    11.599    11.613  4 56553.37517372 26.123
 193  65.571891  63.935369    11.610    11.583  4 56563.29081615 30.039
 194  65.570310  63.938415    11.074    11.589  4 56573.20645727 34.034
 195  65.571504  63.939942     7.369     7.375  4 56583.12209655 34.277
 196  65.570975  63.939988     8.003     8.019  4 56593.03773128 48.750
 197  65.573082  63.937308     9.489     9.484  4 56602.95338360 38.619
 198  65.570855  63.936243     9.782     9.736  3 56612.86903260 35.964
 199  65.571072  63.936728     9.328     9.370  3 56622.78467739 30.861
 200  65.571625  63.937568     8.388     8.403  3 56632.70031927 27.714
 201  65.570270  63.938196    10.483    10.949  4 56642.61595651 14.446
 202  65.572042  63.935598    10.337    10.336  4 56652.53160695 14.721
 203  65.571523  63.933086    11.497    11.542  4 56662.44725659 14.416
 204  65.569910  63.932356    11.592    11.416  4 56672.36290316 15.958
 205  65.573100  63.933425    11.838    11.833  4 56682.27854847 11.495
 206  65.571434  63.936046    11.780    11.653  3 56692.19419117 11.313
 207  65.571894  63.937411    11.418    11.242  3 56702.10983021 11.497
 208  65.572274  63.936674    11.839    11.772  3 56712.02546442 12.713
 209  65.571291  63.934922   -10.727   -10.758  3 56721.94111033 10.057
 210  65.573120  63.933514    12.373    12.493  4 56731.85676205 12.473
 211  65.572326  63.935322    13.221    13.213  4 56741.77240956  9.841
 212  65.573304  63.937768    13.143    13.168  4 56751.68805282 11.388
 213  65.571505  63.939890    12.833    12.790  4 56761.60369072  8.709
 214  65.571433  63.939920    11.970    11.941  4 56771.51932220 21.857
 215  65.571615  63.937199    12.353    12.321  3 56781.43497797 29.692
 216  65.573320  63.934877    85.357    85.357  2 56791.35063297 14.929
 217  65.571666  63.934792    12.998    12.982  4 56801.26628451 33.510
 218  65.571024  63.935877    13.080    13.081  3 56811.18192893 34.755
 219  65.571823  63.936141    13.477    13.373  3 56821.09756907 53.786
 220  65.571003  63.935411    -9.697    -9.718  3 56831.01320503 17.728
 221  65.571627  63.934034    13.304    13.298  4 56840.92883786 29.658
 222  65.571643  63.933813    13.302    13.287  4 56850.84447411 30.500
 223  65.571947  63.934372    13.191    13.193  4 56860.76012845 29.793
 224  65.571221  63.936138    13.224    13.220  4 56870.67578185 55.258
 225  65.572930  63.936441    12.438    12.366  4 56880.59143284 37.941
 226  65.570693  63.935907    11.849    11.818  4 56890.50707988 33.065
 227  65.571604  63.934016    11.691    11.607  3 56900.42272450 27.614
 228  65.571866  63.933811    11.690    11.592  4 56910.33836688 28.974
 229  65.572180  63.935509    11.707    11.644  4 56920.25400750 30.392
 230  65.572064  63.938235     9.917     9.488  4 56930.16964589 43.624
 231  65.571330  63.940023    11.836    11.806  3 56940.08527949 29.155
 232  65.570590  63.939864    11.721    11.557  3 56950.00091731 26.689
 233  65.571063  63.937402     9.788     9.644  3 56959.91656970 37.344
 234  65.571373  63.935847     8.942     8.925  4 56969.83221689 19.240
 235  65.570245  63.936113     9.295     9.313  4 56979.74785984 18.828
 236  65.569943  63.937085     9.503     9.494  4 56989.66349834 17.078
 237  65.571027  63.937616     9.620     9.608  4 56999.57913071 13.778
 238  65.572074  63.935947     9.509     9.453  3 57009.49478382 13.249
 239  65.571425  63.934175    11.849    11.768  3 57019.41043632 14.479
 240  65.573710  63.933027    11.339    11.271  4 57029.32608604 12.282
 241  65.570879  63.934331    11.510    11.547  4 57039.24173345 12.245
 242  65.570791  63.935834    11.969    12.208  3 57049.15737881 12.702
 243  65.572630  63.936561    11.358    11.348  4 57059.07302046 11.424
 244  65.571006  63.937048    12.048    12.136  4 57068.98865611 12.160
 245  65.571349  63.936994    11.521    11.706  3 57078.90428765 11.660
 246  65.573314  63.937200    12.868    12.844  4 57088.81992387 14.393
 247  65.572292  63.937809    12.988    12.987  3 57098.73558198 11.985
 248  65.572232  63.938639    13.019    12.969  4 57108.65123718 11.933
 249  65.570917  63.938955    13.096    13.116  4 57118.56688708 11.121
 250  65.572537  63.937620    13.126    13.162  4 57128.48253135  1.660
 251  65.573325  63.936425     8.399     8.096  4 57138.39817006 15.767
 252  65.570861  63.936892    12.027    12.040  4 57148.31380458 35.690
 253  65.570017  63.937885    13.285    13.275  4 57158.22943662 35.065
 254  65.569876  63.937656    13.201    13.221  4 57168.14508455 31.543
 255  65.572271  63.935879    13.289    13.282  3 57178.06074118 32.337
 256  65.572121  63.934404    13.513    13.484  4 57187.97639344 55.634
 257  65.570595  63.934037    13.422    13.347  4 57197.89204139 37.826
 258  65.572271  63.934071    13.394    13.357  4 57207.80767587 28.520
 259  65.570249  63.935471    13.641    13.593  3 57217.72332011 29.096
 260  65.572170  63.935879    13.838    13.804  4 57227.63896375 30.368
 261  65.571084  63.936458    14.118    14.100  3 57237.55460498 56.439
 262  65.572152  63.936471    13.876    13.902  4 57247.47024310 30.325
 263  65.572765  63.936989    13.525    13.567  4 57257.38587860 33.439
 264  65.573000  63.938447    12.750    12.739  4 57267.30151282 35.344
 265  65.570729  63.939883    11.978    11.986  4 57277.21715928 35.065
 266  65.570624  63.939717    11.899    11.972  4 57287.13281586 29.544
 267  65.571051  63.938351    10.487    10.044  4 57297.04846972 46.578
 268  65.570263  63.936931    10.909    10.782  4 57306.96411982 26.568
 269  65.572128  63.935563     9.834     9.872  4 57316.87976636 31.393
 270  65.570354  63.935758    10.522    10.384  4 57326.79540913 51.577
 271  65.571991  63.936008    10.887    10.897  4 57336.71105007 50.643
 272  65.571313  63.935662    10.678    10.690  3 57346.62669730 36.801
 273  65.570489  63.934530     9.910     9.882  4 57356.54234430 33.887
 274  65.571472  63.933300     9.980     9.945  4 57366.45798790 25.261
 275  65.572743  63.933260     9.953     9.962  4 57376.37362820 22.968
 276  65.571443  63.935202     9.814     9.827  4 57386.28926630 18.949
 277  65.571499  63.936980     9.554     9.558  3 57396.20490398 19.652
 278  65.573020  63.937766     9.394     9.375  4 57406.12054081 18.887
 279  65.571524  63.937111    11.033    10.907  4 57416.03619078 13.659
 280  65.570414  63.936358    11.194    11.171  4 57425.95184202 15.434
 281  65.570249  63.936528    11.852    11.962  4 57435.86749026 14.476
 282  65.571010  63.937871    12.752    12.808  4 57445.78313676 15.596
 283  65.569952  63.939451    12.528    12.656  4 57455.69878222 15.838
 284  65.570033  63.939547    13.130    13.144  4 57465.61442582 16.201
 285  65.569913  63.938279    13.207    13.186  4 57475.53006569 15.348
 286  65.570669  63.936709    13.175    13.167  3 57485.44570228  3.089
 287  65.571421  63.936514     9.145     8.014  3 57495.36133618 22.721
 288  65.573291  63.937898    12.426    12.423  4 57505.27696936 30.380
 289  65.572987  63.938012    13.098    13.051  4 57515.19262584 31.880
 290  65.571125  63.937199    13.393    13.343  4 57525.10827988 41.474
 291  65.571097  63.934843    13.446    13.384  4 57535.02393185 47.993
 292  65.572063  63.932787    13.578    13.541  3 57544.93958097 56.488
 293  65.571248  63.933160    13.425    13.427  4 57554.85522745 33.343
 294  65.571503  63.935103    13.355    13.354  4 57564.77087235 32.615
 295  65.570718  63.937003    13.202    13.224  3 57574.68651649 29.886
 296  65.571779  63.937008    13.080    13.085  3 57584.60216042 28.496
 297  65.571908  63.936178    12.775    12.775  3 57594.51780232 30.636
