-130628.154   362.233     0.00   51.18
-130341.699   355.710   -22.77   48.59
-130055.244   352.130   -12.50   47.72
-129768.790   352.844     2.49   50.88
-129482.338   355.332     8.68   60.34
-129195.886   367.469    42.37   82.03
-128909.436   392.632    87.85  106.39
-128622.987   426.674   118.84  123.17
-128336.539   466.557   139.23  127.44
-128050.092   501.128   120.69  120.70
-127763.646   528.635    96.03  106.72
-127477.201   543.575    52.16   91.33
-127190.758   542.536    -3.63   84.55
-126904.315   531.735   -37.71   79.98
-126617.874   520.570   -38.98   72.51
-126331.434   502.706   -62.37   65.59
-126044.994   481.870   -72.74   58.69
-125758.556   464.844   -59.44   53.03
-125472.120   451.871   -45.29   53.94
-125185.684   435.774   -56.20   61.73
-124899.249   413.782   -76.78   66.77
-124612.816   392.898   -72.91   66.15
-124326.383   378.483   -50.33   63.19
-124039.952   366.007   -43.56   60.77
-123753.522   354.945   -38.62   58.60
-123467.093   342.022   -45.12   57.98
-123180.665   324.902   -59.77   59.91
-122894.238   305.672   -67.14   58.77
-122607.812   290.036   -54.59   52.43
-122321.388   275.639   -50.26   44.79
-122034.964   264.778   -37.92   43.55
-121748.542   257.675   -24.80   46.52
-121462.121   252.402   -18.41   48.64
-121175.700   244.860   -26.33   49.69
-120889.281   238.036   -23.83   49.85
-120602.864   230.571   -26.06   48.22
-120316.447   221.092   -33.10   43.68
-120030.031   212.442   -30.20   39.50
-119743.617   207.706   -16.54   38.55
-119457.203   209.776     7.23   46.85
-119170.791   222.905    45.84   61.73
-118884.380   249.418    92.57   82.68
-118597.970   289.197   138.89  111.83
-118311.561   345.388   196.19  146.71
-118025.153   414.605   241.68  176.15
-117738.746   495.445   282.26  193.41
-117452.341   588.280   324.14  189.59
-117165.936   669.008   281.87  160.42
-116879.533   727.909   205.66  116.55
-116593.130   763.719   125.03   69.50
-116306.729   775.353    40.62   48.02
-116020.329   762.959   -43.28   62.45
-115733.930   733.487  -102.91   80.13
-115447.533   697.195  -126.72   91.78
-115161.136   652.395  -156.43   99.00
-114874.740   604.304  -167.92  103.01
-114588.346   556.916  -165.46  103.03
-114301.953   510.916  -160.62   97.68
-114015.560   462.782  -168.07   85.07
-113729.169   422.805  -139.59   69.85
-113442.779   387.391  -123.66   56.59
-113156.391   357.422  -104.64   46.67
-112870.003   333.408   -83.85   38.54
-112583.616   317.612   -55.16   32.89
-112297.231   307.690   -34.65   30.07
-112010.846   304.422   -11.41   34.01
-111724.463   305.980     5.44   44.51
-111438.081   308.596     9.14   55.10
-111151.700   310.076     5.17   63.71
-110865.320   304.427   -19.73   62.45
-110578.941   292.909   -40.22   59.00
-110292.563   275.360   -61.28   52.48
-110006.187   258.698   -58.18   46.69
-109719.811   242.205   -57.59   42.89
-109433.437   225.412   -58.64   38.89
-109147.064   210.320   -52.70   35.68
-108860.692   197.167   -45.93   32.19
-108574.321   184.427   -44.49   29.34
-108287.951   174.469   -34.77   25.16
-108001.582   163.568   -38.07   19.23
-107715.214   154.381   -32.08   17.18
-107428.848   145.798   -29.97   15.66
-107142.482   138.834   -24.32   14.57
-106856.118   131.623   -25.18   13.24
-106569.755   125.013   -23.08   11.49
-106283.393   119.837   -18.08    9.48
-105997.032   115.856   -13.90    8.50
-105710.672   112.320   -12.35    7.55
-105424.313   109.571    -9.60    6.03
-105137.956   108.007    -5.46    4.95
-104851.599   106.781    -4.28    3.92
-104565.244   105.370    -4.93    3.44
-104278.890   103.704    -5.82    4.35
-103992.537   101.557    -7.50    6.53
-103706.185    98.405   -11.01    8.26
-103419.834    94.261   -14.47    9.41
-103133.484    89.106   -18.00   10.92
-102847.135    83.994   -17.85   10.34
-102560.788    81.930    -7.21    8.63
-102274.441    81.895    -0.12    8.88
-101988.096    83.396     5.24   10.56
-101701.752    86.721    11.61   12.88
-101415.409    92.346    19.64   13.95
-101129.067    98.252    20.63   11.88
-100842.726   102.125    13.53    9.68
-100556.386   104.702     9.00    7.99
-100270.047   107.555     9.96    6.95
 -99983.710   111.567    14.01    9.54
 -99697.374   116.781    18.21   14.69
 -99411.038   125.350    29.92   24.55
 -99124.704   135.361    34.96   30.44
 -98838.371   146.946    40.46   34.54
 -98552.039   159.931    45.35   37.13
 -98265.708   172.544    44.05   37.43
 -97979.379   183.986    39.96   37.58
 -97693.050   195.393    39.84   36.18
 -97406.723   202.244    23.93   31.48
 -97120.396   204.824     9.01   28.52
 -96834.029   203.487    -4.67   27.42
 -96547.384   196.537   -24.25   27.91
 -96260.740   186.113   -36.36   28.92
 -95974.098   174.592   -40.19   25.50
 -95687.458   164.301   -35.90   17.42
 -95400.820   160.304   -13.95   13.64
 -95114.184   160.658     1.23   14.10
 -94827.549   163.001     8.17   15.17
 -94540.917   166.041    10.61   15.02
 -94254.286   169.269    11.26   13.58
 -93967.657   169.842     2.00   13.42
 -93681.030   166.336   -12.23   17.73
 -93394.405   157.994   -29.11   21.34
 -93107.781   147.490   -36.65   22.44
 -92821.160   136.660   -37.78   22.11
 -92534.540   126.490   -35.48   20.76
 -92247.922   116.476   -34.94   19.28
 -91961.306   105.572   -38.04   21.58
 -91674.692    93.462   -42.25   24.94
 -91388.080    81.776   -40.78   25.10
 -91101.470    70.735   -38.52   22.18
 -90814.861    61.129   -33.51   17.28
 -90528.254    53.548   -26.45   11.18
 -90241.649    48.770   -16.67    6.18
 -89955.046    46.007    -9.64    4.61
 -89668.445    43.888    -7.39    4.73
 -89381.846    41.966    -6.71    4.64
 -89095.248    40.473    -5.21    4.02
 -88808.652    37.455   -10.53    6.75
 -88522.058    33.746   -12.94    9.09
 -88235.466    30.022   -12.99   10.29
 -87948.876    26.306   -12.97   10.30
 -87662.288    22.438   -13.50    8.91
 -87375.702    19.370   -10.71    6.12
 -87089.117    17.264    -7.35    1.80
 -86802.534    16.980    -0.99    0.00
 -86515.953    16.980     0.00    0.00
 -86229.374    16.980     0.00    0.00
 -85942.797    16.980     0.00    0.00
 -85656.221    16.980     0.00    0.00
 -85369.648    16.980     0.00    0.00
 -85083.076    16.980     0.00    0.00
 -84796.506    16.980     0.00    0.00
 -84509.938    16.980     0.00    0.00
 -84223.372    16.980     0.00    0.00
 -83936.808    16.980     0.00    0.00
 -83650.245    16.980     0.00    0.00
 -83363.685    16.980     0.00    0.00
 -83077.126    16.980     0.00    0.00
 -82790.569    16.980     0.00    0.00
 -82504.014    16.980     0.00    0.00
 -82217.460    16.980     0.00    0.00
 -81930.909    16.980     0.00    0.00
 -81644.359    18.374     4.87    4.92
 -81357.812    21.423    10.64    8.37
 -81071.266    24.811    11.82    9.82
 -80784.722    28.514    12.93   10.32
 -80498.179    31.797    11.45    9.71
 -80211.639    34.756    10.33    8.00
 -79925.101    37.042     7.98    5.67
 -79638.564    38.214     4.09    3.37
 -79352.029    38.306     0.32    3.09
 -79065.496    38.401     0.33    2.66
 -78778.965    38.247    -0.54    2.29
 -78492.436    37.864    -1.34    1.98
 -78205.908    37.662    -0.70    1.62
 -77919.382    37.573    -0.31    1.39
 -77632.859    37.462    -0.39    1.30
 -77346.337    37.663     0.70    1.40
 -77059.817    38.207     1.90    2.26
 -76773.298    39.391     4.13    3.72
 -76486.782    41.294     6.64    5.46
 -76200.267    44.292    10.46    7.39
 -75913.755    47.200    10.15    8.05
 -75627.244    50.836    12.69    7.93
 -75340.735    54.311    12.13    7.10
 -75054.228    57.306    10.46    5.90
 -74767.722    59.844     8.86    6.24
 -74481.219    62.646     9.78    7.23
 -74194.717    66.167    12.29    7.47
 -73908.217    69.564    11.86    6.25
 -73621.719    72.238     9.33    5.19
 -73335.223    74.254     7.04    4.26
 -73048.729    75.737     5.17    3.98
 -72762.236    77.444     5.96    4.93
 -72475.746    79.546     7.34    6.58
 -72189.257    82.684    10.95    8.46
 -71902.770    87.071    15.31    9.65
 -71616.285    91.417    15.17    9.80
 -71329.802    95.858    15.50    8.81
 -71043.320    99.340    12.15    6.91
 -70756.841   101.388     7.15    5.63
 -70470.363   101.850     1.61    5.22
 -70183.887   101.322    -1.84    5.56
 -69897.413    99.831    -5.21    6.44
 -69610.941    97.408    -8.46    7.76
 -69324.470    95.308    -7.33    7.40
 -69038.002    93.469    -6.42    6.43
 -68751.535    91.994    -5.15    5.52
 -68465.070    91.180    -2.84    4.52
 -68178.607    90.773    -1.42    4.16
 -67892.146    91.097     1.13    3.87
 -67605.687    91.027    -0.24    4.58
 -67319.230    89.945    -3.78    5.16
 -67032.774    89.815    -0.45    5.45
 -66746.320    90.497     2.38    5.66
 -66459.868    91.084     2.05    5.50
 -66173.418    90.924    -0.56    5.26
 -65886.970    90.944     0.07    5.20
 -65600.523    91.931     3.44    5.11
 -65314.079    92.369     1.53    5.29
 -65027.636    92.113    -0.89    5.23
 -64741.195    92.705     2.07    5.43
 -64454.756    94.646     6.78    6.10
 -64168.319    96.931     7.98    7.11
 -63881.884   100.042    10.86    8.01
 -63595.450   103.534    12.19    9.17
 -63309.018   107.952    15.43   10.47
 -63022.588   113.102    17.98   10.15
 -62736.160   116.769    12.80    9.15
 -62449.734   120.260    12.19    8.54
 -62163.310   123.313    10.66    8.05
 -61876.887   125.801     8.69    6.71
 -61590.467   125.930     0.45    6.28
 -61304.048   124.758    -4.09    5.95
 -61017.631   124.332    -1.49    5.65
 -60731.216   124.016    -1.11    5.97
 -60444.803   123.665    -1.22    6.80
 -60158.391   123.566    -0.35    7.64
 -59871.982   123.653     0.30    7.87
 -59585.574   123.946     1.02    7.99
 -59299.168   124.374     1.50    7.38
 -59012.764   124.439     0.22    6.09
 -58726.362   124.138    -1.05    4.89
 -58439.961   123.139    -3.49    4.26
 -58153.563   122.036    -3.85    4.12
 -57867.166   120.742    -4.52    4.00
 -57580.771   119.500    -4.33    4.00
 -57294.378   118.327    -4.10    3.74
 -57007.987   117.128    -4.19    3.44
 -56721.597   116.164    -3.36    3.81
 -56435.210   114.854    -4.58    4.43
 -56148.824   113.042    -6.33    4.91
 -55862.440   110.511    -8.84    5.86
 -55576.058   108.206    -8.05    6.12
 -55289.678   106.021    -7.63    6.18
 -55003.300   103.184    -9.91    8.00
 -54716.923   100.782    -8.39    9.30
 -54430.549    99.628    -4.03    9.31
 -54144.176    98.765    -3.01    9.13
 -53857.805    97.937    -2.89    8.77
 -53571.436    96.258    -5.86    8.60
 -53285.068    94.830    -4.99    9.16
 -52998.703    92.778    -7.16   10.72
 -52712.339    88.824   -13.81   12.61
 -52425.977    82.778   -21.11   13.76
 -52139.618    77.267   -19.24   14.46
 -51853.259    70.932   -22.12   14.55
 -51566.903    64.585   -22.17   13.76
 -51280.549    58.191   -22.33   12.56
 -50994.196    51.362   -23.85   10.96
 -50707.845    47.063   -15.01    9.81
 -50421.497    45.071    -6.96   10.28
 -50135.149    44.175    -3.13   11.69
 -49848.804    44.297     0.42   12.53
 -49562.461    45.035     2.58   12.91
 -49276.119    45.797     2.66   12.24
 -48989.780    45.686    -0.39   11.41
 -48703.442    44.099    -5.54   11.30
 -48417.106    41.507    -9.05   11.67
 -48130.771    37.744   -13.15   12.16
 -47844.439    32.754   -17.43   11.98
 -47558.109    27.592   -18.03   12.07
 -47271.780    24.311   -11.46   11.22
 -46985.453    22.704    -5.61    9.72
 -46699.128    21.834    -3.04    9.27
 -46412.805    21.108    -2.53    9.27
 -46126.483    21.829     2.52    9.87
 -45840.164    23.215     4.84   10.29
 -45553.846    25.594     8.31    9.20
 -45267.530    26.980     4.84    7.97
 -44981.216    27.480     1.75    7.94
 -44694.904    27.276    -0.71    8.47
 -44408.594    26.993    -0.99    8.75
 -44122.286    26.986    -0.02    8.43
 -43835.979    27.363     1.32    8.06
 -43549.674    28.322     3.35    7.40
 -43263.371    29.225     3.15    6.69
 -42977.070    29.146    -0.27    5.77
 -42690.771    27.777    -4.78    5.97
 -42404.473    26.008    -6.18    6.28
 -42118.178    23.768    -7.82    7.65
 -41831.884    21.205    -8.95    7.88
 -41545.592    17.742   -12.10    8.10
 -41259.302    13.994   -13.09    8.24
 -40973.014    10.980   -10.53    7.50
 -40686.727     8.778    -7.69    6.53
 -40400.443     8.541    -0.83    6.98
 -40114.160     9.570     3.59    8.45
 -39827.879    10.911     4.68    9.55
 -39541.600    12.302     4.86    9.72
 -39255.323    12.514     0.74    9.39
 -38969.047    12.008    -1.77    9.06
 -38682.774    10.847    -4.06    8.23
 -38396.502     9.101    -6.10    7.63
 -38110.232     8.235    -3.03    7.73
 -37823.964     7.332    -3.16    7.42
 -37537.698     5.793    -5.38    6.40
 -37251.433     4.651    -3.99    5.98
 -36965.171     3.702    -3.32    5.59
 -36678.910     2.973    -2.55    5.23
 -36392.651     2.931    -0.15    5.56
 -36106.394     3.864     3.26    6.37
 -35820.139     3.870     0.02    6.33
 -35533.886     3.810    -0.21    6.16
 -35247.634     3.745    -0.23    5.78
 -34961.282     3.008    -2.58    4.76
 -34674.558     2.526    -1.68    4.40
 -34387.838     2.501    -0.09    4.44
 -34101.119     2.684     0.64    5.06
 -33814.404     2.582    -0.35    5.10
 -33527.691     3.057     1.65    5.68
 -33240.980     3.359     1.05    5.54
 -32954.272     3.226    -0.46    5.11
 -32667.567     2.369    -2.99    4.09
 -32380.864     1.418    -3.32    3.03
 -32094.164     0.735    -2.38    2.09
 -31807.466     0.679    -0.20    1.86
 -31520.771     1.114     1.52    2.61
 -31234.079     1.930     2.85    3.30
 -30947.389     2.423     1.72    3.63
 -30660.702     2.980     1.94    3.81
 -30374.017     4.111     3.95    4.71
 -30087.335     5.165     3.68    5.58
 -29800.655     6.694     5.33    6.91
 -29513.978     8.545     6.46    7.52
 -29227.303    10.792     7.84    7.70
 -28940.631    12.195     4.90    6.74
 -28653.962    12.536     1.19    6.73
 -28367.295    11.440    -3.82    6.81
 -28080.631    10.158    -4.47    6.21
 -27793.969     8.986    -4.09    5.81
 -27507.310     8.626    -1.26    5.77
 -27220.654     8.363    -0.92    5.49
 -26934.000     8.714     1.22    5.45
 -26647.348    10.200     5.18    5.92
 -26360.700    12.085     6.58    6.62
 -26074.053    13.529     5.04    6.85
 -25787.410    13.844     1.10    7.49
 -25500.769    13.895     0.18    7.73
 -25214.130    14.592     2.43    7.44
 -24927.494    14.480    -0.39    7.37
 -24640.861    13.187    -4.51    6.51
 -24354.230    12.603    -2.04    6.12
 -24067.602    14.042     5.02    6.94
 -23780.976    16.250     7.70    6.47
 -23494.353    16.508     0.90    6.04
 -23207.732    16.120    -1.35    6.31
 -22921.114    15.416    -2.46    6.24
 -22634.499    14.254    -4.05    5.65
 -22347.886    13.473    -2.73    6.07
 -22061.275    12.952    -1.82    6.30
 -21774.668    13.329     1.32    6.55
 -21488.063    14.218     3.10    6.91
 -21201.460    13.849    -1.29    7.49
 -20914.860    12.455    -4.86    7.50
 -20628.262    12.637     0.63    8.78
 -20341.668    14.512     6.54    9.81
 -20055.075    16.597     7.28   10.31
 -19768.485    17.548     3.32   10.65
 -19481.898    17.704     0.54   10.49
 -19195.314    18.343     2.23   10.26
 -18908.732    16.361    -6.92   10.75
 -18622.152    14.211    -7.50    9.55
 -18335.575    13.504    -2.47    9.58
 -18049.001    13.152    -1.23   10.17
 -17762.429    13.224     0.25   10.16
 -17475.860    12.653    -1.99    9.72
 -17189.293    13.519     3.02    9.24
 -16902.729    13.572     0.19    8.82
 -16616.167    12.987    -2.04    8.69
 -16329.608    12.600    -1.35    8.73
 -16043.052    12.877     0.97    9.97
 -15756.498    12.480    -1.39   10.86
 -15469.947    11.202    -4.46   11.31
 -15183.398     9.761    -5.03   11.74
 -14896.852    10.684     3.22   12.58
 -14610.308    13.585    10.13   14.10
 -14323.767    16.149     8.95   14.83
 -14037.229    14.689    -5.09   14.26
 -13750.693    11.778   -10.16   13.48
 -13464.160    10.966    -2.83   13.72
 -13177.629     9.821    -4.00   13.50
 -12891.101     6.721   -10.82   12.01
 -12604.575     2.709   -14.00    7.21
 -12318.052     1.106    -5.59    2.73
 -12031.531     2.959     6.46    6.85
 -11745.013     6.294    11.64   10.44
 -11458.498     9.036     9.57   11.36
 -11171.985    10.299     4.41   11.24
 -10885.475    10.070    -0.80   11.03
 -10598.967     8.918    -4.02   10.86
 -10312.462     7.769    -4.01   11.09
 -10025.960     5.585    -7.62    9.90
  -9739.460     4.808    -2.71    7.86
  -9452.962     6.675     6.51    9.33
  -9166.467     9.476     9.78    9.89
  -8879.975    12.015     8.86    9.27
  -8593.485    14.244     7.78    8.19
  -8306.998    15.022     2.72    7.15
  -8020.513    14.061    -3.35    8.06
  -7734.031    10.986   -10.73    8.52
  -7447.552     7.589   -11.86    7.98
  -7161.075     4.905    -9.37    7.08
  -6874.600     2.245    -9.28    4.73
  -6588.129     0.672    -5.49    1.86
  -6301.659     0.156    -1.80    0.76
  -6015.193     0.001    -0.54    0.15
  -5728.728     0.071     0.24    0.37
  -5442.267     0.268     0.69    0.81
  -5155.808     0.535     0.93    1.22
  -4869.351     0.869     1.16    1.73
  -4582.898     1.254     1.34    2.19
  -4296.446     1.614     1.26    2.40
  -4009.997     2.056     1.54    2.69
  -3723.551     2.895     2.93    3.82
  -3437.108     4.343     5.06    5.46
  -3150.667     5.951     5.61    6.69
  -2864.228     8.085     7.45    7.50
  -2577.792    10.532     8.54    7.52
  -2291.359    11.656     3.92    7.19
  -2004.928    10.924    -2.55    7.48
  -1718.500     9.151    -6.19    7.93
  -1432.074     6.483    -9.31    7.60
  -1145.651     3.782    -9.43    6.32
   -859.230     1.660    -7.41    4.33
   -572.812     0.171    -5.20    0.96
   -286.397    -0.020    -0.67    0.00
      0.016    -0.013     0.02    0.08
    286.427     0.111     0.43    0.53
    572.835     0.211     0.35    0.61
    859.240     0.279     0.24    0.65
   1145.642     0.531     0.88    0.99
   1432.043     1.623     3.82    3.50
   1718.440     4.035     8.42    6.56
   2004.835     6.401     8.26    7.59
   2291.228     8.412     7.02    7.64
   2577.617    10.462     7.16    7.12
   2864.005    12.537     7.25    6.67
   3150.390    13.257     2.52    6.78
   3436.772    11.946    -4.58    7.49
   3723.151     9.076   -10.02    7.54
   4009.529     6.567    -8.76    7.42
   4295.903     4.250    -8.09    6.52
   4582.275     2.240    -7.02    4.84
   4868.644     1.775    -1.62    6.47
   5155.011     4.251     8.65   12.86
   5441.376     7.508    11.37   16.19
   5727.737    11.965    15.57   18.51
   6014.096    16.674    16.44   19.39
   6300.453    20.625    13.80   18.88
   6586.807    24.199    12.48   17.18
   6873.159    27.299    10.83   14.78
   7159.508    28.778     5.17   10.97
   7445.854    29.680     3.15    8.52
   7732.198    30.099     1.47    8.53
   8018.539    31.339     4.33    8.84
   8304.878    33.705     8.26    8.84
   8591.214    36.606    10.13    8.10
   8877.548    37.660     3.68    7.27
   9163.879    37.559    -0.35    6.96
   9450.207    36.350    -4.22    7.20
   9736.533    34.421    -6.74    8.03
  10022.856    31.113   -11.56    9.44
  10309.177    26.980   -14.43   10.02
  10595.496    23.270   -12.95    8.76
  10881.811    20.490    -9.71    6.90
  11168.124    18.965    -5.33    5.19
  11454.435    19.035     0.24    5.31
  11740.743    20.315     4.47    5.88
  12027.049    21.898     5.53    5.80
  12313.351    23.449     5.42    5.57
  12599.652    25.124     5.85    5.97
  12885.950    26.260     3.97    6.46
  13172.245    26.722     1.61    6.59
  13458.538    27.095     1.30    6.50
  13744.828    27.287     0.67    6.38
  14031.115    27.742     1.59    6.60
  14317.400    28.828     3.79    7.43
  14603.683    30.589     6.15    8.05
  14889.963    32.585     6.97    8.28
  15176.240    34.157     5.49    7.93
  15462.515    35.206     3.66    7.00
  15748.787    35.177    -0.10    5.93
  16035.057    34.639    -1.88    4.71
  16321.324    34.639     0.00    4.23
  16607.589    34.726     0.30    4.05
  16893.851    35.221     1.73    4.46
  17180.110    36.035     2.85    4.68
  17466.367    36.718     2.38    4.39
  17752.621    37.442     2.53    3.29
  18038.873    37.718     0.96    2.86
  18325.123    37.308    -1.43    3.16
  18611.369    36.184    -3.93    4.22
  18897.613    34.329    -6.48    5.55
  19183.855    32.195    -7.46    6.64
  19470.094    30.444    -6.12    6.92
  19756.331    28.578    -6.52    6.19
  20042.564    26.994    -5.54    4.87
  20328.796    25.744    -4.37    3.84
  20615.025    25.221    -1.83    3.65
  20901.251    25.635     1.45    4.21
  21187.475    26.459     2.88    5.26
  21473.696    27.455     3.48    6.62
  21759.915    28.142     2.40    7.62
  22046.131    28.258     0.41    8.50
  22332.344    27.754    -1.76    9.23
  22618.555    26.001    -6.13    9.72
  22904.763    24.245    -6.13    9.69
  23190.969    22.122    -7.42    8.79
  23477.173    20.497    -5.68    8.20
  23763.373    19.619    -3.07    8.28
  24049.572    19.966     1.21    8.95
  24335.767    20.966     3.49    9.66
  24621.960    21.534     1.98    9.97
  24908.151    21.001    -1.86   10.31
  25194.339    19.663    -4.68   10.20
  25480.524    17.788    -6.55    9.88
  25766.707    16.503    -4.49    9.79
  26052.888    14.789    -5.99    9.78
  26339.065    13.295    -5.22    9.52
  26625.241    11.905    -4.86    8.98
  26911.604    11.278    -2.19    8.01
  27198.407    11.144    -0.47    7.27
  27485.206    10.866    -0.97    6.71
  27772.002    10.620    -0.86    6.33
  28058.795    10.315    -1.06    6.56
  28345.584     9.685    -2.20    6.64
  28632.370     8.810    -3.05    6.15
  28919.153     7.869    -3.28    5.27
  29205.932     7.113    -2.64    4.00
  29492.708     6.937    -0.61    3.05
  29779.481     6.665    -0.95    2.15
  30066.251     7.001     1.17    2.22
  30353.017     7.560     1.95    2.30
  30639.780     8.036     1.66    2.53
  30926.540     8.369     1.16    2.82
  31213.296     8.552     0.64    2.96
  31500.049     8.660     0.38    2.90
  31786.799     8.789     0.45    2.80
  32073.545     8.642    -0.52    2.67
  32360.288     8.394    -0.86    2.52
  32647.028     7.802    -2.07    2.89
  32933.765     7.318    -1.69    3.44
  33220.498     6.973    -1.20    3.60
  33507.228     6.757    -0.75    3.76
  33793.955     6.804     0.16    3.67
  34080.678     6.689    -0.40    3.55
  34367.399     6.754     0.23    3.21
  34654.115     6.896     0.49    2.92
  34940.829     6.980     0.29    2.96
  35227.539     7.150     0.59    3.09
  35514.246     7.091    -0.21    3.17
  35800.950     6.832    -0.90    3.45
  36087.650     6.459    -1.30    3.58
  36374.347     5.909    -1.92    3.50
  36661.041     5.280    -2.19    3.18
  36947.731     4.798    -1.68    2.74
  37234.419     4.381    -1.45    2.41
  37521.102     4.259    -0.43    2.22
  37807.783     4.260     0.01    2.18
  38094.460     4.322     0.22    2.15
  38381.134     4.537     0.75    2.04
  38667.805     4.713     0.62    1.99
  38954.472     4.608    -0.37    2.26
  39241.137     4.439    -0.59    2.55
  39527.797     3.959    -1.67    2.85
  39814.455     3.551    -1.42    3.02
  40101.109     3.101    -1.57    3.12
  40387.760     2.637    -1.62    2.79
  40674.408     2.199    -1.53    2.46
  40961.052     2.037    -0.57    2.19
  41247.693     2.235     0.69    2.20
  41534.331     2.524     1.01    2.12
  41820.966     2.816     1.02    2.02
  42107.597     3.082     0.93    2.07
  42394.225     3.238     0.55    2.14
  42680.849     3.451     0.74    2.19
  42967.471     3.760     1.08    2.33
  43254.089     4.320     1.95    2.33
  43540.703     4.651     1.15    2.34
  43827.315     4.699     0.17    2.36
  44113.923     4.600    -0.34    2.44
  44400.528     4.237    -1.27    2.52
  44687.130     3.958    -0.97    2.61
  44973.728     3.761    -0.69    2.65
  45260.323     3.761     0.00    2.73
  45546.915     4.178     1.45    2.91
  45833.503     4.518     1.19    3.09
  46120.088     5.097     2.02    3.04
  46406.670     5.651     1.93    2.87
  46693.249     5.980     1.15    2.80
  46979.824     6.008     0.10    2.81
  47266.396     5.966    -0.15    2.89
  47552.965     5.916    -0.17    3.06
  47839.530     6.001     0.29    3.14
  48126.092     5.959    -0.15    3.13
  48412.651     6.028     0.24    3.18
  48699.207     6.118     0.31    3.19
  48985.759     6.259     0.49    3.04
  49272.308     6.494     0.82    2.98
  49558.854     6.710     0.76    2.89
  49845.396     6.994     0.99    2.80
  50131.935     7.198     0.71    2.72
  50418.471     7.485     1.00    2.74
