# NaN NaN NaN ;Mean Elev.(m), Avg Gradient(m/km), RMS Gradient(m/km) - SRTM1     
#  -24.992   0.486   3.885 ;Mean Elev.(m), Avg Gradient(m/km), RMS Gradient(m/km) - ASTER GDEM
#    1.059   0.001   0.883 ;Mean Elev.(m), Avg Gradient(m/km), RMS Gradient(m/km) - GMTED2010 
   1  65.831122  65.760944     7.570     7.547  5 54664.40478762 29.307
   2  65.815147  65.763057     6.965     6.906 11 54674.32043085 43.293
   3  65.817077  65.764323     1.627     1.617 11 54684.23607435 23.111
   4  65.821301  65.764931     5.608     5.679 11 54694.15171669 41.788
   5  65.819314  65.764510     4.412     4.482 11 54704.06735600 48.034
   6  65.814706  65.762522     5.993     6.035 10 54713.98300619 31.015
   7  65.808620  65.760721     5.080     5.148 10 54723.89865629 33.666
   8  65.805308  65.760081     6.191     6.293 10 54733.81430431 28.282
   9  65.809590  65.760801     6.239     6.161 11 54743.72995158 30.695
  10  65.812622  65.761720     3.147     3.165 10 54753.64559837 43.236
  11  65.829270  65.760261    75.886    71.619  4 54763.56124586  5.848
  12  65.806988  65.760132     3.411     3.436 10 54773.47688714 47.356
  13  65.805820  65.758736     4.136     4.054 10 54783.39252768 47.051
  14  65.805071  65.759085     3.446     3.303  9 54793.30816603 39.404
  15  65.810771  65.760771     4.316     4.298 10 54803.22380393 21.416
  16  65.813197  65.762489     5.774     5.739 10 54813.13944127 15.529
  17  65.815004  65.762770     4.097     4.134 10 54823.05508481 15.166
  18  65.813083  65.761914     4.689     4.467 10 54832.97072495 14.908
  19  65.812626  65.761601     5.096     4.630 11 54842.88637503 15.303
  20  65.812640  65.762587     5.052     4.907 11 54852.80202395 14.490
  21  65.818389  65.763856     4.720     4.453 11 54862.71767307 14.325
  22  65.818544  65.764567     5.147     5.123 11 54872.63332162 14.065
  23  65.815380  65.763601     5.063     5.042 11 54882.54896787 13.876
  24  65.811208  65.761238     5.363     5.077 10 54892.46461075 14.131
  25  65.804752  65.759455     6.812     6.826  9 54902.38025063 13.777
  26  65.805278  65.759436     6.853     6.870 10 54912.29588965 14.254
  27  65.811244  65.760690     6.567     6.615 10 54922.21152816 15.646
  28  65.812682  65.762123     5.708     5.709 10 54932.12716554 15.276
  29  65.812700  65.761884    13.471    13.169 10 54942.04280120 11.506
  30  65.807027  65.760690     7.834     7.886 10 54951.95843460  8.756
  31  65.805265  65.759122     4.527     4.495 10 54961.87407670 33.916
  32  65.805164  65.759416     6.483     6.528  9 54971.78972533 30.135
  33  65.810860  65.760795     7.680     7.649 10 54981.70537333 30.661
  34  65.812634  65.762526     7.577     7.529 10 54991.62102063 27.825
  35  65.814738  65.762703     7.736     7.687 11 55001.53666750 33.587
  36  65.813428  65.762353     7.246     7.232 10 55011.45231229 28.273
  37  65.813141  65.761814     7.128     7.082 11 55021.36795572 29.020
  38  65.812645  65.762618     6.718     6.572 11 55031.28359808 32.123
  39  65.818105  65.763597     6.206     6.104 11 55041.19924030 33.731
  40  65.819172  65.764484     5.773     5.674 12 55051.11488066 29.893
  41  65.820136  65.763473     5.701     5.678 11 55061.03051892 32.511
  42  65.810823  65.761620     4.617     4.200 10 55070.94616013 45.440
  43  65.806963  65.759421     5.324     5.305 10 55080.86180885 33.536
  44  65.803525  65.759228     6.173     6.214 10 55090.77745576 27.865
  45  65.805422  65.760537     6.110     6.131 10 55100.69310228 29.210
  46  65.810309  65.761874     5.997     6.010 10 55110.60874861 32.696
  47  65.812327  65.761647     6.080     6.123 11 55120.52439292 28.793
  48  65.805999  65.760257     5.152     5.025 10 55130.44003381 27.461
  49  65.802379  65.758632     3.448     3.379 10 55140.35567299 46.460
  50  65.803399  65.758824     2.216     2.235  9 55150.27131163 32.234
  51  65.809048  65.760695     2.943     2.433 11 55160.18695055 28.031
  52  65.813789  65.762695     3.554     3.696 11 55170.10258899 22.142
  53  65.818503  65.763288     3.673     3.620 11 55180.01822620 18.765
  54  65.816131  65.762611     3.760     3.541 11 55189.93387340 17.042
  55  65.812422  65.762330     4.095     4.075 11 55199.84952352 17.049
  56  65.815930  65.762466     3.872     3.729 11 55209.76517351 16.737
  57  65.817125  65.763371     3.772     3.734 11 55219.68082277 15.974
  58  65.816092  65.763331     3.695     3.725 11 55229.59647094 15.315
  59  65.813564  65.762296     3.613     3.522 10 55239.51211582 14.979
  60  65.808796  65.760511     4.203     4.367 10 55249.42775695 14.973
  61  65.804600  65.759313     4.673     4.670 10 55259.34339579 15.353
  62  65.803515  65.759479     5.620     5.306 10 55269.25903414 14.890
  63  65.807241  65.760554     5.316     5.157 10 55279.17467273 14.200
  64  65.810668  65.761465     6.177     6.243 11 55289.09031002 14.738
  65  65.811455  65.761600     6.730     6.672 11 55299.00594471 15.260
  66  65.811000  65.760221     3.284     2.518 10 55308.92158855 12.517
  67  65.804354  65.759372     4.201     3.766 10 55318.83723401 35.105
  68  65.806317  65.759306     6.428     6.308  9 55328.75287916 44.620
  69  65.807827  65.760853     7.397     7.308 10 55338.66852371 32.373
  70  65.813677  65.762251     7.214     7.202 11 55348.58416828 32.011
  71  65.813420  65.763168     6.970     6.899 11 55358.49981044 30.970
  72  65.815302  65.762932     6.834     6.701 10 55368.41545075 31.136
  73  65.814376  65.762779     6.478     6.429 10 55378.33108934 32.676
  74  65.815988  65.763014     6.707     6.627 11 55388.24672740 52.323
  75  65.818564  65.763396     6.479     6.408 11 55398.16236461 35.328
  76  65.816888  65.763246     6.595     6.573 10 55408.07800911 43.811
  77  65.813779  65.761915     6.002     5.956 10 55417.99365983 29.370
  78  65.809867  65.760214     6.097     6.129 10 55427.90930702 37.469
  79  65.805822  65.759539     5.979     5.937  9 55437.82495146 34.052
  80  65.806437  65.759867     6.129     6.157  9 55447.74059491 26.179
  81  65.808214  65.760644     5.529     5.966 10 55457.65623812 29.436
  82  65.811005  65.761034     6.038     6.051 10 55467.57188074 29.929
  83  65.807591  65.760896     6.234     6.229 10 55477.48751957 30.313
  84  65.809209  65.759975     5.865     6.017 10 55487.40315575 34.523
  85  65.807393  65.759647     6.118     6.094 10 55497.31878938 28.030
  86  65.810664  65.760287     5.165     5.900 10 55507.23442663 36.810
  87  65.811048  65.761410     4.268     4.120 10 55517.15007707 46.171
  88  65.814239  65.762371     2.960     2.965 10 55527.06572686 32.922
  89  65.815500  65.762707     2.573     2.603 10 55536.98137450 28.133
  90  65.815433  65.762667     2.782     2.782 11 55546.89701980 21.205
  91  65.816134  65.762719     3.291     3.215 11 55556.81266334 19.299
  92  65.815040  65.763242     3.233     3.254 11 55566.72830581 19.636
  93  65.816573  65.763083     2.880     2.962 10 55576.64394784 21.352
  94  65.813546  65.762173     3.413     3.343 11 55586.55958758 19.306
  95  65.809270  65.760873     3.594     3.630 10 55596.47522405 18.511
  96  65.806667  65.760120     3.466     3.572 10 55606.39085765 19.408
  97  65.807950  65.760254     3.309     3.150  9 55616.30648952 18.916
  98  65.812384  65.760976     3.181     3.126 10 55626.22213245 16.203
  99  65.811442  65.761372     3.179     3.095 10 55636.13778431 15.619
 100  65.807944  65.761206     3.434     3.358 10 55646.05343389 13.377
 101  65.810224  65.759946     3.438     3.211 10 55655.96908126 13.672
 102  65.806741  65.759569     7.319     7.133  9 55665.88472358 11.096
 103  65.808632  65.759791     4.704     4.544 10 55675.80036340 36.242
 104  65.812040  65.760888     6.191     6.144 10 55685.71600155 41.956
 105  65.812066  65.762330     7.368     7.319 11 55695.63163821 33.717
 106  65.814555  65.763040     7.181     7.132 11 55705.54727386 30.411
 107  65.814448  65.762889     7.121     7.115 10 55715.46292221 51.928
 108  65.813554  65.762774     6.854     6.604 11 55725.37857099 30.983
 109  65.815784  65.763012     6.604     6.626 11 55735.29421818 36.339
 110  65.816669  65.763528     6.294     6.140 11 55745.20986398 33.183
 111  65.816600  65.763230     5.836     5.829 11 55755.12550804 28.969
 112  65.811971  65.761948     5.028     4.780 10 55765.04114936 52.056
 113  65.810453  65.759996     6.040     6.054 10 55774.95678814 26.853
 114  65.806278  65.759214     5.897     6.080 10 55784.87242349 25.938
 115  65.807867  65.760185     6.064     6.130 10 55794.78805708 26.051
 116  65.812982  65.761596     5.953     5.938 11 55804.70369550 24.484
 117  65.813681  65.762160     4.200     2.996 10 55814.61934492 30.239
 118  65.812292  65.761165     4.861     4.780 10 55824.53499191 35.586
 119  65.809465  65.759805     4.268     4.588 10 55834.45063416 38.898
 120  65.804157  65.759563     6.101     6.165 10 55844.36627234 26.352
 121  65.806134  65.760677     6.097     6.014 10 55854.28190821 26.674
 122  65.812099  65.762341     4.833     4.526 11 55864.19754703 28.389
 123  65.818444  65.762997     2.605     2.643 11 55874.11320112 42.856
 124  65.814314  65.763240     2.193     2.265 11 55884.02884889 34.597
 125  65.813899  65.762774     2.608     2.484 11 55893.94449085 22.880
 126  65.812707  65.762703     2.146     2.169 11 55903.86012728 23.583
 127  65.815320  65.763239     2.982     3.054 11 55913.77576631 22.880
 128  65.814533  65.763801     2.839     2.660 11 55923.69142023 22.216
 129  65.817838  65.763246     2.662     2.308 11 55933.60707154 21.726
 130  65.813277  65.761583     2.785     2.860 10 55943.52271768 20.474
 131  65.807841  65.759468     2.610     2.390 10 55953.43835946 20.077
 132  65.802997  65.758751     3.370     3.375 10 55963.35399819 20.001
 133  65.806965  65.759689     3.428     3.546  9 55973.26963587 18.302
 134  65.813682  65.761611     3.486     3.533 10 55983.18527258 18.634
 135  65.815240  65.762715     3.036     3.007 11 55993.10090690 18.461
 136  65.811716  65.761726     3.386     3.176 11 56003.01655583 18.010
 137  65.807197  65.759695     3.514     3.477 10 56012.93220489 17.971
 138  65.804419  65.758966     4.817     5.127 10 56022.84785064 18.677
 139  65.807002  65.760197     6.724     6.642 10 56032.76349415 10.137
 140  65.813371  65.762362     2.908     2.885 11 56042.67913585 18.545
 141  65.817002  65.763870     5.239     5.252 11 56052.59477478 27.560
 142  65.818060  65.763886     7.056     7.047 11 56062.51041050 35.388
 143  65.815067  65.762915     6.829     6.745 10 56072.42605063 32.320
 144  65.814028  65.762127     6.362     6.143 10 56082.34170083 29.504
 145  65.813510  65.762549     6.188     6.227 11 56092.25734854 32.360
 146  65.817698  65.763252     5.972     6.036 11 56102.17299440 34.624
 147  65.815675  65.763200     6.279     6.154 10 56112.08862537 32.077
 148  65.812312  65.761839     6.160     6.191 10 56122.00426427 25.816
 149  65.804732  65.760195     6.395     6.568 10 56131.91989900 26.008
 150  65.806491  65.759116     5.889     6.092 10 56141.83553521 25.704
 151  65.805907  65.760031     2.619     2.145 10 56151.75118598 35.214
 152  65.812084  65.761544     1.972     1.641 11 56161.66683560 35.607
 153  65.815820  65.762318     5.959     5.939 11 56171.58248319 23.066
 154  65.811023  65.761774     5.979     6.076 10 56181.49812558 25.040
 155  65.808530  65.760181     6.230     6.265 10 56191.41376441 27.613
 156  65.807287  65.759448     6.508     6.513 10 56201.32940059 26.675
 157  65.809875  65.760827     6.355     6.275 11 56211.24503492 23.123
 158  65.816482  65.763090     5.961     5.927 10 56221.16066770 27.776
 159  65.819628  65.764508     3.918     3.712 12 56231.07632021 28.008
 160  65.817480  65.764306     2.105     2.103 11 56240.99197290 41.380
 161  65.814172  65.763242     1.739     1.771 11 56250.90762143 31.875
 162  65.814178  65.762127     2.055     2.102 11 56260.82326550 30.822
 163  65.813135  65.762368     2.135     2.121 10 56270.73890707 30.169
 164  65.816580  65.762723     3.101     3.196 11 56280.65454730 20.031
 165  65.815827  65.762712     2.929     2.821 11 56290.57019948 20.850
 166  65.810435  65.761594     2.942     3.064 10 56300.48584698 22.823
 167  65.805752  65.759887     3.459     3.481 10 56310.40149048 20.221
 168  65.802981  65.759109     3.869     3.887 10 56320.31713186 20.266
 169  65.804564  65.760051     3.771     3.769 10 56330.23277285 19.538
 170  65.813555  65.761321     3.075     2.915 10 56340.14841386 18.691
 171  65.813863  65.762557     3.377     3.264 11 56350.06405188 16.943
 172  65.811356  65.762114     3.221     3.111 10 56359.97968884 16.933
 173  65.809314  65.760458     3.411     3.399 10 56369.89533882 15.103
 175  65.812367  65.760939     3.666     3.713 10 56389.72663154 14.781
 176  65.815880  65.762895    21.191    21.455 10 56399.64227506  7.838
 177  65.819708  65.764063     4.210     5.217 11 56409.55791605 23.071
 178  65.817916  65.764163     4.903     5.269 11 56419.47355197 38.075
 179  65.817871  65.763311     7.022     7.052 11 56429.38918694 40.469
 180  65.816267  65.762418     7.227     7.176 11 56439.30484028 32.760
 181  65.814718  65.762227     6.975     6.854 11 56449.22049114 32.112
 182  65.815162  65.762263     6.892     6.800 10 56459.13613999 33.583
 183  65.813680  65.761696     6.873     6.728 10 56469.05178536 32.245
 184  65.807712  65.761190     6.616     6.565 10 56478.96742637 29.441
 185  65.810338  65.759992     6.547     6.610 10 56488.88306425 29.395
 186  65.805031  65.760404     6.469     6.492 10 56498.79869881 29.624
 187  65.809168  65.760946     6.534     6.371 10 56508.71433297 27.715
 188  65.812745  65.761872     6.030     6.044 11 56518.62997298 32.185
 189  65.813090  65.762078     5.986     5.895 11 56528.54562696 29.119
 190  65.810665  65.761871     5.882     6.025 10 56538.46127651 25.593
 191  65.812742  65.760875     5.954     6.014 10 56548.37692242 23.540
 192  65.810361  65.761065     5.969     6.054 11 56558.29256539 26.116
 193  65.810984  65.762065     5.887     5.867 10 56568.20820773 22.654
 194  65.816634  65.763388     5.361     5.683 10 56578.12384922 24.144
 195  65.818473  65.764323     2.860     2.822 11 56588.03948671 48.711
 196  65.819153  65.764053     3.764     3.801 11 56597.95512903 40.904
 197  65.817838  65.762950     4.527     4.726 11 56607.87078034 37.739
 198  65.816109  65.762503     3.873     3.859 11 56617.78642663 32.799
 199  65.814140  65.762577     3.958     3.558 11 56627.70206953 31.656
 200  65.814590  65.762446     3.922     4.255 10 56637.61770982 28.366
 201  65.812725  65.761768     4.357     4.159 11 56647.53335201 21.080
 202  65.809740  65.760596     4.972     4.556 10 56657.44900367 20.044
 203  65.807554  65.759880     4.911     4.645  9 56667.36465110 19.488
 204  65.806110  65.760515     5.436     5.449 10 56677.28029601 18.081
 205  65.810207  65.761322     5.553     5.482 10 56687.19594022 17.615
 206  65.812930  65.761825     5.791     5.875 11 56697.11158225 17.289
 207  65.810915  65.761890     5.576     5.703 10 56707.02721927 16.990
 208  65.812267  65.761308     5.853     5.915 10 56716.94285453 16.618
 209  65.809844  65.761164     6.097     6.160 11 56726.85850736 16.560
 210  65.811285  65.761903     3.474     3.216 11 56736.77415652 16.703
 211  65.814881  65.763210     6.801     6.878 11 56746.68980238 12.696
 212  65.820027  65.763768     6.161     6.305 11 56756.60544405 14.793
 213  65.815191  65.764137     4.873     5.393 11 56766.52107904 21.762
 214  65.817429  65.763106     4.467     4.186 11 56776.43672112 17.164
 215  65.815765  65.762522     5.225     5.398 11 56786.35237742 36.416
 216  65.814932  65.762509     7.722     7.615 10 56796.26803019 33.698
 217  65.812887  65.762739     7.435     7.467 11 56806.18367823 30.713
 218  65.812376  65.762139     7.481     7.486 11 56816.09931997 28.810
 219  65.809970  65.760999     7.560     7.469 11 56826.01495807 31.197
 220  65.809066  65.759973     7.615     7.665 10 56835.93059277 31.245
 221  65.809361  65.760324     7.471     7.448 10 56845.84622430 29.137
 222  65.811692  65.761164     7.280     7.284 10 56855.76187225 30.509
 223  65.814219  65.762008     7.222     7.157 10 56865.67752590 28.562
 224  65.813493  65.761981     7.059     6.998 10 56875.59317828 31.895
 225  65.809537  65.761544     6.557     6.384 10 56885.50882727 30.896
 226  65.806849  65.760903     5.167     5.088 10 56895.42447348 42.842
 227  65.809113  65.761071     6.304     6.483 10 56905.34011703 24.135
 228  65.815020  65.762154     5.775     5.751 10 56915.25575874 31.032
 229  65.814813  65.763985     5.770     5.845 11 56925.17139806 26.642
 230  65.820468  65.764450     5.961     5.966 11 56935.08703499 33.008
 231  65.816435  65.764298     3.848     3.838 11 56945.00266579 40.565
 232  65.815714  65.762683     4.848     4.823 10 56954.91831589 42.290
 233  65.812222  65.761954     4.006     4.031 10 56964.83396523 31.475
 234  65.814147  65.762350     3.775     3.662 10 56974.74961043 28.303
 235  65.817798  65.763081     4.117     4.072 11 56984.66525133 24.222
 236  65.816150  65.763057     4.382     4.384 10 56994.58088662 20.989
 237  65.809745  65.761728     4.625     4.649 10 57004.49652580 20.682
 238  65.804859  65.759846     4.740     4.733 10 57014.41218115 19.995
 239  65.805641  65.759455     4.583     4.573  9 57024.32783218 19.127
 240  65.808072  65.761177     4.410     4.489 10 57034.24348091 17.178
 241  65.815826  65.762515     4.124     4.154 11 57044.15912772 17.383
 242  65.814591  65.762927     4.195     4.353 11 57054.07477103 17.479
 243  65.811035  65.761866     4.923     4.899 10 57063.99040951 15.851
 244  65.808153  65.761193     4.800     4.584 10 57073.90604308 15.360
 245  65.813118  65.761713     4.233     4.239 10 57083.82167375 17.265
 246  65.817055  65.763451     3.766     3.467 11 57093.73732473 18.221
 247  65.820659  65.764842     4.010     4.206 11 57103.65298181 18.989
 248  65.820809  65.764921     6.433     6.444 11 57113.56863464 15.692
 249  65.818239  65.763478    27.469    28.010 11 57123.48428120  5.398
 250  65.812647  65.762078     2.638     2.621 10 57133.39992211 15.476
 251  65.813916  65.761498     3.935     3.596 10 57143.31555901 21.318
 252  65.813894  65.762612     6.062     6.118 11 57153.23119296 39.418
 253  65.818670  65.763408     7.546     7.537 11 57163.14682750 30.030
 254  65.817102  65.763000     7.548     7.507 11 57173.06248445 28.744
 255  65.811342  65.761451     7.527     7.441 11 57182.97813793 31.456
 256  65.806777  65.759737     7.591     7.500 10 57192.89378764 33.354
 257  65.803749  65.759636     7.379     7.355 10 57202.80943487 29.195
 258  65.810975  65.760743     7.442     7.399 10 57212.72506951 31.676
 259  65.814504  65.762602     7.345     7.317 10 57222.64071352 29.016
 260  65.815552  65.763226     7.598     7.644 10 57232.55635578 28.924
 261  65.813090  65.762624     7.616     7.630 10 57242.47199504 29.048
 262  65.813449  65.761423     7.864     7.872 10 57252.38763204 33.033
 263  65.810728  65.762046     7.894     7.872 10 57262.30326702 36.169
 264  65.814443  65.763844     7.425     7.316 11 57272.21890222 39.326
 265  65.821105  65.765078     6.113     5.959 12 57282.13456024 35.871
 266  65.821753  65.765139     5.852     5.880 11 57292.05021527 30.970
 267  65.817274  65.763675     6.108     6.056 11 57301.96586663 24.441
 268  65.812148  65.761714     5.582     5.886 10 57311.88151415 22.172
 269  65.808932  65.760856     4.884     4.905 10 57321.79715851 44.677
 270  65.811781  65.761383     5.790     5.719 11 57331.71280106 38.512
 271  65.814822  65.762658     5.061     5.131 11 57341.62844153 30.344
 272  65.815265  65.762468     4.308     4.317 11 57351.54409291 27.140
 273  65.812308  65.761135     4.022     4.062 10 57361.45973728 26.514
 274  65.805644  65.759702     4.109     4.090 10 57371.37537813 24.151
 275  65.806247  65.759539     4.072     4.087 10 57381.29101758 23.619
 276  65.808936  65.761167     4.022     4.021 10 57391.20665644 23.159
 277  65.814952  65.762970     3.949     3.961 11 57401.12229463 22.761
 278  65.817332  65.763608     4.747     4.505 11 57411.03793577 17.922
 279  65.815625  65.762685     4.296     4.149 10 57420.95358779 17.617
 280  65.813634  65.761853     6.190     6.290 11 57430.86923715 19.256
 281  65.814613  65.762061     4.398     4.359 11 57440.78488474 18.102
 282  65.816851  65.763408     4.370     4.099 10 57450.70053148 17.689
 283  65.820336  65.764385     4.795     4.849 11 57460.61617684 19.209
 284  65.821298  65.764374     5.866     5.925 11 57470.53181868 14.540
 285  65.817640  65.763398    22.018    21.981 11 57480.44745611  3.525
 286  65.813064  65.762248     5.769     6.009 10 57490.36309044 12.755
 287  65.811011  65.761902     3.249     3.266 10 57500.27872298 21.268
 288  65.813764  65.762071     5.886     5.901 11 57510.19436892 33.634
 289  65.813739  65.762367     7.980     7.960 10 57520.11002466 37.147
 290  65.813123  65.762303     7.749     7.777 11 57530.02567771 30.388
 291  65.811116  65.761347     7.616     7.518 11 57539.94132741 30.500
 292  65.806191  65.760453     7.663     7.660 10 57549.85697408 30.822
 293  65.809859  65.759854     7.766     7.772 10 57559.77262013 43.666
 294  65.809556  65.760994     7.397     7.319 11 57569.68826513 28.396
 295  65.812481  65.762292     7.473     7.402 11 57579.60391007 36.008
 296  65.815576  65.762957     7.388     7.310 10 57589.51955343 40.778
 297  65.813521  65.762963     6.757     6.778 11 57599.43519364 34.692
