# NaN NaN NaN ;Mean Elev.(m), Avg Gradient(m/km), RMS Gradient(m/km) - SRTM1     
#   -7.640     NaN     NaN ;Mean Elev.(m), Avg Gradient(m/km), RMS Gradient(m/km) - ASTER GDEM
#    1.041  -0.116   0.991 ;Mean Elev.(m), Avg Gradient(m/km), RMS Gradient(m/km) - GMTED2010 
   1  65.890324  65.852227     7.005     6.898  8 54665.33988226 30.559
   2  65.887832  65.853262     6.558     6.368  7 54675.25552675 28.512
   3  65.890342  65.855105     0.873     0.881  6 54685.17117030 25.286
   4  65.889209  65.855885     6.726     6.517  6 54695.08681195 27.661
   5  65.890360  65.854885     3.251     3.174  6 54705.00245124 30.122
   6  65.888064  65.852380     5.520     5.734  7 54714.91810256 32.114
   7  65.890980  65.850409     3.591     3.594  7 54724.83375302 49.210
   8  65.889193  65.849997     5.095     5.653  8 54734.74940104 31.292
   9  65.890523  65.851818     3.959     3.355  7 54744.66504830 32.547
  10  65.889661  65.853343     2.959     3.104  7 54754.58069494 39.292
  11  65.888834  65.852948     6.644     5.236  7 54764.49634055 31.307
  12  65.890792  65.850841     3.265     3.290  8 54774.41198359 49.674
  13  65.890068  65.848888     3.660     3.652  8 54784.32762379 40.195
  14  65.891996  65.849179     3.161     3.193  8 54794.24326243 36.014
  15  65.891399  65.851184     2.918     2.931  8 54804.15890000 32.590
  16  65.890515  65.852838     9.380     9.527  7 54814.07453712 17.992
  17  65.888920  65.853112     6.704     5.018  6 54823.99018159 17.068
  18  65.892165  65.852572    12.055    14.247  7 54833.90582182 16.210
  19  65.888649  65.852393    17.123    18.656  7 54843.82147144 15.810
  20  65.887909  65.853606    16.238    16.615  7 54853.73712039 15.137
  21  65.886889  65.855447    14.287    13.170  6 54863.65276912 15.012
  22  65.888614  65.856306    17.212    18.432  6 54873.56841788 14.219
  23  65.890052  65.855231    18.030    19.064  6 54883.48406420 14.109
  24  65.889757  65.852527    19.654    19.637  7 54893.39970691 13.653
  25  65.891873  65.850459    20.520    20.555  8 54903.31534714 13.595
  26  65.890653  65.850287    20.250    20.308  8 54913.23098585 14.046
  27  65.889793  65.851732    18.895    19.773  8 54923.14662386 14.204
  28  65.887259  65.852831    18.913    18.906  7 54933.06226091 15.215
  29  65.891535  65.852538    13.605    13.711  7 54942.97789669 12.043
  30  65.892397  65.850470    18.366    20.054  8 54952.89353018  9.663
  31  65.888393  65.848428     4.426     4.234  8 54962.80917331 32.700
  32  65.891656  65.849053     6.172     6.123  8 54972.72482219 35.250
  33  65.891124  65.850998    17.070    17.424  8 54982.64046985 32.699
  34  65.887836  65.852843     9.017     7.703  7 54992.55611698 34.185
  35  65.887849  65.853534     7.368     7.546  7 55002.47176357 31.362
  36  65.887532  65.853245     7.123     7.383  7 55012.38740821 32.447
  37  65.888738  65.852791     7.012     7.182  7 55022.30305156 29.621
  38  65.889312  65.853478     6.743     6.525  6 55032.21869402 25.838
  39  65.887397  65.854533     6.661     6.413  6 55042.13433556 25.629
  40  65.886891  65.854948     6.503     6.267  6 55052.04997566 24.853
  41  65.888576  65.853732     5.533     5.564  6 55061.96561372 24.848
  42  65.891180  65.851583     4.737     4.697  8 55071.88125708 31.223
  43  65.891594  65.849798     4.688     4.705  8 55081.79690566 31.811
  44  65.889880  65.849707     5.036     5.125  8 55091.71255249 31.196
  45  65.890226  65.851196     3.377     3.288  7 55101.62819908 33.623
  46  65.890612  65.852728     3.908     3.553  7 55111.54384530 32.069
  47  65.887625  65.852316     5.056     5.017  7 55121.45948902 29.797
  48  65.889293  65.850696     2.895     2.857  7 55131.37513029 49.688
  49  65.888378  65.848932     3.143     3.123  8 55141.29076932 47.985
  50  65.891541  65.849316     2.044     2.027  8 55151.20640806 42.104
  51  65.891150  65.851023     2.182     2.205  8 55161.12204660 36.114
  52  65.891362  65.852801     3.700     4.062  7 55171.03768479 25.361
  53  65.890142  65.853352     4.816     4.830  7 55180.95332133 20.798
  54  65.890825  65.853173    14.291    14.883  7 55190.86897006 19.243
  55  65.890732  65.853391    13.864    15.253  7 55200.78462032 18.019
  56  65.887119  65.853837    13.799    15.229  6 55210.70026962 18.176
  57  65.888373  65.854668    12.135    12.038  7 55220.61591891 17.557
  58  65.886929  65.854193    13.723    13.219  6 55230.53156689 16.138
  59  65.891050  65.853184    17.022    16.142  7 55240.44721213 15.933
  60  65.890184  65.851394    16.375    16.454  7 55250.36285331 15.762
  61  65.888612  65.850255    12.201    13.419  8 55260.27849213 16.022
  62  65.891217  65.850574    14.465    15.239  7 55270.19413056 15.760
  63  65.891489  65.851362    15.224    15.306  7 55280.10976871 14.830
  64  65.890890  65.851703    13.571    12.785  8 55290.02540550 15.209
  65  65.889452  65.851132    13.174    14.710  8 55299.94103984 16.789
  66  65.891748  65.850218     6.327     3.794  8 55309.85668516 21.657
  67  65.890694  65.849496     3.222     3.264  8 55319.77233078 33.958
  68  65.890568  65.849974     9.700     6.879  8 55329.68797550 35.813
  69  65.891776  65.851569     7.313     7.444  7 55339.60362014 25.491
  70  65.887255  65.852626     7.062     7.347  7 55349.51926394 32.321
  71  65.890923  65.853495     7.002     7.175  7 55359.43490647 26.183
  72  65.888749  65.853425     6.680     6.630  6 55369.35054627 39.364
  73  65.889465  65.853564     6.891     7.112  7 55379.26618486 27.190
  74  65.888176  65.853837     6.357     6.423  6 55389.18182253 26.162
  75  65.887623  65.853785     6.403     6.271  7 55399.09745925 36.353
  76  65.889631  65.853011     6.340     6.285  7 55409.01310551 22.903
  77  65.890851  65.851499     6.428     6.278  7 55418.92875622 22.310
  78  65.891357  65.850215     5.999     5.832  8 55428.84440349 36.473
  79  65.892675  65.850293     5.746     5.579  8 55438.76004827 27.268
  80  65.891175  65.851129     3.314     3.302  7 55448.67569144 35.819
  81  65.890382  65.851708     3.279     3.266  7 55458.59133437 35.641
  82  65.888885  65.851417     3.895     3.448  7 55468.50697646 31.139
  83  65.889106  65.850390     4.824     5.098  8 55478.42261543 29.685
  84  65.888502  65.849479     5.164     5.211  8 55488.33825132 30.658
  85  65.889141  65.849393     6.316     5.956  8 55498.25388506 27.887
  86  65.890754  65.850635     7.393     4.967  8 55508.16952370 24.129
  87  65.891263  65.852002     3.884     3.876  7 55518.08517403 42.515
  88  65.890326  65.852866     2.796     2.783  7 55528.00082330 32.662
  89  65.887525  65.852978     2.466     2.487  7 55537.91647045 28.299
  90  65.886788  65.853150     2.631     2.651  7 55547.83211554 25.269
  91  65.887834  65.853842     3.153     2.806  7 55557.74775904 22.843
  92  65.887793  65.854585     4.016     4.017  7 55567.66340158 21.733
  93  65.889709  65.854395     3.302     3.565  6 55577.57904352 23.216
  94  65.889575  65.852634     3.645     3.478  7 55587.49468310 22.052
  95  65.891268  65.850402     3.116     3.282  7 55597.41031974 22.163
  96  65.887925  65.848982     6.655     4.667  8 55607.32595313 20.234
  97  65.890561  65.849500     6.178     3.997  8 55617.24158510 19.395
  98  65.890347  65.851151     6.275     4.643  7 55627.15722962 18.071
  99  65.890960  65.851896     3.344     3.421  7 55637.07288126 19.340
 100  65.891557  65.851292     8.039     4.193  8 55646.98853081 15.278
 101  65.890579  65.849765    14.429    15.100  8 55656.90417737 15.168
 102  65.887874  65.848970     7.060     4.694  8 55666.81981947 18.817
 103  65.890785  65.849993     4.444     4.012  8 55676.73545931 36.728
 104  65.890952  65.851728     6.017     6.070  7 55686.65109709 42.968
 105  65.889328  65.852872     7.297     7.313  7 55696.56673351 29.367
 106  65.891011  65.853016     7.084     7.127  7 55706.48236893 43.685
 107  65.889715  65.852549     6.886     6.886  7 55716.39801874 46.621
 108  65.888880  65.852621     6.904     7.060  7 55726.31366738 27.149
 109  65.887894  65.853515     6.570     6.573  7 55736.22931424 53.402
 110  65.889239  65.854630     6.582     6.374  6 55746.14496005 25.101
 111  65.888532  65.854317     6.093     6.181  6 55756.06060372 26.163
 112  65.891521  65.852485     5.645     5.769  7 55765.97624521 25.994
 113  65.890223  65.849826     4.474     3.498  8 55775.89188338 31.661
 114  65.889897  65.848494     5.300     3.676  9 55785.80751879 30.833
 115  65.891030  65.849627     4.860     3.905  8 55795.72315248 31.740
 116  65.890610  65.851494     2.942     2.987  7 55805.63879232 47.475
 117  65.888839  65.852334     2.985     2.820  7 55815.55444142 36.520
 118  65.891518  65.851285     4.032     3.542  7 55825.47008818 30.709
 119  65.893450  65.849590     3.202     3.203  8 55835.38573034 46.460
 120  65.890206  65.848486     4.799     4.652  8 55845.30136850 32.192
 121  65.890274  65.849756     4.442     3.489  8 55855.21700425 31.260
 122  65.891510  65.852104     3.776     4.135  7 55865.13264474 41.200
 123  65.887982  65.853683     2.497     2.475  7 55875.04829749 41.752
 124  65.890195  65.853802     2.210     2.155  7 55884.96394504 34.027
 125  65.889186  65.852965     2.966     2.281  6 55894.87958631 25.483
 126  65.889587  65.852296     2.460     2.191  7 55904.79522239 23.082
 127  65.886701  65.852744     2.848     2.733  7 55914.71086304 23.102
 128  65.887592  65.853988     2.724     2.528  6 55924.62651704 22.478
 129  65.889214  65.854256     3.962     4.407  6 55934.54216792 20.986
 130  65.889640  65.852407     2.992     2.312  8 55944.45781395 22.088
 131  65.893012  65.849995     2.527     2.306  8 55954.37345590 21.465
 132  65.892648  65.848683     5.033     3.279  8 55964.28909468 21.119
 133  65.891708  65.849757     8.727     9.610  8 55974.20473192 18.492
 134  65.887947  65.851679     6.208     4.777  7 55984.12036781 19.377
 135  65.887184  65.852435     5.911     4.495  7 55994.03600168 19.365
 136  65.890215  65.851581    10.347    10.234  7 56003.95165272 18.643
 137  65.889422  65.849448     5.938     4.522  8 56013.86730138 19.559
 138  65.890549  65.848843    11.569    11.554  9 56023.78294705 18.612
 139  65.890370  65.850495     8.239     8.071  8 56033.69859035 13.056
 140  65.886959  65.852847     2.670     2.646  7 56043.61423129 22.992
 141  65.887957  65.854485     4.810     4.676  7 56053.52986995 28.021
 142  65.890076  65.854280     8.531     6.877  6 56063.44550530 31.845
 143  65.889125  65.852907     8.458     7.109  6 56073.36114720 25.896
 144  65.887008  65.852361     6.759     6.632  7 56083.27679698 30.485
 145  65.887149  65.852881     6.002     5.768  7 56093.19244456 33.390
 146  65.888190  65.853828     7.855     6.941  7 56103.10809002 25.600
 147  65.890205  65.853605     6.927     7.115  7 56113.02372108 26.485
 148  65.887823  65.851872     4.803     4.588  7 56122.93935956 29.144
 149  65.891006  65.849778     4.452     4.856  8 56132.85499464 31.490
 150  65.891040  65.848754     4.965     4.815  8 56142.77063218 31.463
 151  65.889249  65.849701     5.319     5.290  8 56152.68628277 30.039
 152  65.889414  65.851651     3.922     3.347  8 56162.60193204 29.553
 153  65.887291  65.852575     3.830     3.188  7 56172.51757910 29.159
 154  65.889290  65.851958     3.895     3.243  7 56182.43322166 31.287
 155  65.890333  65.850376     4.489     4.776  8 56192.34886033 30.245
 156  65.889331  65.849443     4.962     4.864  8 56202.26449613 31.259
 157  65.888751  65.850476     2.526     2.516  8 56212.18013012 46.322
 158  65.887712  65.852486     5.254     5.100  7 56222.09576217 27.711
 159  65.890211  65.854549     3.381     3.707  6 56232.01141704 36.314
 160  65.889242  65.854634     1.981     1.972  6 56241.92706946 42.958
 161  65.887964  65.853670     1.697     1.695  6 56251.84271755 34.098
 162  65.890143  65.852942     1.960     1.977  7 56261.75836132 32.870
 163  65.891872  65.853027     2.083     2.066  7 56271.67400296 31.689
 164  65.887398  65.852988     3.848     4.044  7 56281.58964368 23.555
 165  65.886562  65.852924     4.114     4.464  7 56291.50529580 22.559
 166  65.887988  65.851801     3.764     4.140  7 56301.42094361 23.899
 167  65.890571  65.850377     4.562     4.356  7 56311.33658732 21.270
 168  65.891446  65.849818     7.409     8.072  7 56321.25222868 20.787
 169  65.889771  65.850600     9.705    10.129  8 56331.16786921 20.400
 170  65.889516  65.851828    11.483    10.998  7 56341.08350937 18.923
 171  65.887630  65.852164     7.820     9.192  7 56350.99914708 17.330
 172  65.891109  65.851535    12.462    12.662  8 56360.91478603 16.979
 173  65.890431  65.850647    12.032    12.891  7 56370.83043558 15.220
 174  65.891026  65.850859    13.486    13.765  8 56380.74608267 15.747
 175  65.889401  65.852318    10.578    10.133  7 56390.66172740 15.396
 176  65.886898  65.853759    15.687    16.275  7 56400.57737040  9.294
 177  65.887869  65.854588     3.185     3.171  6 56410.49301102 24.445
 178  65.887224  65.854113     3.878     3.510  7 56420.40864663 32.845
 179  65.888917  65.853452     7.283     7.233  7 56430.32428378 36.750
 180  65.890852  65.853545     8.297     7.076  7 56440.23993709 27.673
 181  65.890931  65.853624     7.028     7.196  7 56450.15558776 28.006
 182  65.891006  65.853359     6.821     7.026  7 56460.07123617 26.204
 183  65.887563  65.852106     6.608     6.380  7 56469.98688090 25.046
 184  65.888829  65.851150     6.676     6.635  7 56479.90252228 22.429
 185  65.890617  65.850534     6.140     6.168  7 56489.81815976 26.053
 186  65.889608  65.850552     6.248     6.191  7 56499.73379454 34.286
 187  65.889404  65.850930     6.239     6.151  7 56509.64942809 23.619
 188  65.891353  65.851535     5.804     5.779  7 56519.56507010 27.166
 189  65.889209  65.851598     5.833     5.745  8 56529.48072364 27.069
 190  65.889483  65.851407     3.863     3.320  7 56539.39637333 29.345
 191  65.890986  65.851333     4.723     4.665  7 56549.31201888 25.175
 192  65.890658  65.852031     5.074     5.169  7 56559.22766187 27.057
 193  65.889034  65.853150     5.096     5.084  7 56569.14330381 26.629
 194  65.888742  65.854353     3.771     3.006  7 56579.05894456 36.826
 195  65.887551  65.854305     2.676     2.658  7 56588.97458136 41.489
 196  65.889003  65.853775     3.487     3.421  7 56598.89022556 31.268
 197  65.888820  65.853253     3.694     3.752  7 56608.80587647 35.612
 198  65.889327  65.853517     3.892     3.699  6 56618.72152258 30.965
 199  65.888226  65.853688     4.332     4.437  7 56628.63716530 28.746
 200  65.888723  65.853143     4.806     4.705  7 56638.55280516 23.938
 201  65.890727  65.851704    13.237    12.705  8 56648.46844917 20.524
 202  65.889694  65.850283    12.352    12.206  7 56658.38410062 20.794
 203  65.891157  65.850126     9.040     4.845  8 56668.29974819 20.459
 204  65.889882  65.851314     7.279     4.745  7 56678.21539305 20.323
 205  65.891491  65.852749     7.288     4.620  7 56688.13103680 19.686
 206  65.890508  65.852788     7.346     4.754  7 56698.04667796 19.522
 207  65.890808  65.851688     8.122     4.756  7 56707.96231457 18.608
 208  65.889302  65.850579     6.531     5.614  8 56717.87795154 18.353
 209  65.889435  65.851231     6.693     5.596  7 56727.79360428 17.522
 210  65.889524  65.853096     3.911     3.600  6 56737.70925311 18.812
 211  65.886980  65.854843    12.239    11.407  6 56747.62489811 12.315
 212  65.888668  65.855325     5.081     5.479  6 56757.54053897 18.395
 213  65.888727  65.854275     4.943     5.000  7 56767.45617372 20.773
 214  65.888528  65.853086     5.874     4.426  7 56777.37181811 17.280
 215  65.891364  65.853320     4.756     4.845  7 56787.28747455 31.773
 216  65.887159  65.853853    14.604    14.944  6 56797.20312679 31.957
 217  65.888763  65.854588     8.469     7.390  7 56807.11877439 31.034
 218  65.887344  65.853622     7.289     7.330  7 56817.03441547 31.977
 219  65.889637  65.851820     7.240     7.374  7 56826.95005336 29.514
 220  65.890649  65.849958    12.538    13.967  8 56836.86568779 28.887
 221  65.889126  65.849666    10.411     7.652  8 56846.78131904 33.287
 222  65.891594  65.851374     7.325     7.339  7 56856.69696948 24.021
 223  65.888562  65.852962     7.146     7.297  7 56866.61262269 27.356
 224  65.887263  65.853125     6.913     6.860  7 56876.52827470 26.437
 225  65.887718  65.852342     6.778     6.694  7 56886.44392372 24.114
 226  65.888425  65.851325     6.108     6.095  7 56896.35956998 24.091
 227  65.890842  65.851943     4.160     3.604  8 56906.27521350 31.983
 228  65.888961  65.853708     5.482     5.269  7 56916.19085447 28.701
 229  65.889417  65.855644     5.597     5.601  6 56926.10649376 26.266
 230  65.885914  65.855795     5.121     5.737  6 56936.02212930 37.249
 231  65.886403  65.854264     3.908     3.956  6 56945.93775985 39.781
 232  65.889431  65.852731     4.284     4.228  6 56955.85341235 40.268
 233  65.888784  65.852044     3.816     3.875  7 56965.76906142 32.590
 234  65.889149  65.853027     3.416     3.395  7 56975.68470629 30.707
 235  65.887042  65.854023     4.315     3.875  7 56985.60034645 26.659
 236  65.889211  65.853569     4.554     4.568  6 56995.51598150 26.672
 237  65.891220  65.851491     4.385     4.312  8 57005.43162373 25.267
 238  65.889389  65.849458     7.182     4.364  8 57015.34727858 21.705
 239  65.890794  65.849555     4.235     4.241  8 57025.26292944 21.024
 240  65.889250  65.851631     5.921     4.950  8 57035.17857790 18.178
 241  65.888342  65.853559     5.033     4.984  6 57045.09422386 18.034
 242  65.889295  65.853864     5.132     4.957  7 57055.00986687 16.945
 243  65.889298  65.852234     4.533     4.421  7 57064.92550482 17.639
 244  65.889389  65.851015     3.160     3.208  8 57074.84113807 20.376
 245  65.891346  65.851423     2.468     2.482  8 57084.75676828 25.056
 246  65.888043  65.853645     2.440     2.441  6 57094.67242170 23.984
 247  65.885930  65.855692     2.689     2.656  6 57104.58807817 22.883
 248  65.887824  65.856228     5.341     5.365  6 57114.50373070 18.007
 249  65.888782  65.854699    16.623    17.701  7 57124.41937688  6.093
 250  65.888260  65.852793     2.497     2.457  7 57134.33501761 17.939
 251  65.889897  65.851984     4.742     3.055  7 57144.25065410 15.471
 252  65.890096  65.852547     5.846     5.538  7 57154.16628789 34.111
 253  65.888366  65.853185     8.797     7.558  7 57164.08192446 31.313
 254  65.889269  65.853447     7.390     7.429  6 57173.99758135 34.061
 255  65.890294  65.852072    12.819    10.804  8 57183.91323485 31.329
 256  65.889419  65.850230     7.149     7.112  8 57193.82888424 33.535
 257  65.888915  65.849867     7.079     7.050  8 57203.74453143 43.469
 258  65.889468  65.851447    10.054    10.258  7 57213.66016551 23.098
 259  65.887748  65.853259     7.210     7.326  7 57223.57580927 27.092
 260  65.888758  65.853967     7.462     7.472  7 57233.49145152 39.328
 261  65.888875  65.853093     7.677     7.635  6 57243.40709064 39.625
 262  65.889479  65.851846     7.556     7.542  8 57253.32272726 35.443
 263  65.890799  65.852042     8.253     7.484  7 57263.23836247 24.590
 264  65.889502  65.853583     8.126     7.393  7 57273.15399962 27.229
 265  65.887018  65.855403     6.761     6.569  6 57283.06965682 25.835
 266  65.887945  65.855806     6.743     6.533  6 57292.98531164 27.925
 267  65.890104  65.854573     5.212     5.230  6 57302.90096308 27.617
 268  65.891430  65.852820     4.052     3.865  7 57312.81661061 36.706
 269  65.891489  65.852070     4.669     4.643  7 57322.73225482 35.267
 270  65.890282  65.852537     5.393     5.369  7 57332.64789691 38.098
 271  65.888760  65.853357     4.762     4.766  7 57342.56353699 31.556
 272  65.891269  65.853483     4.075     4.111  7 57352.47918949 28.712
 273  65.889325  65.852041     3.687     3.690  7 57362.39483358 28.584
 274  65.890049  65.850407     4.418     4.320  8 57372.31047462 24.484
 275  65.889891  65.850209     4.313     4.277  8 57382.22611373 24.608
 276  65.889743  65.851341     4.302     4.384  8 57392.14175233 23.885
 277  65.887046  65.852558     5.984     4.686  7 57402.05738975 24.055
 278  65.888199  65.853143     8.834     9.186  7 57411.97303246 18.482
 279  65.886676  65.852783     5.096     5.074  7 57421.88868414 19.219
 280  65.888778  65.852803     9.759    12.019  7 57431.80433348 19.858
 281  65.888659  65.853474    10.461    11.387  6 57441.71998078 18.677
 282  65.888285  65.854670    10.333    11.441  6 57451.63562730 18.897
 283  65.887425  65.855371     7.557     5.027  6 57461.55127219 20.236
 284  65.886648  65.854845    16.433    15.839  6 57471.46691360 15.666
 285  65.887703  65.853555     3.779     4.249  7 57481.38255117 15.295
 286  65.891339  65.852382     7.931     6.691  7 57491.29818594 12.276
 287  65.891950  65.851829     3.178     3.162  7 57501.21381839 36.208
 288  65.891085  65.852086     5.521     5.414  7 57511.12946616 30.531
 289  65.888884  65.852388     8.035     8.043  7 57521.04512143 34.484
 290  65.890810  65.852380    10.536     7.817  7 57530.96077455 32.394
 291  65.889784  65.851568     7.537     7.512  7 57540.87642407 42.353
 292  65.889490  65.850869     7.508     7.539  7 57550.79207083 38.999
 293  65.889390  65.851007     7.396     7.492  7 57560.70771626 25.536
 294  65.889605  65.852012     7.213     7.287  8 57570.62336128 26.562
 295  65.888367  65.852887     7.018     6.975  7 57580.53900598 26.197
 296  65.889528  65.853336     7.012     6.992  7 57590.45464918 43.945
 297  65.887642  65.853090     6.668     6.636  7 57600.37028931 24.608
