# NaN NaN NaN ;Mean Elev.(m), Avg Gradient(m/km), RMS Gradient(m/km) - SRTM1     
#   -0.069     NaN     NaN ;Mean Elev.(m), Avg Gradient(m/km), RMS Gradient(m/km) - ASTER GDEM
#    4.134   0.047   0.536 ;Mean Elev.(m), Avg Gradient(m/km), RMS Gradient(m/km) - GMTED2010 
   1  65.533696  63.352310    14.991    15.081  4 54666.43645999 38.901
   2  65.534459  63.352957    13.847    13.860  4 54676.35210454 35.317
   3  65.532553  63.355289    -5.412    -5.811  4 54686.26774734 21.125
   4  65.533854  63.356678    13.327    13.955  6 54696.18338892 35.248
   5  65.535825  63.355962    -2.777    -2.322  5 54706.09902888 20.786
   6  65.530738  63.353866    11.932    10.936  4 54716.01468101 40.723
   7  65.523239  63.352232    12.114    12.201  5 54725.93033039 25.424
   8  65.522190  63.351010    12.048    10.741  4 54735.84597840 46.947
   9  65.524097  63.351604    15.212    15.527  4 54745.76162565 28.478
  10  65.528072  63.352267    14.408    15.197  4 54755.67727260 29.890
  11  65.528629  63.352253    14.709    15.106  3 54765.59291787 30.867
  12  65.523751  63.351503    11.848    11.156  5 54775.50855977 50.120
  13  65.521418  63.350185    12.658    11.998  4 54785.42419951 42.820
  14  65.523146  63.350099    12.012    12.015  4 54795.33983809 34.768
  15  65.527216  63.352047    12.166    11.573  4 54805.25547609 28.204
  16  65.527339  63.354883    14.086    14.649  5 54815.17111314 17.616
  17  65.530890  63.354658    14.610    14.966  4 54825.08675976 16.107
  18  65.530048  63.353192    14.567    15.067  4 54835.00239954 14.141
  19  65.528926  63.352412    14.789    15.311  3 54844.91804935 13.056
  20  65.526349  63.353364    14.564    14.889  5 54854.83369799 12.819
  21  65.531759  63.353684    14.455    14.682  5 54864.74934724 12.976
  22  65.528550  63.354996    13.899    14.571  5 54874.66499526 13.559
  23  65.527253  63.354393    14.311    14.820  5 54884.58064098 12.902
  24  65.525200  63.352243    14.554    14.810  4 54894.49628337 13.004
  25  65.524741  63.349925    14.689    15.193  3 54904.41192329 12.551
  26  65.521567  63.350337    14.696    14.901  4 54914.32756162 12.544
  27  65.525301  63.351106    18.861    16.136  4 54924.24320006  3.534
  28  65.527517  63.352692    15.306    15.617  4 54934.15883751  8.495
  29  65.526782  63.353786    11.424    11.187  5 54944.07447281 16.469
  30  65.527755  63.352821    12.097    12.089  4 54953.99010626 28.648
  31  65.526207  63.350967    14.838    14.736  3 54963.90575156 39.724
  32  65.523164  63.351016    15.687    15.637  4 54973.82139961 37.188
  33  65.523300  63.352559    15.770    15.777  5 54983.73704711 36.932
  34  65.533573  63.352438    15.164    15.142  4 54993.65269549 52.911
  35  65.530386  63.353995    14.842    14.836  4 55003.56834135 39.977
  36  65.529245  63.353701    15.258    15.177  4 55013.48398559 32.785
  37  65.530014  63.352715    15.267    15.295  3 55023.39962870 29.915
  38  65.526884  63.353895    14.791    15.168  5 55033.31527062 35.116
  39  65.530564  63.354453    14.981    15.287  4 55043.23091253 27.082
  40  65.532384  63.355187    13.075    13.079  4 55053.14655270 49.434
  41  65.530713  63.354875    12.296    12.283  4 55063.06219043 49.179
  42  65.527780  63.352987    14.443    15.270  4 55072.97783513 33.589
  43  65.526205  63.350723    11.357    11.368  3 55082.89348347 39.779
  44  65.524381  63.350393    14.464    15.422  4 55092.80912997 29.906
  45  65.523178  63.351436    15.218    15.532  4 55102.72477611 30.684
  46  65.524513  63.352292    14.441    15.444  4 55112.64042219 31.626
  47  65.523783  63.352548    11.462    10.590  5 55122.55606579 40.572
  48  65.525978  63.351054    11.285    10.756  3 55132.47170693 46.713
  49  65.522386  63.350613    10.470    10.386  4 55142.38734545 44.304
  50  65.524526  63.350412     9.939     9.935  4 55152.30298395 36.564
  51  65.526342  63.351936    10.228    10.161  4 55162.21862258 34.040
  52  65.530244  63.353525    12.196    11.683  4 55172.13426104 24.760
  53  65.531311  63.354941    14.513    14.874  4 55182.04989769 20.725
  54  65.528573  63.354784    14.376    14.747  5 55191.96554785 16.891
  55  65.529850  63.353698    14.274    14.714  4 55201.88119821 18.113
  56  65.527458  63.354104    13.382    14.291  5 55211.79684741 18.180
  57  65.527450  63.354370    14.184    14.431  5 55221.71249634 16.899
  58  65.529525  63.353188    14.183    14.386  4 55231.62814438 16.628
  59  65.527872  63.352207    13.348    13.854  4 55241.54378887 16.692
  60  65.526007  63.350822    12.788    13.387  3 55251.45942992 16.942
  61  65.525220  63.349910    13.315    13.461  3 55261.37506881 15.388
  62  65.523216  63.350931    13.920    14.239  4 55271.29070657 16.291
  63  65.526275  63.351489    14.456    14.684  4 55281.20634479 14.189
  64  65.524640  63.352856    11.340    12.341  5 55291.12198133 15.159
  65  65.526972  63.352689     9.119     9.108  4 55301.03761608 25.390
  66  65.526427  63.351520    13.709    14.886  4 55310.95326308 33.519
  67  65.522648  63.351560    12.800    12.508  5 55320.86890829 39.763
  68  65.525384  63.351254    13.995    13.975  4 55330.78455295 52.808
  69  65.523929  63.352872    15.500    15.597  5 55340.70019693 36.521
  70  65.529510  63.352881    15.137    15.049  4 55350.61584149 32.180
  71  65.529035  63.353776    15.168    15.144  4 55360.53148328 30.792
  72  65.526705  63.354574    15.204    15.171  5 55370.44712279 34.869
  73  65.529283  63.354536    15.148    15.061  5 55380.36276138 33.584
  74  65.531044  63.355061    15.132    15.179  6 55390.27839919 33.093
  75  65.530713  63.355783    14.910    14.879  5 55400.19403570 43.405
  76  65.532688  63.354069    14.891    14.726  5 55410.10968394 52.925
  77  65.526806  63.352739    14.483    14.523  4 55420.02533390 50.191
  78  65.524594  63.351085    13.343    13.328  4 55429.94098100 48.340
  79  65.523852  63.350850    12.927    12.459  4 55439.85662554 38.979
  80  65.525498  63.351440    13.424    13.455  4 55449.77226870 31.311
  81  65.528108  63.351719    10.864    10.833  3 55459.68791151 47.206
  82  65.524887  63.352280    14.839    15.214  4 55469.60355285 30.538
  83  65.526877  63.351051    15.023    15.421  3 55479.51919168 30.191
  84  65.522261  63.351772    13.576    14.490  5 55489.43482699 31.407
  85  65.525972  63.351830    10.736    10.752  4 55499.35046094 48.925
  86  65.527833  63.352896    10.711    10.641  4 55509.26610131 47.175
  87  65.529538  63.353214    10.681    10.527  4 55519.18175153 41.719
  88  65.526684  63.354202     9.796     9.852  5 55529.09740034 32.436
  89  65.526616  63.353979    10.600    10.169  5 55539.01304772 29.779
  90  65.529827  63.353116    10.814    10.306  4 55548.92869318 30.002
  91  65.527600  63.353968    10.840    10.210  5 55558.84433620 26.994
  92  65.532147  63.353873    11.255    12.497  5 55568.75997901 22.417
  93  65.528428  63.354891    11.923    12.622  5 55578.67562007 21.913
  94  65.528723  63.353493    12.706    13.043  4 55588.59125932 20.417
  95  65.526927  63.351896    12.261    12.512  4 55598.50689537 18.949
  96  65.522868  63.351826    12.214    12.491  5 55608.42252854 19.133
  97  65.526213  63.352131    10.846    10.466  4 55618.33816058 20.179
  98  65.529853  63.352957     9.070     9.066  4 55628.25380785 18.993
  99  65.528682  63.353740     9.566     9.322  4 55638.16945905 16.093
 100  65.527069  63.352919    13.708    13.526  4 55648.08510826 11.985
 101  65.522559  63.351580     9.266     9.258  5 55658.00075427 29.804
 102  65.523797  63.350120    11.424    10.290  4 55667.91639671 37.901
 103  65.525742  63.350829    13.485    12.436  3 55677.83203631 37.721
 104  65.525691  63.353517    14.363    14.304  5 55687.74767355 51.671
 105  65.531447  63.354490    14.631    14.558  4 55697.66331019 39.996
 106  65.533004  63.354943    15.402    15.562  4 55707.57894553 35.731
 107  65.530114  63.354214    15.000    14.982  4 55717.49459649 50.542
 108  65.528318  63.353793    15.153    15.263  4 55727.41024482 33.630
 109  65.527449  63.354425    14.628    14.565  5 55737.32589156 45.896
 110  65.531201  63.354457    14.068    14.049  4 55747.24153755 43.042
 111  65.531678  63.354225    13.388    13.250  4 55757.15718120 50.517
 112  65.525793  63.353907    14.295    14.794  5 55767.07282166 32.547
 113  65.523687  63.352034    13.883    14.788  5 55776.98845961 33.241
 114  65.523750  63.350833    11.560    11.439  4 55786.90409495 48.195
 115  65.524387  63.352184    14.804    15.521  4 55796.81972837 29.001
 116  65.526251  63.353900    13.859    14.472  5 55806.73537013 30.341
 117  65.531146  63.353895    10.932    10.891  4 55816.65101951 41.351
 118  65.529030  63.353304    14.452    15.251  4 55826.56666507 24.102
 119  65.528432  63.351493    13.817    15.167  3 55836.48230652 32.244
 120  65.522182  63.351609    14.818    15.092  5 55846.39794404 29.746
 121  65.525020  63.352564    14.418    15.382  4 55856.31357983 29.230
 122  65.527012  63.354606    12.568    13.626  5 55866.22922253 26.270
 123  65.532742  63.354811     9.966     9.999  6 55876.14487565 39.361
 124  65.530372  63.355296     9.767     9.741  5 55886.06052200 34.057
 125  65.531616  63.354203     9.843     9.836  4 55895.97616301 27.305
 126  65.528289  63.354549     9.761     9.668  5 55905.89179822 26.352
 127  65.530266  63.354383     9.726     9.743  6 55915.80744169 23.801
 128  65.532424  63.354069     9.749     9.736  5 55925.72309550 22.916
 129  65.529778  63.354479     9.629     9.600  4 55935.63874551 22.029
 130  65.527612  63.352982     9.587     9.497  4 55945.55439092 19.951
 131  65.525019  63.350908     9.352     9.342  4 55955.47003194 19.474
 132  65.522310  63.350167    11.246    11.209  4 55965.38567023 18.602
 133  65.525155  63.350825    10.044     9.750  4 55975.30130769 17.204
 134  65.529360  63.352818    10.276     9.543  4 55985.21694428 17.792
 135  65.532400  63.354412     8.990     8.948  4 55995.13257895 17.561
 136  65.528579  63.353727     9.085     9.102  4 56005.04823089 17.943
 137  65.523868  63.351895    10.482    10.720  5 56014.96387894 16.438
 138  65.524499  63.350144    11.353    11.460  4 56024.87952436 12.303
 139  65.523995  63.351448    12.458    12.306  4 56034.79516731 37.929
 140  65.528025  63.353553    12.213    12.261  4 56044.71080848 49.815
 141  65.531951  63.355133    14.708    14.964  6 56054.62644690 34.471
 142  65.532699  63.355806    14.637    14.787  6 56064.54208141 34.934
 143  65.532133  63.354586    14.489    14.542  4 56074.45772538 33.297
 144  65.530659  63.353452    14.189    13.946  4 56084.37337499 34.547
 145  65.527309  63.353931    14.489    14.942  5 56094.28902196 31.469
 146  65.528538  63.354258    14.098    14.852  5 56104.20466725 32.740
 147  65.530383  63.353604    14.465    15.347  4 56114.12029820 25.136
 148  65.526255  63.353658    13.901    14.751  5 56124.03593633 31.283
 149  65.527950  63.351870    12.108    10.548  3 56133.95157117 33.154
 150  65.523179  63.352073    10.026    10.083  5 56143.86721012 45.686
 151  65.522742  63.352122    11.516    10.238  5 56153.78286039 32.560
 152  65.524699  63.352969    10.686     9.751  5 56163.69850947 38.101
 153  65.529322  63.353023    14.332    15.011  4 56173.61415678 27.173
 154  65.532851  63.352128     9.389     9.299  4 56183.52979902 43.032
 155  65.527408  63.352049    12.453    12.630  4 56193.44543664 33.711
 156  65.524413  63.351993    14.562    15.291  4 56203.36107176 30.161
 157  65.526729  63.352964     9.743     9.765  4 56213.27670569 47.650
 158  65.532358  63.354904    10.013    10.005  6 56223.19233906 46.570
 159  65.533484  63.355791    11.589    11.538  6 56233.10799540 25.612
 160  65.533202  63.355478     9.247     9.146  6 56243.02364769 36.960
 161  65.530571  63.354539     9.588     9.581  4 56252.93929523 30.212
 162  65.526932  63.354277    11.307    12.217  5 56262.85493806 22.678
 163  65.527953  63.353967     9.864     9.966  5 56272.77057933 23.046
 164  65.528341  63.354140     9.695     9.695  5 56282.68622180 22.993
 165  65.529518  63.353038     9.504     9.502  4 56292.60187376 21.994
 166  65.524883  63.352354    10.834    10.575  4 56302.51752071 21.359
 167  65.522402  63.351343    11.114    11.450  5 56312.43316371 19.568
 168  65.525247  63.350488    10.998    11.961  3 56322.34880510 19.140
 169  65.525621  63.351655    11.220    11.604  4 56332.26444557 19.167
 170  65.525374  63.353203    10.852    11.636  5 56342.18008552 19.276
 171  65.527104  63.353811    10.757    11.800  5 56352.09572346 16.742
 172  65.529460  63.352815    10.652    10.550  4 56362.01136439 16.344
 173  65.528369  63.351611    11.175    11.546  3 56371.92701379 17.127
 174  65.524455  63.352086     8.568     8.567  4 56381.84266006 19.668
 175  65.525781  63.352963     8.621     8.591  5 56391.75830456 22.146
 176  65.529040  63.353958     8.798     8.813  4 56401.67394757 20.863
 177  65.531752  63.354646     9.978     9.980  4 56411.58958781 40.623
 178  65.532412  63.355067    14.272    13.844  4 56421.50522295 36.157
 179  65.531845  63.354939    14.915    15.256  6 56431.42086235 33.027
 180  65.528701  63.354374    15.087    15.149  5 56441.33651494 49.152
 181  65.529968  63.353370    15.078    15.006  4 56451.25216553 34.593
 182  65.528661  63.352936    15.042    14.904  4 56461.16781350 35.986
 183  65.525573  63.352396    15.308    15.296  4 56471.08345803 35.299
 184  65.527241  63.351031    15.251    15.334  3 56480.99909945 42.688
 185  65.523690  63.351701    15.410    15.450  4 56490.91473628 50.268
 186  65.524181  63.352700    15.417    15.418  5 56500.83037085 42.061
 187  65.528727  63.353518    14.934    14.820  4 56510.74600431 29.978
 188  65.529721  63.353929    14.302    14.193  4 56520.66164830 34.227
 189  65.527391  63.353611    13.134    13.016  5 56530.57730130 29.533
 191  65.525957  63.352333    14.462    14.531  4 56550.40859567 28.842
 192  65.525518  63.353083    14.421    14.843  5 56560.32423837 28.923
 193  65.531074  63.353369    13.921    14.834  3 56570.23988070 23.133
 194  65.530789  63.355177    12.718    12.974  4 56580.15552097 31.947
 195  65.532069  63.355792     9.770     9.609  6 56590.07115752 31.380
 196  65.533179  63.354622    11.317    11.331  5 56599.98680405 41.046
 197  65.530365  63.353740    12.042    12.100  4 56609.90245437 33.695
 198  65.529909  63.353791    12.456    12.240  4 56619.81809997 27.616
 199  65.530827  63.354031    12.324    12.240  4 56629.73374248 26.109
 200  65.527157  63.354782    12.093    12.553  5 56639.64938118 24.117
 201  65.528372  63.352760    11.906    11.620  4 56649.56502692 20.645
 202  65.524758  63.351082    12.190    12.064  4 56659.48067775 21.085
 203  65.522588  63.350811    11.765    11.485  4 56669.39632483 22.158
 204  65.524180  63.351999    11.354    11.319  4 56679.31196986 24.440
 205  65.526703  63.353407    12.228    12.640  5 56689.22761342 20.853
 206  65.529558  63.353472    10.981    10.954  4 56699.14325442 19.935
 207  65.527047  63.353407    11.452    11.184  5 56709.05889028 20.017
 208  65.527008  63.352356    10.960    10.894  4 56718.97453001 21.149
 209  65.525224  63.352155    12.730    12.987  4 56728.89018235 19.583
 210  65.527686  63.353014    10.528    10.476  4 56738.80583095 19.592
 211  65.530715  63.354398    10.752    10.399  4 56748.72147569 18.371
 212  65.533209  63.355038    12.100    12.418  4 56758.63711579 16.003
 213  65.532142  63.355377    12.701    13.239  6 56768.55274946 27.964
 214  65.531685  63.353755    13.747    15.098  5 56778.46839695 35.154
 215  65.525201  63.353671    15.545    15.627  5 56788.38405221 50.608
 216  65.526100  63.353081    15.394    15.422  5 56798.29970477 50.489
 217  65.525727  63.353677    15.476    15.383  5 56808.21535137 43.243
 218  65.527982  63.353048    15.466    15.468  4 56818.13099254 37.846
 219  65.527782  63.351918    15.535    15.484  3 56828.04662992 36.505
 220  65.525486  63.351115    15.727    15.726  4 56837.96226385 40.471
 221  65.525062  63.351837    15.666    15.592  4 56847.87789494 36.139
 222  65.527380  63.352193    15.759    15.790  4 56857.79354801 44.470
 223  65.526222  63.354100    15.476    15.339  5 56867.70920106 46.032
 224  65.527398  63.353993    15.157    15.279  5 56877.62485277 32.808
 225  65.525284  63.353045    13.445    13.383  5 56887.54050105 49.914
 226  65.526141  63.350930    14.454    15.267  3 56897.45614705 32.271
 227  65.525356  63.350997    14.557    15.250  4 56907.37179004 28.261
 228  65.527012  63.352754    14.905    15.353  4 56917.28743103 31.642
 229  65.531317  63.354758    14.041    14.279  6 56927.20307032 30.011
 230  65.534869  63.355742    11.940    11.880  5 56937.11870591 49.927
 231  65.533957  63.355885    14.311    14.827  4 56947.03433649 29.706
 232  65.527451  63.354386    12.102    12.103  5 56956.94999019 38.608
 233  65.525213  63.353163    11.605    11.611  5 56966.86563870 46.477
 234  65.533056  63.351981    11.733    11.726  4 56976.78128393 27.064
 235  65.531585  63.353907    12.039    12.047  4 56986.69692347 23.784
 236  65.532304  63.354502    12.439    12.248  4 56996.61255751 20.797
 237  65.533767  63.352331    11.703    11.756  4 57006.52820264 21.977
 238  65.524211  63.351434    11.516    11.509  4 57016.44385604 20.891
 239  65.525850  63.350038    12.338    12.961  3 57026.35950677 19.229
 240  65.526797  63.351520    12.341    12.966  3 57036.27515527 18.735
 241  65.530002  63.353072    11.772    11.709  4 57046.19080140 20.096
 242  65.530497  63.354052    12.332    12.641  4 57056.10644394 15.924
 243  65.528122  63.353714    12.987    13.375  4 57066.02208112 13.345
 244  65.528770  63.352917    12.874    12.844  4 57075.93771410 14.839
 245  65.534083  63.352725    14.209    14.549  4 57085.85334432 17.006
 246  65.530810  63.354580    13.548    13.535  4 57095.76900082 15.578
 247  65.531798  63.355646    14.754    14.946  4 57105.68465703 13.387
 248  65.534011  63.355510    14.582    15.315  5 57115.60030889 13.600
 249  65.531828  63.354576    12.366    12.289  6 57125.51595419 15.873
 250  65.527364  63.353705    10.859    10.801  5 57135.43159400 23.018
 251  65.525656  63.353449    12.720    12.613  5 57145.34722978 37.015
 252  65.530682  63.353497    15.663    15.584  4 57155.26286374 54.009
 253  65.532032  63.354469    15.885    15.755  4 57165.17850362 52.849
 254  65.527749  63.354805    15.681    15.726  5 57175.09415997 52.681
 255  65.529586  63.352444    15.580    15.573  3 57185.00981347 38.554
 256  65.522689  63.351755    15.874    15.752  5 57194.92546197 41.336
 257  65.522699  63.350892    15.895    15.893  4 57204.84109732 38.802
 258  65.525981  63.351522    16.381    16.369  4 57214.75674286 53.582
 259  65.526649  63.353697    16.506    16.475  5 57224.67238649 52.762
 260  65.527540  63.354898    16.520    16.413  5 57234.58802834 40.852
 261  65.527197  63.354697    16.391    16.356  5 57244.50366696 39.010
 262  65.527380  63.353838    15.939    15.913  5 57254.41930319 35.815
 263  65.528041  63.354285    15.352    15.280  5 57264.33493802 34.507
 264  65.531934  63.355373    14.658    14.779  4 57274.25057818 31.309
 265  65.531426  63.356535    14.071    14.080  5 57284.16623536 36.107
 266  65.531733  63.356083    13.950    14.089  5 57294.08188999 32.091
 267  65.532546  63.354054    14.081    14.623  5 57303.99754122 28.365
 268  65.529829  63.352422    12.156    12.214  3 57313.91318820 30.635
 269  65.524759  63.352391    12.419    12.202  4 57323.82883152 50.140
 270  65.527726  63.352090    13.850    13.603  4 57333.74447362 50.201
 271  65.526141  63.353636    13.643    13.162  5 57343.66011315 33.568
 272  65.527707  63.352491    14.150    14.359  4 57353.57576653 28.347
 273  65.527583  63.351683    13.403    12.958  3 57363.49141052 31.036
 274  65.526368  63.350977    14.342    14.995  3 57373.40705108 28.833
 275  65.523602  63.351961    13.624    14.146  5 57383.32268960 27.855
 276  65.526845  63.352802    13.026    12.657  4 57393.23832833 27.074
 277  65.528131  63.354677    13.126    13.556  5 57403.15396589 26.202
 278  65.531457  63.354716    12.830    12.041  4 57413.06961094 18.959
 279  65.528306  63.354576    12.917    13.464  5 57422.98526239 19.208
 280  65.527518  63.353834    11.910    11.623  5 57432.90091128 21.186
 281  65.533593  63.352578    12.439    11.659  4 57442.81655896 18.390
 282  65.530055  63.354422    14.013    14.698  4 57452.73220473 17.100
 283  65.531798  63.354989    14.277    14.545  4 57462.64784942 15.823
 284  65.532014  63.355041    15.574    15.616  6 57472.56349046 12.236
 285  65.531338  63.354507    20.480    17.469  4 57482.47912767  5.235
 286  65.534353  63.352969    11.995    11.572  4 57492.39476231 27.555
 287  65.528825  63.354669    12.527    12.471  5 57502.31039387 44.010
 288  65.529620  63.354192    15.867    15.750  4 57512.22604444 51.914
 289  65.533727  63.352568    15.396    15.354  4 57522.14170026 36.487
 290  65.526289  63.353135    15.508    15.526  5 57532.05735241 54.105
 291  65.523287  63.352566    15.810    15.625  5 57541.97300177 39.879
 292  65.524859  63.351595    15.708    15.710  4 57551.88864868 49.255
 293  65.525643  63.351861    16.087    16.034  4 57561.80429386 50.465
 294  65.525528  63.352979    15.727    15.761  5 57571.71993841 38.431
 295  65.526582  63.353597    15.856    15.846  5 57581.63558302 51.820
 296  65.527814  63.353752    15.498    15.310  5 57591.55122588 43.003
 297  65.530006  63.353380    15.081    15.096  4 57601.46686623 32.718
