#   58.191  -0.913   2.394 ;Mean Elev.(m), Avg Gradient(m/km), RMS Gradient(m/km) - SRTM1     
#   56.518  -0.911   4.012 ;Mean Elev.(m), Avg Gradient(m/km), RMS Gradient(m/km) - ASTER GDEM
#   58.832  -0.804   1.871 ;Mean Elev.(m), Avg Gradient(m/km), RMS Gradient(m/km) - GMTED2010 
   2  84.244131  57.256591    64.506    64.506  2 54672.12830053 50.305
   3  84.240063  57.256505   -30.753   -30.753  2 54682.04394377  1.132
   4  84.240102  57.256565    64.071    64.071  2 54691.95958614 50.985
   5  84.243067  57.255726   -27.950   -27.950  2 54701.87522623  1.642
   6  84.246389  57.255192    63.901    63.901  2 54711.79087406 45.816
   7  84.249058  57.255997   -23.857   -23.857  2 54721.70652541  4.686
   8  84.247325  57.256219    66.736    66.736  2 54731.62217380 27.707
   9  84.241632  57.255657    65.107    65.107  2 54741.53782020 51.045
  10  84.241529  57.256873    67.477    67.623  3 54751.45346735 25.858
  11  84.240760  57.256304    64.201    64.201  2 54761.36911400 44.275
  12  84.244607  57.256468    65.820    65.820  2 54771.28475878 31.192
  13  84.245899  57.255390    68.319    68.319  2 54781.20039996 23.137
  14  84.246674  57.254746    64.594    64.594  2 54791.11603848 42.885
  15  84.248120  57.255842    64.190    64.190  2 54801.03167609 44.314
  16  84.247797  57.255938    64.279    64.279  2 54810.94731335 34.007
  17  84.246720  57.255354    64.644    64.592  3 54820.86295330 29.248
  18  84.244312  57.254978    64.355    64.355  2 54830.77860510 24.733
  19  84.242746  57.255926    64.239    64.239  2 54840.69424374 24.554
  20  84.238288  57.256699    64.005    63.985  3 54850.60989242 27.177
  21  84.235269  57.258144    63.839    63.856  3 54860.52554100 30.313
  22  84.232764  57.258241    63.799    63.869  3 54870.44118957 29.396
  23  84.235845  57.258072    65.441    66.131  3 54880.35683733 22.360
  24  84.239617  57.256303    65.659    66.466  3 54890.27248167 21.654
  25  84.243242  57.255723    66.511    66.511  2 54900.18812306 21.394
  26  84.243233  57.256409    64.187    64.144  3 54910.10376211 25.683
  27  84.240361  57.256756    64.459    64.487  3 54920.01939951 35.124
  28  84.241194  57.257091    66.813    66.811  3 54929.93503680 38.047
  29  84.245868  57.256203    67.983    67.983  2 54939.85067317 30.167
  30  84.252357  57.255136    68.563    68.563  2 54949.76630807 49.060
  31  84.254776  57.254146    70.309    70.300  3 54959.68194663 37.282
  32  84.251226  57.254480    69.270    69.260  3 54969.59759490 37.278
  33  84.248331  57.255961    69.703    69.703  2 54979.51324234 28.475
  34  84.244993  57.256457    68.301    68.301  2 54989.42888948 38.770
  35  84.243657  57.256308    67.440    67.467  3 54999.34453676 37.166
  36  84.242495  57.255892    68.862    68.862  2 55009.26018219 24.045
  37  84.242254  57.256039    66.826    66.826  2 55019.17582600 33.720
  38  84.240869  57.256984    66.593    66.593  2 55029.09146842 51.752
  39  84.239191  57.257851    65.941    65.897  3 55039.00711017 52.103
  40  84.239284  57.257585    66.073    65.166  3 55048.92275060 30.594
  41  84.242837  57.256039    65.157    65.157  2 55058.83838909 49.178
  42  84.249189  57.255088    65.223    65.223  2 55068.75402854 47.482
  43  84.250701  57.254776    65.547    65.547  2 55078.66967842 44.315
  44  84.247272  57.255073    65.008    65.008  2 55088.58532587 48.060
  45  84.242896  57.256366    64.574    64.574  2 55098.50097203 51.835
  46  84.239103  57.256577    67.714    67.714  2 55108.41661763 25.352
  47  84.242200  57.256941    67.437    67.437  2 55118.33226290 27.771
  48  84.245773  57.255494    68.324    68.324  2 55128.24790556 27.619
  49  84.248228  57.254415    66.360    66.360  2 55138.16354598 38.808
  50  84.249016  57.255168    68.430    68.430  2 55148.07918481 37.594
  51  84.245565  57.255431    66.688    66.688  2 55157.99482251 34.396
  52  84.245211  57.256490    66.870    66.870  2 55167.91046038 28.194
  53  84.246735  57.256572    66.371    66.371  2 55177.82609761 27.827
  54  84.247549  57.255981    67.272    67.272  2 55187.74174187 23.407
  55  84.245978  57.256572    66.753    66.753  2 55197.65739258 21.160
  56  84.241481  57.257177    66.278    66.356  3 55207.57304208 21.562
  57  84.236566  57.257457    66.664    66.774  3 55217.48869099 21.077
  58  84.234258  57.257121    66.737    66.738  3 55227.40433942 18.917
  59  84.237508  57.256796    67.156    67.087  3 55237.31998556 18.487
  60  84.242885  57.255919    66.958    66.985  3 55247.23562830 18.891
  61  84.245773  57.255274    67.731    67.731  2 55257.15126824 16.715
  62  84.246768  57.256451    66.697    66.697  2 55267.06690722 16.546
  63  84.241576  57.255864    66.879    66.879  2 55276.98254471 18.893
  64  84.242338  57.256296    65.544    65.544  2 55286.89818175 17.994
  65  84.246599  57.255429    68.512    68.641  3 55296.81381666 10.931
  66  84.251015  57.254372    65.758    65.366  3 55306.72945759 39.873
  67  84.252232  57.254412    71.744    71.773  3 55316.64510432 42.766
  68  84.250318  57.255271    71.121    71.121  2 55326.56074972 36.602
  69  84.245347  57.255730    70.735    70.734  3 55336.47639385 54.127
  70  84.242649  57.256535    70.148    70.165  3 55346.39203779 35.737
  71  84.241390  57.256223    70.580    70.567  3 55356.30768039 35.857
  72  84.242889  57.256412    69.768    69.768  2 55366.22332125 41.229
  73  84.243681  57.256079    68.566    68.496  3 55376.13896044 52.666
  74  84.243899  57.256044    69.234    69.234  2 55386.05459856 48.889
  75  84.243207  57.255558    69.954    69.954  2 55395.97023559 28.510
  76  84.246576  57.256491    69.663    69.663  2 55405.88587683 28.217
  77  84.244602  57.255125    66.415    66.415  2 55415.80152764 46.832
  78  84.247777  57.255257    66.431    66.431  2 55425.71717591 48.888
  79  84.250319  57.255654    65.074    65.074  2 55435.63282160 37.670
  80  84.246091  57.254644    64.413    64.413  2 55445.54846522 45.905
  81  84.245683  57.256653    64.194    64.194  2 55455.46410892 37.370
  82  84.242627  57.256375    64.204    64.204  2 55465.37975133 33.763
  83  84.245133  57.256023    64.328    64.328  2 55475.29539133 34.388
  84  84.249407  57.254853    64.506    64.506  2 55485.21102826 48.231
  85  84.254409  57.254821    64.224    64.191  3 55495.12666324 43.892
  86  84.252969  57.254060    68.342    68.308  3 55505.04229653 33.660
  87  84.247382  57.255081    63.982    63.982  2 55514.95794658 42.811
  88  84.243690  57.256128    64.700    64.700  2 55524.87359589 42.481
  89  84.241048  57.256102    66.680    67.072  3 55534.78924324 24.681
  90  84.240624  57.256076    65.739    65.739  2 55544.70488887 24.320
  91  84.240058  57.256268    65.251    64.713  3 55554.62053270 24.346
  92  84.239598  57.256969    66.642    66.642  2 55564.53617573 21.393
  93  84.240111  57.257002    67.477    67.477  2 55574.45181819 20.305
  94  84.242715  57.256412    67.691    67.539  3 55584.36745926 20.337
  95  84.246673  57.255391    67.342    67.342  2 55594.28309698 21.195
  96  84.251875  57.255232    64.279    64.279  2 55604.19873157 22.750
  97  84.253851  57.254625    64.303    64.303  2 55614.11436360 26.259
  98  84.253188  57.254586    64.491    64.491  2 55624.03000155 24.969
  99  84.248646  57.254848    64.733    64.733  2 55633.94565362 26.609
 100  84.247788  57.255461    64.829    64.775  3 55643.86130382 26.613
 101  84.249010  57.255853    64.805    64.805  2 55653.77695134 19.748
 102  84.249864  57.255272    65.677    65.677  2 55663.69259429 39.919
 103  84.249432  57.255047    70.308    70.308  2 55673.60823429 49.739
 104  84.248415  57.255431    69.830    69.785  3 55683.52387293 31.886
 105  84.247709  57.255851    70.156    70.156  2 55693.43951033 29.795
 106  84.248138  57.255887    68.821    68.821  2 55703.35514628 52.401
 107  84.245679  57.255039    69.616    69.616  2 55713.27079068 30.962
 108  84.243041  57.255188    67.204    67.204  2 55723.18643978 48.688
 109  84.242156  57.256356    69.220    69.243  3 55733.10208715 19.840
 110  84.241143  57.256852    65.932    65.947  3 55743.01773306 33.373
 111  84.240987  57.256485    65.757    65.628  3 55752.93337752 53.291
 112  84.245405  57.256440    65.419    65.419  2 55762.84902015 34.662
 113  84.248648  57.255374    64.808    64.808  2 55772.76465973 48.735
 114  84.250821  57.254468    64.506    64.670  3 55782.68029580 49.686
 115  84.252188  57.254716    64.198    64.211  3 55792.59592953 43.727
 116  84.251596  57.254414    63.935    63.819  3 55802.51156380 41.547
 117  84.249788  57.255290    64.965    64.965  2 55812.42721393 49.258
 118  84.249449  57.255088    63.883    63.891  3 55822.34286237 47.343
 119  84.251120  57.254611    65.890    65.890  2 55832.25850615 35.210
 120  84.252509  57.254154    65.885    65.885  2 55842.17414540 36.964
 121  84.252634  57.254394    65.232    64.038  3 55852.08978147 36.568
 122  84.252000  57.255178    68.000    68.000  2 55862.00541529 31.635
 123  84.246470  57.255982    65.935    65.935  2 55871.92106935 29.998
 124  84.243301  57.255334    64.401    64.401  2 55881.83671862 38.029
 125  84.246391  57.256467    66.701    66.701  2 55891.75236218 28.705
 126  84.244740  57.254838    65.832    65.832  2 55901.66799919 29.344
 127  84.247679  57.256077    66.211    66.211  2 55911.58363370 25.811
 128  84.241805  57.256323    65.395    65.395  2 55921.49928782 25.272
 129  84.242188  57.257038    65.091    65.091  2 55931.41493999 27.158
 130  84.244086  57.255804    64.037    64.051  3 55941.33058797 28.015
 131  84.248475  57.255366    65.903    66.919  3 55951.24623178 27.018
 132  84.248453  57.254641    64.937    64.937  2 55961.16187130 26.337
 133  84.247407  57.255299    66.608    66.608  2 55971.07750855 24.499
 134  84.244638  57.254783    63.478    63.478  2 55980.99314420 26.616
 135  84.249546  57.255555    64.967    64.967  2 55990.90877954 26.274
 136  84.250722  57.254703    64.017    64.017  2 56000.82442466 25.049
 137  84.252357  57.254963    63.991    63.991  2 56010.74007506 22.727
 138  84.250656  57.254989    64.274    64.274  2 56020.65572128 29.252
 139  84.247794  57.256046    67.559    67.559  2 56030.57136470 54.344
 140  84.242738  57.256110    66.224    66.207  3 56040.48700589 41.510
 141  84.242405  57.256552    69.936    70.017  3 56050.40264542 25.815
 142  84.244176  57.256060    69.554    69.396  3 56060.31828235 27.745
 143  84.246895  57.254773    65.616    65.616  2 56070.23391899 45.360
 144  84.244478  57.254915    65.122    65.122  2 56080.14956969 45.168
 145  84.242624  57.256252    64.520    64.520  2 56090.06521783 50.954
 146  84.239519  57.256441    64.289    64.289  2 56099.98086316 51.168
 147  84.241862  57.256868    63.973    63.973  3 56109.89649493 39.157
 148  84.247366  57.256133    64.021    64.021  2 56119.81213533 47.878
 149  84.253268  57.254799    64.689    64.689  2 56129.72777203 48.930
 150  84.256792  57.254406    64.436    64.436  2 56139.64340559 37.273
 151  84.250057  57.254675    63.906    63.893  3 56149.55905499 42.251
 152  84.245942  57.256215    63.801    63.801  2 56159.47470408 33.251
 153  84.243536  57.255981    63.993    64.112  3 56169.39035173 48.859
 154  84.246059  57.255232    63.737    63.737  2 56179.30599636 40.222
 155  84.251389  57.255384    64.095    64.095  2 56189.22163713 34.337
 156  84.252100  57.254926    66.071    66.071  2 56199.13727413 32.058
 157  84.249358  57.254813    64.057    63.992  3 56209.05290808 41.358
 158  84.247130  57.255162    64.469    64.469  2 56218.96854032 43.449
 159  84.243937  57.255609    66.656    66.656  2 56228.88418692 32.640
 160  84.243617  57.255949    64.594    64.651  3 56238.79984064 41.714
 161  84.244737  57.256268    65.018    65.018  2 56248.71549066 37.201
 162  84.243929  57.255579    64.437    64.437  2 56258.63113552 26.685
 163  84.242627  57.255947    66.545    66.469  3 56268.54677759 22.179
 164  84.243228  57.256932    67.664    67.664  2 56278.46241827 20.880
 165  84.241324  57.256638    67.487    67.487  2 56288.37806765 19.630
 166  84.243943  57.256060    67.836    67.720  3 56298.29371681 19.738
 167  84.247462  57.255361    67.841    67.841  2 56308.20936206 18.831
 168  84.249077  57.255313    68.007    67.982  3 56318.12500454 18.351
 169  84.246250  57.255795    68.157    68.157  2 56328.04064531 18.835
 170  84.243646  57.256193    65.602    66.305  3 56337.95628504 21.456
 171  84.244428  57.255933    65.914    66.346  3 56347.87192310 20.308
 172  84.248201  57.254485    68.406    68.406  2 56357.78755854 16.467
 173  84.250720  57.255024    64.549    64.549  2 56367.70320810 18.385
 176  84.239310  57.256828    66.309    66.309  2 56397.45014467 28.604
 177  84.239204  57.257500    69.271    69.263  3 56407.36578602 32.381
 178  84.241680  57.256749    70.870    70.870  2 56417.28142352 34.513
 179  84.245808  57.255046    70.808    70.808  2 56427.19705628 35.457
 180  84.245431  57.255756    70.189    70.189  2 56437.11270847 31.476
 181  84.243336  57.256922    70.025    70.025  2 56447.02835990 31.247
 182  84.240139  57.257168    69.640    69.640  2 56456.94400879 31.409
 183  84.239817  57.256857    67.956    67.956  2 56466.85965463 53.219
 184  84.242190  57.255685    67.371    67.371  2 56476.77529662 41.811
 185  84.249485  57.255976    67.339    67.339  2 56486.69093566 45.973
 186  84.251234  57.255081    67.249    67.249  2 56496.60657144 48.871
 187  84.251778  57.255322    66.410    66.410  2 56506.52220599 49.008
 188  84.250170  57.254909    66.710    66.737  3 56516.43784064 49.481
 189  84.246570  57.255224    68.529    68.529  2 56526.35349509 24.823
 190  84.247028  57.255435    68.725    68.725  2 56536.26914573 24.565
 192  84.247670  57.256264    67.914    67.914  2 56556.10043657 26.982
 193  84.242208  57.255518    64.837    64.837  2 56566.01607862 46.292
 194  84.240998  57.256805    67.839    67.839  2 56575.93171996 25.517
 195  84.241103  57.256562    65.291    65.291  2 56585.84735796 41.664
 196  84.243038  57.255426    66.665    66.665  2 56595.76299571 31.721
 197  84.243859  57.256183    66.382    65.996  3 56605.67864828 45.408
 198  84.244062  57.256538    65.423    65.423  2 56615.59429597 47.210
 199  84.242465  57.255975    64.335    64.322  3 56625.50993982 44.309
 200  84.242848  57.255946    64.731    64.731  2 56635.42558121 50.432
 201  84.245047  57.255449    65.323    65.323  2 56645.34122018 26.224
 202  84.246653  57.256326    66.406    66.406  2 56655.25687321 22.707
 203  84.247681  57.256172    67.156    67.156  2 56665.17252168 19.955
 204  84.247752  57.256310    67.074    67.074  2 56675.08816731 19.969
 205  84.243929  57.255557    66.899    66.899  2 56685.00381126 22.865
 206  84.243504  57.256156    67.133    66.826  3 56694.91945365 18.485
 207  84.244945  57.255806    67.179    67.179  2 56704.83509159 19.608
 208  84.248207  57.254717    68.203    68.203  2 56714.75072418 16.410
 209  84.248086  57.256043    65.640    65.640  2 56724.66637577 19.983
 210  84.242627  57.255806    68.947    68.947  2 56734.58202526 14.421
 211  84.240144  57.257385    65.405    65.394  3 56744.49767203 26.772
 212  84.238240  57.257307    69.164    69.164  2 56754.41331435 40.254
 213  84.239551  57.256234    69.383    69.386  3 56764.32895131 53.026
 214  84.243439  57.255667    70.100    70.100  2 56774.24458758 29.864
 215  84.241034  57.256287    68.075    68.075  2 56784.16024458 52.244
 216  84.239368  57.257486    69.825    69.790  3 56794.07589800 26.718
 217  84.237179  57.257768    69.904    69.938  3 56803.99154786 26.606
 218  84.238662  57.257276    69.158    69.213  3 56813.90719047 38.777
 219  84.242634  57.256734    68.705    68.705  3 56823.82282981 55.528
 220  84.245251  57.255141    68.850    68.850  2 56833.73846485 49.527
 221  84.249434  57.254853    68.106    68.052  3 56843.65409686 49.993
 222  84.249215  57.255306    67.461    67.471  3 56853.56973939 48.386
 223  84.246666  57.256510    66.285    66.285  2 56863.48539339 42.122
 224  84.243044  57.256287    65.635    65.635  2 56873.40104654 47.792
 225  84.242680  57.256602    65.744    65.782  3 56883.31669690 37.878
 226  84.241961  57.256401    65.398    65.398  2 56893.23234373 45.282
 227  84.240000  57.256308    64.724    64.656  3 56903.14798722 43.131
 228  84.238241  57.257465    64.182    64.228  3 56913.06362887 49.732
 229  84.235713  57.257094    63.961    63.943  3 56922.97926847 35.035
 230  84.237053  57.256744    64.030    63.989  3 56932.89490602 50.325
 231  84.242770  57.256321    67.089    67.089  2 56942.81053867 27.958
 232  84.243413  57.255113    66.659    66.659  2 56952.72618321 34.042
 233  84.243682  57.256231    66.747    66.606  3 56962.64183404 50.804
 234  84.241195  57.256460    65.889    65.889  2 56972.55747973 48.470
 235  84.240637  57.256400    66.793    66.879  3 56982.47312141 27.910
 236  84.244568  57.256137    68.340    68.340  2 56992.38875894 21.731
 237  84.250642  57.255012    66.774    66.774  2 57002.30439373 23.817
 238  84.249164  57.254832    66.724    66.724  2 57012.22005085 24.204
 239  84.248605  57.255898    66.804    66.804  2 57022.13570247 22.984
 240  84.244782  57.256518    65.576    65.576  2 57032.05135082 25.663
 241  84.241599  57.256497    66.063    66.063  2 57041.96699699 22.794
 242  84.241433  57.256240    65.824    65.824  2 57051.88264123 22.571
 243  84.246345  57.256471    66.884    66.884  2 57061.79828174 17.957
 244  84.247445  57.254874    66.358    66.358  2 57071.71391626 18.176
 245  84.249057  57.255028    66.755    66.755  2 57081.62954699 17.554
 246  84.245632  57.256257    65.268    65.268  2 57091.54519089 24.138
 247  84.237335  57.256547    65.080    65.066  3 57101.46084773 27.046
 248  84.235551  57.256802    65.317    65.317  3 57111.37650183 21.696
 249  84.240438  57.257262    66.169    66.144  3 57121.29215078 27.735
 250  84.242762  57.256203    71.332    71.332  2 57131.20779356 38.859
 251  84.243151  57.255570    71.137    71.137  2 57141.12343102 35.461
 252  84.242844  57.255647    71.145    71.145  2 57151.03906512 54.265
 253  84.246207  57.256056    71.215    71.215  2 57160.95469633 52.061
 254  84.245859  57.256124    70.366    70.366  2 57170.87035108 34.734
 255  84.247556  57.255780    70.589    70.589  2 57180.78600605 53.893
 256  84.248359  57.255368    68.904    68.894  3 57190.70165701 50.334
 257  84.245331  57.255114    67.554    67.554  2 57200.61730447 41.395
 258  84.242729  57.256205    69.592    69.592  2 57210.53293861 29.213
 259  84.240386  57.256416    65.813    65.813  2 57220.44858250 51.451
 260  84.241697  57.256287    68.053    69.131  3 57230.36422553 29.661
 261  84.245181  57.256237    69.135    69.135  2 57240.27986644 26.329
 262  84.246949  57.255300    64.669    64.669  2 57250.19550422 36.263
 263  84.247277  57.255459    64.977    64.977  2 57260.11113976 45.831
 264  84.246281  57.256121    63.975    63.975  2 57270.02677388 47.158
 265  84.240298  57.256492    65.559    65.559  2 57279.94242626 30.174
 266  84.239260  57.257104    68.283    68.283  2 57289.85808168 25.124
 267  84.241353  57.257102    68.911    68.639  3 57299.77373437 24.965
 268  84.243637  57.256333    68.775    68.876  3 57309.68938338 27.743
 269  84.243017  57.256166    67.969    67.969  2 57319.60502883 26.667
 270  84.240247  57.256557    65.183    65.058  3 57329.52067135 48.033
 271  84.238755  57.257071    64.592    64.592  2 57339.43631189 47.000
 272  84.238653  57.257022    64.941    64.948  3 57349.35196151 31.636
 273  84.242824  57.256268    66.858    67.002  3 57359.26760765 29.039
 274  84.248372  57.256013    68.385    68.385  2 57369.18325076 24.986
 275  84.248706  57.255721    68.460    68.460  2 57379.09889065 23.612
 276  84.246923  57.256347    68.469    68.469  2 57389.01452898 20.940
 277  84.245120  57.256231    68.461    68.461  2 57398.93016623 20.021
 278  84.247868  57.256276    68.440    68.440  2 57408.84580344 19.386
 279  84.246861  57.255687    68.252    68.252  2 57418.76145605 18.893
 280  84.246051  57.255834    68.133    68.133  2 57428.67710626 17.790
 281  84.243010  57.256704    68.067    68.067  2 57438.59275402 17.587
 282  84.238049  57.257222    67.472    67.472  2 57448.50840036 13.533
 283  84.235099  57.257385    67.503    67.427  3 57458.42404566 14.578
 284  84.238504  57.257729    66.580    67.218  3 57468.33968870 12.205
 285  84.243309  57.256281    65.256    65.252  3 57478.25532755 26.838
 286  84.248471  57.255463    70.897    70.897  2 57488.17096333 52.309
 287  84.249673  57.254228    69.155    69.155  2 57498.08659652 49.846
 288  84.248897  57.254961    70.530    70.530  2 57508.00223670 34.646
 289  84.245532  57.256441    70.064    70.064  2 57517.91789256 30.930
 290  84.244645  57.256786    69.328    69.328  2 57527.83354558 53.257
 291  84.244078  57.254860    68.561    68.561  2 57537.74919550 43.203
 292  84.247593  57.255325    68.719    68.719  2 57547.66484358 34.651
 293  84.246013  57.254985    67.300    67.300  2 57557.58048973 47.631
 294  84.243119  57.255749    67.405    67.405  2 57567.49613496 46.601
 295  84.241535  57.256733    67.594    67.594  2 57577.41177968 46.083
 296  84.241230  57.256800    69.028    69.028  2 57587.32742313 24.043
 297  84.242579  57.256417    66.721    66.721  2 57597.24306424 47.374
