-162970.124    81.387     0.00    3.62
-162683.883    81.161    -0.79    3.39
-162397.620    80.831    -1.15    2.91
-162111.337    80.591    -0.84    2.36
-161825.032    80.355    -0.82    1.55
-161538.706    80.382     0.09    1.29
-161252.359    80.438     0.20    1.26
-160965.991    80.589     0.53    1.24
-160679.602    80.602     0.04    1.42
-160393.192    80.570    -0.11    1.60
-160106.761    80.355    -0.75    1.73
-159820.308    80.275    -0.28    1.70
-159533.835    80.173    -0.36    1.63
-159247.340    80.423     0.87    2.32
-158960.824    80.811     1.35    2.93
-158674.287    80.904     0.32    2.88
-158387.728    80.704    -0.70    2.75
-158101.149    80.445    -0.90    2.41
-157814.548    80.274    -0.59    2.42
-157527.927    80.151    -0.43    2.41
-157241.284    80.065    -0.30    2.25
-156954.619    79.797    -0.93    2.17
-156667.934    79.473    -1.13    1.74
-156381.228    79.183    -1.01    1.44
-156094.500    79.072    -0.39    1.74
-155807.751    79.076     0.01    2.24
-155520.981    78.829    -0.86    2.56
-155234.189    78.522    -1.07    2.67
-154947.377    78.247    -0.96    2.76
-154660.543    77.891    -1.24    2.68
-154373.688    77.762    -0.45    2.66
-154086.811    77.516    -0.86    2.22
-153799.914    77.120    -1.38    1.15
-153512.995    77.015    -0.37    0.87
-153226.055    76.752    -0.92    1.05
-152939.094    76.409    -1.19    1.19
-152652.111    76.016    -1.37    1.23
-152365.107    75.632    -1.34    1.41
-152078.082    75.513    -0.41    2.07
-151791.035    75.330    -0.64    2.31
-151503.968    75.338     0.03    2.40
-151216.879    75.530     0.67    2.91
-150929.768    75.406    -0.43    2.67
-150642.637    75.421     0.05    2.54
-150355.484    75.105    -1.10    1.95
-150068.310    75.157     0.18    1.80
-149781.114    75.407     0.87    1.82
-149493.897    75.728     1.12    1.85
-149206.659    76.100     1.30    1.77
-148919.399    76.463     1.26    1.68
-148632.118    76.798     1.17    1.48
-148344.816    76.989     0.66    1.35
-148057.493    77.021     0.11    1.09
-147770.148    76.888    -0.46    1.02
-147482.781    76.802    -0.30    1.04
-147195.394    76.608    -0.68    1.05
-146907.985    76.576    -0.11    0.95
-146620.554    76.718     0.49    0.97
-146333.102    76.927     0.73    0.93
-146045.629    77.293     1.27    1.13
-145758.134    77.784     1.71    1.13
-145470.618    78.204     1.46    1.08
-145183.081    78.532     1.14    0.97
-144895.522    78.543     0.04    1.04
-144607.942    78.355    -0.65    1.40
-144320.340    78.061    -1.02    1.75
-144032.717    77.788    -0.95    2.24
-143745.073    77.674    -0.40    2.73
-143457.407    77.213    -1.60    3.08
-143169.719    76.665    -1.90    3.35
-142882.010    76.201    -1.61    3.43
-142594.280    75.642    -1.94    3.12
-142306.528    75.311    -1.15    2.74
-142018.755    75.021    -1.01    2.32
-141730.960    75.293     0.94    2.53
-141443.144    75.870     2.00    2.82
-141155.307    76.668     2.77    2.94
-140867.447    77.663     3.46    3.04
-140579.567    78.435     2.68    2.95
-140291.665    79.006     1.98    2.81
-140003.741    79.588     2.02    2.62
-139715.796    79.418    -0.59    2.47
-139427.829    78.284    -3.94    2.90
-139139.841    77.311    -3.38    3.13
-138851.831    76.754    -1.93    3.06
-138563.800    76.025    -2.53    2.91
-138275.747    75.743    -0.98    2.58
-137987.673    75.541    -0.70    2.50
-137699.577    75.891     1.22    2.57
-137411.460    75.916     0.09    2.73
-137123.321    75.550    -1.27    2.90
-136835.160    75.137    -1.43    3.12
-136546.978    74.648    -1.70    3.26
-136258.775    73.629    -3.53    3.46
-135970.549    72.354    -4.42    3.62
-135682.303    71.097    -4.36    3.18
-135394.034    70.329    -2.66    2.87
-135105.744    70.045    -0.98    2.82
-134817.433    69.830    -0.75    2.93
-134529.099    69.815    -0.05    3.08
-134240.745    70.186     1.28    3.15
-133952.368    70.143    -0.15    3.25
-133663.970    69.957    -0.64    3.32
-133375.550    69.431    -1.82    3.34
-133087.109    68.495    -3.24    3.05
-132798.646    66.954    -5.34    3.52
-132510.162    65.696    -4.36    4.24
-132221.655    65.089    -2.10    4.18
-131933.128    64.566    -1.82    4.02
-131644.578    64.177    -1.35    3.95
-131356.007    63.559    -2.14    4.41
-131067.414    63.364    -0.68    4.55
-130778.799    63.276    -0.31    5.05
-130490.163    63.195    -0.28    5.01
-130201.505    63.141    -0.19    4.54
-129912.825    62.738    -1.40    4.11
-129624.124    61.939    -2.77    4.41
-129335.401    61.902    -0.13    4.55
-129046.656    61.547    -1.23    5.00
-128757.890    61.109    -1.52    5.43
-128469.102    60.820    -1.00    5.53
-128180.292    60.552    -0.93    5.38
-127891.460    60.871     1.10    4.53
-127602.607    60.850    -0.07    4.43
-127313.732    60.448    -1.39    4.27
-127024.835    59.437    -3.50    5.48
-126735.916    58.788    -2.24    5.61
-126446.976    58.041    -2.59    5.71
-126158.014    57.381    -2.28    5.60
-125869.030    56.320    -3.67    5.67
-125580.024    55.898    -1.46    5.13
-125290.997    55.034    -2.99    5.22
-125004.481    53.912    -3.91    5.44
-124719.968    53.188    -2.55    5.71
-124435.434    52.909    -0.98    5.68
-124150.880    52.146    -2.68    5.97
-123866.306    51.541    -2.13    6.32
-123581.711    50.497    -3.67    6.81
-123297.095    49.570    -3.26    7.05
-123012.459    49.659     0.31    7.17
-122727.803    48.770    -3.12    7.36
-122443.126    48.129    -2.25    7.28
-122158.429    47.647    -1.69    7.25
-121873.711    47.789     0.50    7.46
-121588.973    48.511     2.54    7.84
-121304.215    48.743     0.81    8.45
-121019.436    49.329     2.06    9.42
-120734.636    49.828     1.75    9.97
-120449.816    50.222     1.38   10.46
-120164.975    50.666     1.56   10.96
-119880.114    51.719     3.70   10.96
-119595.233    52.829     3.90   10.67
-119310.331    53.609     2.74   10.46
-119025.408    54.766     4.06    9.74
-118740.465    57.018     7.90    7.89
-118455.501    57.651     2.22    6.83
-118170.517    57.589    -0.22    6.15
-117885.512    57.534    -0.19    5.53
-117600.487    57.195    -1.19    5.26
-117315.441    56.820    -1.31    5.53
-117030.375    55.431    -4.87    7.35
-116745.288    54.390    -3.65    7.48
-116460.180    53.519    -3.06    7.28
-116175.052    53.195    -1.14    6.46
-115889.904    53.382     0.66    5.99
-115604.735    53.192    -0.67    5.41
-115319.545    53.767     2.02    5.10
-115034.334    54.483     2.51    4.75
-114749.103    55.677     4.19    3.99
-114463.852    55.954     0.97    3.85
-114178.580    55.238    -2.51    3.89
-113893.287    55.379     0.50    3.79
-113607.974    55.688     1.08    3.60
-113322.640    56.050     1.27    3.61
-113037.285    56.713     2.32    3.38
-112751.910    56.957     0.85    3.38
-112466.514    57.362     1.42    3.74
-112181.097    58.319     3.35    3.58
-111895.660    58.886     1.98    3.88
-111610.203    59.605     2.52    3.45
-111324.724    59.879     0.96    3.32
-111039.225    59.565    -1.10    3.43
-110753.705    59.095    -1.65    3.54
-110468.165    58.944    -0.53    3.40
-110182.604    58.239    -2.47    3.68
-109897.022    57.954    -1.00    3.78
-109611.420    57.128    -2.89    4.35
-109325.796    56.154    -3.41    4.82
-109040.153    55.036    -3.91    5.07
-108754.488    53.632    -4.91    4.93
-108468.803    52.355    -4.47    4.28
-108183.097    51.476    -3.08    3.42
-107897.370    51.479     0.01    3.21
-107611.623    51.766     1.00    3.26
-107325.855    52.212     1.56    3.14
-107040.066    52.159    -0.18    3.14
-106754.257    51.884    -0.96    2.81
-106468.426    51.859    -0.09    2.76
-106182.575    52.320     1.61    3.22
-105896.703    52.475     0.54    3.48
-105610.811    52.514     0.14    3.74
-105324.898    52.129    -1.35    4.11
-105038.964    51.615    -1.80    4.27
-104753.009    50.513    -3.85    4.21
-104467.033    49.320    -4.17    4.10
-104181.037    48.284    -3.62    4.24
-103895.020    47.910    -1.31    4.28
-103608.982    47.479    -1.51    4.38
-103322.923    46.825    -2.29    4.19
-103036.844    45.654    -4.09    4.14
-102750.743    44.909    -2.60    4.47
-102464.622    44.160    -2.62    4.36
-102178.480    43.390    -2.69    4.45
-101892.317    42.182    -4.22    4.50
-101606.134    41.455    -2.54    4.78
-101319.929    40.594    -3.01    4.85
-101033.704    39.877    -2.50    4.95
-100747.458    39.811    -0.23    4.82
-100461.191    39.386    -1.49    5.01
-100174.903    39.168    -0.76    5.14
 -99888.595    39.030    -0.48    5.28
 -99602.265    38.443    -2.05    5.12
 -99315.915    37.806    -2.22    5.09
 -99029.543    37.043    -2.67    5.02
 -98743.151    36.081    -3.36    5.26
 -98456.738    34.925    -4.04    5.41
 -98170.304    33.650    -4.45    5.95
 -97883.850    32.256    -4.87    6.16
 -97597.374    30.339    -6.69    6.48
 -97310.877    29.284    -3.68    6.32
 -97024.360    28.207    -3.76    6.26
 -96737.821    26.868    -4.67    6.19
 -96451.262    26.057    -2.83    6.07
 -96164.682    25.611    -1.55    5.08
 -95878.081    25.554    -0.20    4.48
 -95591.459    25.672     0.41    4.39
 -95304.816    26.594     3.21    4.60
 -95018.152    27.575     3.42    4.33
 -94731.467    28.502     3.23    4.73
 -94444.761    29.710     4.21    5.35
 -94158.034    31.345     5.70    6.01
 -93871.286    32.936     5.55    6.30
 -93584.517    34.748     6.32    5.77
 -93297.728    36.729     6.91    5.11
 -93010.917    38.196     5.12    4.68
 -92724.085    39.823     5.67    4.43
 -92437.232    41.240     4.94    4.20
 -92150.359    42.365     3.92    3.46
 -91863.464    43.311     3.30    2.93
 -91576.548    43.523     0.74    3.09
 -91289.612    43.823     1.04    3.18
 -91002.654    43.563    -0.91    3.43
 -90715.675    43.066    -1.73    3.36
 -90428.675    42.918    -0.51    2.82
 -90141.655    42.989     0.25    2.58
 -89854.613    43.077     0.31    1.91
 -89567.550    43.145     0.24    1.52
 -89280.466    43.393     0.86    1.42
 -88993.361    44.025     2.20    1.11
 -88706.235    44.329     1.06    0.85
 -88419.088    44.502     0.60    0.83
 -88131.920    44.574     0.25    0.96
 -87844.730    44.599     0.09    1.03
 -87557.520    44.738     0.48    1.14
 -87270.289    44.644    -0.33    1.46
 -86983.036    44.486    -0.55    1.74
 -86695.763    44.432    -0.19    1.75
 -86408.468    44.302    -0.45    1.78
 -86121.152    44.095    -0.72    1.75
 -85833.815    43.650    -1.55    1.69
 -85546.457    43.436    -0.75    1.60
 -85259.078    43.267    -0.59    1.78
 -84971.678    43.120    -0.51    1.92
 -84684.257    43.064    -0.20    2.39
 -84396.814    43.329     0.92    2.95
 -84109.350    44.034     2.45    3.74
 -83821.866    45.007     3.39    4.11
 -83534.360    46.186     4.10    4.23
 -83246.832    47.002     2.84    4.01
 -82959.284    48.010     3.50    4.19
 -82671.715    49.143     3.94    4.25
 -82384.124    50.125     3.42    3.93
 -82096.512    50.502     1.31    3.83
 -81808.879    50.697     0.68    3.48
 -81521.225    50.510    -0.65    3.22
 -81233.550    50.353    -0.55    2.93
 -80945.853    50.452     0.34    2.89
 -80658.136    50.557     0.36    3.10
 -80370.397    50.446    -0.38    3.16
 -80082.636    50.832     1.34    3.16
 -79794.855    51.136     1.06    3.03
 -79507.052    51.151     0.05    3.08
 -79219.228    51.066    -0.30    3.18
 -78931.383    51.123     0.20    3.24
 -78643.517    51.012    -0.39    3.10
 -78355.629    50.772    -0.84    3.23
 -78067.721    50.145    -2.18    3.43
 -77779.790    49.908    -0.82    3.31
 -77491.839    49.472    -1.51    3.32
 -77203.867    48.614    -2.98    3.46
 -76915.873    47.552    -3.69    3.45
 -76627.857    46.595    -3.32    3.24
 -76339.821    46.140    -1.58    3.14
 -76051.763    45.820    -1.11    2.94
 -75763.684    45.779    -0.14    2.89
 -75475.584    45.815     0.12    2.74
 -75187.462    46.017     0.70    2.67
 -74899.319    46.452     1.51    2.73
 -74611.155    46.497     0.15    2.80
 -74322.969    46.366    -0.45    2.90
 -74034.762    46.196    -0.59    2.93
 -73746.534    45.823    -1.29    2.73
 -73458.285    45.442    -1.32    2.62
 -73170.014    45.394    -0.17    2.73
 -72881.721    45.266    -0.44    2.98
 -72593.408    44.895    -1.29    3.00
 -72305.073    44.036    -2.98    3.72
 -72016.716    42.793    -4.31    4.67
 -71728.339    41.403    -4.82    5.61
 -71439.940    39.552    -6.42    6.89
 -71151.519    37.426    -7.37    7.86
 -70863.077    36.007    -4.92    8.27
 -70574.614    34.936    -3.71    8.20
 -70286.129    33.897    -3.60    8.07
 -69997.623    34.393     1.72    8.77
 -69709.096    35.733     4.64    9.13
 -69420.547    37.179     5.01    9.41
 -69131.977    39.047     6.47    9.18
 -68843.385    41.238     7.59    7.71
 -68554.772    43.527     7.93    4.72
 -68266.137    43.986     1.59    2.83
 -67977.481    43.867    -0.41    2.70
 -67688.804    43.864    -0.01    2.41
 -67400.105    43.348    -1.79    2.20
 -67111.385    41.671    -5.81    3.45
 -66822.643    41.118    -1.92    3.88
 -66533.879    41.037    -0.28    3.82
 -66245.095    40.780    -0.89    3.80
 -65956.289    41.066     0.99    3.91
 -65667.461    42.034     3.35    3.82
 -65378.612    42.793     2.63    3.59
 -65089.741    43.893     3.81    2.82
 -64800.849    44.387     1.71    2.83
 -64511.935    45.034     2.24    2.66
 -64223.000    45.489     1.58    2.85
 -63934.043    45.403    -0.30    3.04
 -63645.065    45.416     0.04    2.90
 -63356.065    45.398    -0.06    2.72
 -63070.130    44.859    -1.88    3.09
 -62785.598    44.320    -1.89    3.11
 -62501.046    44.014    -1.08    3.25
 -62216.474    43.820    -0.68    3.17
 -61931.882    43.983     0.57    3.14
 -61647.269    44.023     0.14    3.04
 -61362.636    44.275     0.89    3.26
 -61077.983    44.258    -0.06    3.38
 -60793.310    44.136    -0.43    3.36
 -60508.617    43.743    -1.38    3.24
 -60223.903    43.579    -0.58    3.04
 -59939.169    43.696     0.41    3.04
 -59654.415    44.139     1.55    3.00
 -59369.641    44.431     1.02    3.03
 -59084.847    45.050     2.17    2.54
 -58800.032    45.870     2.88    2.15
 -58515.197    46.045     0.62    2.02
 -58230.342    46.006    -0.14    2.34
 -57945.467    45.074    -3.27    3.50
 -57660.571    43.385    -5.93    5.28
 -57375.655    40.909    -8.69    7.17
 -57090.719    38.081    -9.93    8.13
 -56805.763    35.045   -10.65    7.89
 -56520.786    33.149    -6.65    6.97
 -56235.789    31.275    -6.57    5.43
 -55950.772    30.871    -1.42    4.76
 -55665.734    31.267     1.39    4.80
 -55380.677    32.320     3.69    4.49
 -55095.599    32.588     0.94    3.92
 -54810.500    32.114    -1.66    3.90
 -54525.382    31.164    -3.33    3.97
 -54240.243    30.225    -3.29    3.74
 -53955.083    29.608    -2.16    3.28
 -53669.904    28.411    -4.20    5.08
 -53384.704    24.802   -12.66    8.83
 -53099.484    21.974    -9.91   10.10
 -52814.243    19.012   -10.38   10.28
 -52528.982    15.904   -10.90    9.78
 -52243.701    13.045   -10.02    7.70
 -51958.400    10.931    -7.41    4.54
 -51673.078    10.284    -2.27    2.61
 -51387.735    10.888     2.11    2.77
 -51102.373    12.032     4.01    4.17
 -50816.990    14.197     7.59    6.41
 -50531.587    17.327    10.97    8.26
 -50246.163    20.833    12.28    8.81
 -49960.719    23.864    10.62    8.39
 -49675.254    27.339    12.17    6.43
 -49389.769    29.084     6.11    5.03
 -49104.264    29.974     3.12    3.96
 -48818.738    30.185     0.74    4.00
 -48533.192    29.554    -2.21    4.24
 -48247.626    29.170    -1.34    4.32
 -47962.039    28.623    -1.91    4.71
 -47676.432    27.674    -3.33    4.81
 -47390.804    26.347    -4.64    5.01
 -47105.156    25.473    -3.06    5.57
 -46819.487    24.655    -2.86    5.67
 -46533.798    23.658    -3.49    5.47
 -46248.089    22.798    -3.01    5.10
 -45962.359    21.802    -3.48    4.61
 -45676.608    21.187    -2.15    4.10
 -45390.838    21.056    -0.46    4.20
 -45105.046    21.206     0.53    4.24
 -44819.235    21.996     2.76    4.96
 -44533.402    23.393     4.89    5.96
 -44247.550    24.696     4.56    6.37
 -43961.676    25.728     3.61    6.11
 -43675.783    26.661     3.27    5.50
 -43389.869    27.904     4.35    4.62
 -43103.934    28.718     2.85    3.73
 -42817.979    28.569    -0.52    3.12
 -42532.003    28.355    -0.75    2.57
 -42246.007    27.852    -1.76    2.19
 -41959.990    27.480    -1.30    1.75
 -41673.953    27.405    -0.26    1.66
 -41387.895    27.242    -0.57    1.41
 -41101.817    27.039    -0.71    0.77
 -40815.718    27.063     0.08    1.09
 -40529.599    27.066     0.01    1.19
 -40243.459    27.072     0.02    1.16
 -39957.298    26.936    -0.47    1.19
 -39671.117    26.838    -0.35    1.21
 -39384.916    26.825    -0.04    1.34
 -39098.693    26.846     0.07    1.45
 -38812.451    26.893     0.17    1.77
 -38526.187    26.960     0.23    1.77
 -38239.903    26.989     0.10    1.78
 -37953.599    26.659    -1.15    2.08
 -37667.274    26.199    -1.61    2.42
 -37380.928    25.615    -2.04    2.57
 -37094.562    24.936    -2.37    2.10
 -36808.175    24.695    -0.84    2.09
 -36521.767    24.775     0.28    2.14
 -36235.339    24.771    -0.01    2.07
 -35948.891    24.750    -0.07    2.03
 -35662.421    24.900     0.52    1.95
 -35375.931    24.635    -0.92    1.72
 -35089.421    24.284    -1.23    1.64
 -34802.889    24.034    -0.87    2.02
 -34516.337    23.842    -0.67    2.05
 -34229.765    23.704    -0.48    2.09
 -33943.172    23.766     0.22    2.11
 -33656.558    24.250     1.69    2.37
 -33369.923    24.646     1.38    2.49
 -33083.268    24.842     0.68    2.46
 -32796.592    25.097     0.89    2.32
 -32509.895    25.204     0.37    2.24
 -32223.178    25.249     0.16    2.15
 -31936.440    25.595     1.20    2.14
 -31649.681    25.806     0.74    2.04
 -31362.902    25.906     0.35    1.81
 -31076.102    25.898    -0.03    1.77
 -30789.281    25.677    -0.77    1.74
 -30502.439    25.705     0.10    1.77
 -30215.577    25.507    -0.69    1.96
 -29928.694    25.284    -0.78    1.77
 -29641.790    25.002    -0.98    1.63
 -29354.866    24.965    -0.13    1.59
 -29067.921    24.948    -0.06    1.52
 -28780.955    24.793    -0.54    1.29
 -28493.968    24.864     0.25    1.21
 -28206.960    25.293     1.49    1.49
 -27919.932    25.448     0.54    1.60
 -27632.883    25.757     1.08    1.60
 -27345.813    26.043     1.00    1.60
 -27058.723    26.389     1.21    1.50
 -26771.611    26.704     1.09    1.55
 -26484.479    26.898     0.68    1.51
 -26197.326    27.043     0.50    1.26
 -25910.152    27.248     0.72    1.03
 -25622.958    27.618     1.29    1.04
 -25335.742    27.957     1.18    1.04
 -25048.506    28.426     1.63    1.61
 -24761.249    29.338     3.17    2.53
 -24473.971    30.966     5.67    4.07
 -24186.673    32.676     5.95    4.99
 -23899.353    34.621     6.77    5.66
 -23612.013    36.516     6.60    5.72
 -23324.652    38.653     7.44    5.47
 -23037.270    40.797     7.46    4.66
 -22749.867    42.302     5.23    3.81
 -22462.443    43.372     3.72    2.98
 -22174.998    44.007     2.21    2.43
 -21887.533    44.400     1.37    2.08
 -21600.046    44.481     0.28    1.88
 -21312.539    44.293    -0.65    2.06
 -21025.011    43.802    -1.71    2.39
 -20737.462    43.302    -1.74    2.65
 -20449.892    42.711    -2.05    2.73
 -20162.301    42.065    -2.25    2.81
 -19874.689    41.464    -2.09    2.73
 -19587.057    40.881    -2.03    2.50
 -19299.403    40.495    -1.34    2.09
 -19011.728    40.815     1.11    2.54
 -18724.033    41.793     3.40    3.66
 -18436.317    43.258     5.09    4.53
 -18148.579    44.838     5.49    4.99
 -17860.821    46.829     6.92    4.90
 -17573.042    48.476     5.72    4.37
 -17285.242    49.501     3.56    3.55
 -16997.420    50.388     3.08    2.87
 -16709.578    50.974     2.04    2.54
 -16421.715    51.041     0.23    2.44
 -16133.831    50.968    -0.25    2.41
 -15845.926    50.888    -0.28    2.37
 -15558.000    51.119     0.80    2.28
 -15270.053    51.045    -0.26    2.15
 -14982.085    50.775    -0.94    2.09
 -14694.096    50.484    -1.01    1.94
 -14406.086    50.615     0.45    2.01
 -14118.055    50.848     0.81    2.58
 -13830.003    50.881     0.12    2.87
 -13541.930    51.056     0.61    3.15
 -13253.836    51.353     1.03    3.35
 -12965.721    51.840     1.69    3.52
 -12677.584    52.257     1.45    3.65
 -12389.427    52.881     2.16    3.53
 -12101.249    53.258     1.31    3.18
 -11813.049    53.504     0.85    2.76
 -11524.829    53.679     0.61    2.47
 -11236.588    53.436    -0.84    2.11
 -10948.325    53.185    -0.87    2.09
 -10660.042    52.862    -1.12    2.17
 -10371.737    52.258    -2.09    2.56
 -10083.411    51.600    -2.28    2.85
  -9795.064    50.891    -2.46    2.94
  -9506.696    50.248    -2.23    3.03
  -9218.307    49.940    -1.07    3.47
  -8929.897    49.649    -1.01    3.93
  -8641.466    49.378    -0.94    4.60
  -8353.013    49.088    -1.01    4.83
  -8064.540    48.373    -2.48    5.07
  -7776.045    47.819    -1.92    5.10
  -7487.529    46.646    -4.07    5.22
  -7198.992    45.086    -5.41    5.30
  -6910.434    42.670    -8.37    6.19
  -6621.855    39.302   -11.67    7.82
  -6333.255    37.447    -6.43    7.36
  -6044.633    36.293    -4.00    7.66
  -5755.991    35.605    -2.38    8.77
  -5467.327    34.954    -2.26    9.32
  -5178.642    34.815    -0.48    9.74
  -4889.935    34.763    -0.18   10.49
  -4601.208    33.974    -2.73   10.67
  -4312.459    32.293    -5.82   10.62
  -4023.690    31.079    -4.21   10.38
  -3734.899    30.940    -0.48   10.41
  -3446.086    30.241    -2.42   10.49
  -3157.253    29.056    -4.10   11.71
  -2868.398    27.177    -6.51   13.27
  -2579.523    23.873   -11.44   14.36
  -2290.625    19.914   -13.71   14.65
  -2001.707    15.895   -13.91   13.23
  -1712.768    11.758   -14.32   10.53
  -1423.807     7.713   -14.00    7.06
  -1138.390     4.886    -9.90    4.67
   -853.825     3.696    -4.18    4.48
   -569.239     2.591    -3.88    4.05
   -284.634     2.266    -1.14    3.85
     -0.009     1.900    -1.29    3.26
    284.636     2.208     1.08    2.88
    569.300     3.199     3.48    2.74
    853.985     4.168     3.40    2.18
   1138.690     4.784     2.16    1.46
   1423.414     4.881     0.34    1.27
   1708.159     4.868    -0.04    1.31
   1992.923     4.904     0.12    1.25
   2277.708     4.828    -0.27    1.61
   2562.512     4.379    -1.58    2.22
   2847.336     3.722    -2.31    2.68
   3132.180     2.997    -2.54    2.96
   3417.044     2.275    -2.53    3.03
   3701.928     1.797    -1.68    3.01
   3986.833     1.467    -1.16    3.00
   4271.757     1.161    -1.07    2.87
   4556.701     0.980    -0.63    2.80
   4841.665     1.016     0.13    2.75
   5126.649     1.079     0.22    2.65
   5411.652     1.081     0.01    2.57
   5696.676     1.089     0.03    2.57
   5981.720     1.072    -0.06    2.60
   6266.784     1.118     0.16    2.78
   6551.868     1.276     0.55    3.29
   6836.972     1.399     0.43    3.76
   7122.096     1.591     0.67    4.08
   7407.240     1.960     1.29    4.34
   7692.404     2.234     0.96    4.74
   7977.588     2.483     0.87    4.81
   8262.792     2.354    -0.45    4.56
   8548.016     2.229    -0.44    4.49
   8833.261     1.888    -1.20    4.21
   9118.525     1.698    -0.66    4.07
   9403.809     1.390    -1.08    3.59
   9689.113     1.230    -0.56    2.94
   9974.438     0.994    -0.83    2.42
  10259.782     1.174     0.63    2.19
  10545.147     1.558     1.35    2.19
  10830.531     2.045     1.71    2.12
  11115.936     2.635     2.07    1.84
  11401.361     3.102     1.63    1.47
  11686.806     3.486     1.35    0.99
  11972.271     3.570     0.29    0.80
  12257.756     3.667     0.34    0.77
  12543.261     3.742     0.26    0.77
  12828.786     3.888     0.51    0.73
  13114.332     3.974     0.30    0.78
  13399.897     4.041     0.23    0.79
  13685.483     4.056     0.05    0.77
  13971.089     4.128     0.25    0.78
  14256.715     4.204     0.27    0.76
  14542.361     4.158    -0.16    0.88
  14828.027     4.049    -0.38    0.92
  15113.713     4.030    -0.07    0.86
  15399.420     4.187     0.55    1.02
  15685.147     4.504     1.11    1.29
  15970.894     4.904     1.40    1.54
  16256.661     5.702     2.79    2.76
  16542.448     7.407     5.97    4.49
  16828.255     9.329     6.72    5.37
  17114.083    11.231     6.66    5.56
  17399.931    12.814     5.54    5.56
  17685.799    14.464     5.77    5.12
  17971.687    15.612     4.01    4.11
  18257.595    16.021     1.43    3.84
  18543.524    15.153    -3.04    4.27
  18829.472    14.519    -2.22    4.55
  19115.441    13.714    -2.82    4.77
  19401.431    13.109    -2.12    4.93
  19687.440    12.831    -0.97    5.14
  19973.470    13.191     1.26    5.32
  20259.520    13.517     1.14    5.45
  20545.590    14.479     3.36    5.59
  20831.680    14.927     1.57    5.33
  21117.791    15.502     2.01    5.05
  21403.922    15.569     0.23    4.66
  21690.073    15.151    -1.46    4.31
  21976.245    14.463    -2.41    3.88
  22262.437    13.767    -2.43    3.53
  22548.649    13.005    -2.66    2.74
  22834.881    12.336    -2.34    2.03
  23121.134    11.732    -2.11    1.38
  23407.406    11.204    -1.84    1.69
  23693.700    10.789    -1.45    1.82
  23980.013    10.623    -0.58    1.80
  24266.347    10.846     0.78    2.38
  24552.701    11.098     0.88    2.57
  24839.076    11.498     1.40    2.62
  25125.470    12.182     2.39    2.48
  25411.885    12.886     2.46    2.17
  25698.321    13.408     1.82    1.91
  25984.777    13.919     1.78    1.63
  26271.253    13.945     0.09    1.30
  26557.749    14.231     1.00    1.18
  26844.266    14.477     0.86    1.16
  27130.803    14.968     1.71    1.95
  27417.361    15.420     1.58    2.52
  27703.939    15.601     0.63    2.26
  27990.537    15.864     0.92    2.06
  28277.155    16.010     0.51    1.83
  28563.794    16.088     0.27    1.28
  28850.454    16.241     0.54    0.94
  29137.134    16.302     0.21    0.94
  29423.834    16.629     1.14    1.70
  29710.554    16.997     1.28    2.45
  29997.295    17.276     0.97    3.07
  30284.057    17.638     1.26    3.64
  30570.839    17.902     0.92    4.05
  30857.641    17.293    -2.12    4.19
  31144.464    16.370    -3.22    4.14
  31431.307    15.707    -2.31    3.95
  31718.170    15.230    -1.66    3.58
  32005.054    15.195    -0.12    3.71
  32291.959    15.500     1.06    3.93
  32578.884    15.664     0.57    3.83
  32865.829    16.006     1.19    3.80
  33152.795    16.419     1.44    3.62
  33439.781    16.621     0.70    3.42
  33726.788    16.562    -0.20    3.26
  34013.815    15.896    -2.32    1.74
  34300.863    15.898     0.01    1.65
  34587.931    16.079     0.63    1.64
  34875.020    16.197     0.41    1.53
  35162.129    16.552     1.23    1.62
  35449.259    16.904     1.23    1.71
  35736.409    17.382     1.67    1.82
  36023.579    17.780     1.39    2.26
  36310.771    18.326     1.90    2.61
  36597.982    18.936     2.13    2.81
  36885.215    19.311     1.30    2.70
  37172.468    19.574     0.92    2.64
  37459.741    20.113     1.88    2.84
  37747.035    20.267     0.53    2.44
  38034.349    20.797     1.85    2.58
  38321.684    21.204     1.42    2.44
  38609.040    21.526     1.12    2.33
  38896.416    21.923     1.38    2.18
  39183.812    22.216     1.02    1.86
  39471.230    22.389     0.60    1.63
  39758.667    22.477     0.31    1.39
  40046.126    22.681     0.71    1.46
  40333.605    22.997     1.10    1.59
  40621.104    23.284     1.00    1.64
  40908.625    23.626     1.19    1.69
  41196.165    23.900     0.95    1.85
  41483.727    24.360     1.60    2.09
  41771.309    24.758     1.38    2.36
  42058.911    25.024     0.92    2.52
  42346.535    25.119     0.33    2.26
  42634.178    25.208     0.31    2.06
  42921.843    25.148    -0.21    1.67
  43209.528    25.030    -0.41    1.16
  43497.234    24.847    -0.64    1.62
  43784.960    24.632    -0.75    1.99
  44072.707    24.276    -1.24    2.30
  44360.475    23.767    -1.77    2.44
  44648.263    23.056    -2.47    2.33
  44936.073    22.652    -1.40    1.96
  45223.902    22.839     0.65    1.99
  45511.753    23.156     1.10    2.00
  45799.624    23.603     1.55    2.04
  46087.516    24.204     2.09    1.91
  46375.428    24.771     1.97    1.60
  46663.361    25.208     1.52    1.24
  46951.315    25.556     1.21    1.10
  47239.290    25.889     1.16    1.05
  47527.285    26.076     0.65    0.97
  47815.301    26.646     1.98    1.93
  48103.338    27.601     3.31    3.16
  48391.395    28.399     2.77    3.65
  48679.473    29.886     5.16    4.21
  48967.572    30.430     1.89    4.23
  49255.692    30.563     0.46    4.13
  49543.832    30.329    -0.81    4.05
  49831.994    29.089    -4.30    3.73
  50120.176    28.015    -3.73    3.21
  50408.378    27.155    -2.98    2.51
  50696.602    26.519    -2.21    1.75
  50984.846    26.160    -1.24    1.37
  51273.111    26.091    -0.24    1.29
  51561.397    26.293     0.70    1.35
  51849.703    26.640     1.21    1.77
  52138.031    27.169     1.83    1.93
  52426.379    27.688     1.80    1.96
  52714.748    28.008     1.11    1.73
  53003.138    28.164     0.54    1.59
  53291.549    28.250     0.30    1.53
  53579.980    28.179    -0.25    1.39
  53868.432    28.019    -0.56    1.21
  54156.905    27.831    -0.65    0.86
  54445.399    27.686    -0.50    0.90
  54733.914    27.696     0.04    0.92
  55022.450    27.638    -0.20    1.02
  55311.006    27.784     0.51    1.24
  55599.584    27.841     0.20    1.28
  55888.182    28.008     0.58    1.34
  56176.801    28.141     0.46    1.24
  56465.441    28.231     0.31    1.11
  56754.102    28.166    -0.23    1.12
  57042.783    28.013    -0.53    1.05
  57331.486    27.939    -0.26    1.13
  57620.210    27.927    -0.04    1.13
  57908.954    27.934     0.02    1.26
  58197.719    28.259     1.13    1.96
  58486.505    28.836     2.00    2.68
  58775.313    29.346     1.77    2.88
  59064.141    29.859     1.78    2.83
  59352.990    30.232     1.29    2.55
  59641.859    30.534     1.05    2.42
  59930.750    30.767     0.80    2.34
  60219.662    30.758    -0.03    2.15
  60508.595    30.629    -0.45    1.75
  60793.483    31.671     3.66    3.27
  61078.071    32.541     3.06    3.54
  61362.680    33.222     2.39    3.49
  61647.308    33.414     0.68    3.11
  61931.955    33.496     0.29    2.81
  62216.622    33.658     0.57    2.51
  62501.309    33.802     0.50    2.19
  62786.015    33.460    -1.20    1.78
  63070.741    33.681     0.78    1.91
  63355.487    34.084     1.42    1.98
  63640.252    34.618     1.87    1.92
  63925.037    35.215     2.10    2.00
  64209.841    35.604     1.36    1.94
  64494.665    35.917     1.10    1.93
  64779.509    36.266     1.23    1.92
  65064.372    36.379     0.40    2.10
  65349.255    36.039    -1.20    2.50
  65634.158    36.034    -0.02    2.47
  65919.080    35.951    -0.29    2.45
  66204.022    36.030     0.28    2.59
  66488.984    36.301     0.95    2.53
  66773.965    36.690     1.36    2.55
  67058.966    37.512     2.89    1.84
  67343.987    37.789     0.97    1.60
  67629.028    37.638    -0.53    1.66
  67914.088    37.517    -0.42    1.69
  68199.168    37.426    -0.32    1.68
  68484.267    37.171    -0.89    1.62
  68769.386    36.764    -1.43    1.66
  69054.525    36.621    -0.50    1.50
  69339.684    36.661     0.14    1.43
  69624.862    36.691     0.10    1.58
  69910.060    36.758     0.24    1.53
  70195.278    36.784     0.09    1.47
  70480.516    36.854     0.25    1.43
  70765.773    36.868     0.05    1.34
  71051.050    37.074     0.72    1.32
  71336.347    37.413     1.19    1.39
  71621.663    37.833     1.47    1.45
  71907.000    38.232     1.40    1.50
  72192.356    38.488     0.90    1.47
  72477.732    38.849     1.26    1.53
  72763.127    39.196     1.22    1.60
  73048.543    39.735     1.89    1.83
  73333.978    39.951     0.76    1.98
  73619.433    40.067     0.41    2.15
  73904.907    39.948    -0.42    2.22
  74190.402    39.771    -0.62    2.34
  74475.916    39.603    -0.59    2.50
  74761.450    39.123    -1.68    2.55
  75047.004    38.797    -1.14    2.49
  75332.578    38.363    -1.52    2.26
  75618.172    38.156    -0.72    2.10
  75903.785    37.943    -0.75    1.83
  76189.419    37.603    -1.19    1.92
  76475.072    37.514    -0.31    2.25
  76760.745    37.524     0.03    2.28
  77046.437    37.495    -0.10    2.43
  77332.150    37.567     0.25    2.53
  77617.883    37.222    -1.21    2.47
  77903.635    37.041    -0.63    3.00
  78189.407    36.905    -0.48    3.61
  78475.199    36.618    -1.01    4.03
  78761.011    36.213    -1.41    4.59
  79046.843    35.776    -1.53    5.08
  79332.695    34.937    -2.94    5.24
  79618.566    34.030    -3.17    5.11
  79904.458    33.045    -3.44    4.76
  80190.369    32.156    -3.11    4.55
  80476.300    31.259    -3.14    3.89
  80762.252    30.629    -2.20    3.26
  81048.223    30.047    -2.03    3.23
  81334.214    30.052     0.01    3.20
  81620.225    29.581    -1.65    3.12
  81906.256    29.319    -0.92    2.82
  82192.306    28.942    -1.32    2.52
  82478.377    28.595    -1.21    2.18
  82764.468    28.191    -1.41    1.57
  83050.578    27.758    -1.51    1.25
  83336.709    27.530    -0.80    1.30
  83622.859    27.396    -0.47    1.49
  83909.030    27.310    -0.30    1.72
  84195.220    27.344     0.12    2.30
  84481.431    27.056    -1.01    2.49
  84767.661    26.741    -1.10    2.89
  85053.912    26.336    -1.42    2.99
  85340.182    25.780    -1.94    3.07
  85626.472    24.916    -3.02    2.60
  85912.783    24.154    -2.66    2.06
  86199.113    23.784    -1.29    1.54
  86485.463    23.895     0.39    1.72
  86771.834    24.433     1.88    2.18
  87058.224    24.939     1.77    2.52
  87344.634    25.335     1.38    2.48
  87631.065    25.908     2.00    2.44
  87917.515    26.118     0.73    2.29
  88203.985    25.732    -1.35    1.57
  88490.476    25.759     0.10    1.46
  88776.986    25.793     0.12    1.41
  89063.517    25.740    -0.18    1.33
  89350.068    25.872     0.46    1.51
  89636.638    25.990     0.41    1.57
  89923.229    26.165     0.61    1.56
  90209.840    26.047    -0.41    1.68
  90496.471    25.846    -0.70    2.57
  90783.122    25.446    -1.40    2.82
  91069.793    25.319    -0.44    2.93
  91356.484    25.355     0.13    2.97
  91643.195    25.275    -0.28    2.85
  91929.926    25.293     0.06    2.75
  92216.678    25.598     1.06    2.72
  92503.449    26.658     3.70    3.09
  92790.241    27.364     2.46    2.95
  93077.052    27.879     1.80    2.93
  93363.884    28.251     1.29    2.99
  93650.736    28.989     2.57    3.02
  93937.608    29.775     2.74    2.91
  94224.500    30.065     1.01    2.70
  94511.413    30.285     0.77    2.70
  94798.345    30.437     0.53    2.90
  95085.298    30.565     0.45    2.75
  95372.271    30.884     1.11    2.74
  95659.264    30.737    -0.51    3.04
  95946.277    31.056     1.11    3.16
  96233.310    31.213     0.55    3.27
  96520.363    30.476    -2.57    4.39
  96807.437    28.954    -5.30    5.71
  97094.531    27.370    -5.52    6.57
  97381.645    25.933    -5.00    6.51
  97668.779    26.458     1.83    7.24
  97955.933    27.259     2.79    7.65
  98243.108    27.395     0.47    7.73
  98530.303    28.109     2.49    7.65
  98817.518    28.521     1.44    7.11
  99104.753    28.505    -0.06    7.21
  99392.008    27.403    -3.84    7.15
  99679.284    25.570    -6.38    6.36
  99966.580    23.714    -6.46    5.16
 100253.896    22.344    -4.77    4.13
 100541.232    21.674    -2.33    3.33
 100828.589    21.043    -2.20    2.43
 101115.966    21.021    -0.08    2.36
 101403.363    21.233     0.74    2.60
 101690.780    21.772     1.88    3.09
 101978.218    22.421     2.26    3.19
 102265.676    23.161     2.58    3.24
 102553.154    23.545     1.33    3.41
 102840.652    23.831     0.99    3.55
 103128.171    24.549     2.50    3.51
 103415.710    24.539    -0.04    3.67
 103703.269    24.547     0.03    3.82
 103990.849    24.623     0.26    4.09
 104278.449    24.772     0.52    4.22
 104566.069    25.458     2.39    3.88
 104853.709    25.763     1.06    3.70
 105141.370    25.776     0.05    3.99
 105429.051    25.607    -0.59    4.12
 105716.753    25.100    -1.76    4.20
 106004.475    24.696    -1.40    4.20
 106292.217    24.250    -1.55    4.28
 106579.979    23.419    -2.89    4.03
 106867.762    22.745    -2.34    4.04
 107155.566    21.925    -2.85    3.19
 107443.389    21.643    -0.98    2.85
 107731.233    21.590    -0.18    3.13
 108019.097    22.208     2.14    3.61
 108306.982    22.389     0.63    3.79
 108594.887    22.586     0.68    4.08
 108882.812    22.861     0.95    4.19
 109170.758    22.886     0.09    4.18
 109458.725    22.653    -0.81    3.76
 109746.711    22.328    -1.13    3.09
 110034.718    22.764     1.51    3.47
 110322.746    23.353     2.05    3.57
 110610.793    23.977     2.17    3.61
 110898.862    24.635     2.28    3.73
 111186.950    25.167     1.85    3.62
 111475.059    25.615     1.56    3.21
 111763.189    25.824     0.73    2.91
 112051.339    25.460    -1.26    2.67
 112339.509    25.686     0.79    2.46
 112627.700    25.843     0.54    2.25
 112915.911    25.823    -0.07    2.28
 113204.143    26.345     1.81    2.75
 113492.395    27.310     3.35    3.21
 113780.668    28.110     2.77    3.35
 114068.961    29.233     3.90    2.93
 114357.275    30.039     2.80    3.00
 114645.609    31.036     3.46    2.97
 114933.964    31.369     1.15    3.58
 115222.339    31.878     1.76    4.22
 115510.734    32.267     1.35    4.50
 115799.151    32.876     2.11    4.48
 116087.587    33.250     1.30    4.73
 116376.044    34.293     3.62    4.84
 116664.522    35.504     4.20    4.67
 116953.020    36.679     4.07    4.44
 117241.539    36.547    -0.46    4.26
 117530.078    36.590     0.15    3.92
 117818.638    36.554    -0.12    3.69
 118107.218    35.898    -2.27    3.65
 118395.819    34.925    -3.37    3.40
 118684.440    34.128    -2.76    2.58
 118973.082    33.609    -1.80    1.56
 119261.745    34.077     1.62    1.96
 119550.428    34.519     1.53    2.08
 119839.132    34.768     0.86    1.96
 120127.856    34.861     0.32    2.26
 120416.601    34.828    -0.11    2.40
 120705.366    34.486    -1.18    2.27
 120994.152    34.310    -0.61    2.15
 121282.959    34.335     0.09    2.34
 121571.786    34.161    -0.60    2.00
 121860.634    34.275     0.39    1.76
 122149.502    34.615     1.18    1.99
 122438.207    34.683     0.23    1.77
 122722.805    34.688     0.02    1.69
 123007.423    35.004     1.11    1.69
 123292.060    35.217     0.75    1.73
 123576.716    35.573     1.25    2.12
 123861.392    36.179     2.13    2.53
 124146.087    36.486     1.08    2.71
 124430.801    36.852     1.29    2.88
 124715.534    37.537     2.40    2.90
 125000.287    37.986     1.58    3.10
 125285.059    38.310     1.14    3.21
 125569.850    38.646     1.18    2.86
 125854.661    38.720     0.26    2.67
 126139.490    39.267     1.92    2.82
 126424.340    39.789     1.83    3.22
 126709.208    40.210     1.48    3.25
 126994.096    40.852     2.25    3.33
 127279.003    41.837     3.46    3.57
 127563.930    42.971     3.98    3.85
 127848.876    44.243     4.46    3.88
 128133.841    45.284     3.66    3.81
 128418.825    46.609     4.65    3.56
 128703.829    47.547     3.29    3.37
 128988.852    48.453     3.18    3.06
 129273.895    48.467     0.05    3.36
 129558.957    48.276    -0.67    4.06
 129844.038    47.932    -1.21    5.10
 130129.139    46.705    -4.30    5.76
 130414.259    45.100    -5.63    5.79
 130699.399    44.749    -1.23    6.88
 130984.557    44.766     0.06    7.40
 131269.736    44.777     0.04    7.51
 131554.933    45.225     1.57    6.92
