-152970.626    17.017     0.00    3.27
-152684.314    16.630    -1.35    3.25
-152398.016    16.506    -0.43    3.34
-152111.733    16.582     0.26    3.57
-151825.465    16.644     0.22    3.30
-151539.211    16.591    -0.19    3.26
-151252.973    16.439    -0.53    3.48
-150966.749    15.748    -2.41    4.00
-150680.539    14.061    -5.90    4.68
-150394.344    12.111    -6.81    4.72
-150108.164    10.346    -6.17    5.23
-149821.999     8.355    -6.96    5.28
-149535.848     6.405    -6.82    4.81
-149249.712     4.707    -5.94    4.60
-148963.591     3.763    -3.30    4.28
-148677.484     2.810    -3.33    3.61
-148391.393     2.626    -0.65    3.37
-148105.315     3.392     2.68    3.63
-147819.253     3.860     1.64    3.48
-147533.205     4.436     2.01    3.24
-147247.172     4.423    -0.04    3.16
-146961.153     3.920    -1.76    3.31
-146675.149     2.943    -3.42    3.26
-146389.160     1.854    -3.81    2.43
-146103.185     1.168    -2.40    1.63
-145817.226     1.042    -0.44    1.65
-145531.280     0.833    -0.73    1.53
-145245.350     1.157     1.14    2.29
-144959.434     1.811     2.29    3.24
-144673.532     2.514     2.46    3.84
-144387.646     3.182     2.34    3.92
-144101.774     4.185     3.51    4.06
-143815.916     4.876     2.42    4.10
-143530.074     5.732     2.99    4.04
-143244.246     5.860     0.45    3.98
-142958.432     5.896     0.12    3.64
-142672.633     5.884    -0.04    3.66
-142386.849     5.771    -0.39    3.49
-142101.079     4.959    -2.84    3.81
-141815.324     4.220    -2.58    4.12
-141529.584     3.533    -2.40    3.94
-141243.858     3.800     0.93    3.89
-140958.147     4.849     3.67    4.46
-140672.451     5.883     3.62    4.94
-140386.769     7.305     4.98    5.04
-140101.101     8.816     5.29    4.13
-139815.448     9.749     3.27    3.34
-139529.810     9.525    -0.79    3.45
-139244.187     8.486    -3.64    3.96
-138958.578     6.990    -5.24    4.13
-138672.983     5.489    -5.26    3.93
-138387.404     4.323    -4.08    3.93
-138101.838     3.211    -3.90    3.45
-137816.288     2.631    -2.03    3.05
-137530.752     3.974     4.71    5.10
-137245.230     5.392     4.97    6.66
-136959.723     7.297     6.67    8.07
-136674.231     8.539     4.35    8.72
-136388.753     8.817     0.97    8.94
-136103.290     8.974     0.55    8.88
-135817.841     8.927    -0.16    9.03
-135532.407     7.768    -4.06    8.47
-135246.988     6.013    -6.15    7.17
-134961.583     4.792    -4.28    5.57
-134676.192     3.856    -3.28    4.89
-134390.816     3.913     0.20    4.87
-134105.455     3.905    -0.03    5.04
-133820.108     3.847    -0.20    5.45
-133534.776     4.560     2.50    5.99
-133249.458     4.281    -0.98    5.85
-132964.155     4.527     0.86    5.59
-132678.866     4.155    -1.30    5.00
-132393.592     4.692     1.88    5.19
-132108.332     4.260    -1.51    4.98
-131823.087     4.574     1.10    5.32
-131537.857     4.021    -1.94    5.18
-131252.641     4.568     1.92    6.24
-130967.439     4.791     0.78    6.84
-130682.252     5.510     2.52    8.03
-130397.080     6.058     1.92    8.19
-130111.922     5.990    -0.24    7.79
-129826.778     5.837    -0.54    7.07
-129541.649     5.286    -1.93    6.40
-129256.534     5.160    -0.44    5.28
-128971.434     5.562     1.41    4.94
-128686.349     7.517     6.86    6.48
-128401.278     9.029     5.30    6.81
-128116.221    10.760     6.07    6.55
-127831.179    12.382     5.69    6.15
-127546.152    14.430     7.19    4.57
-127261.138    15.605     4.12    3.85
-126975.186    16.712     3.87    4.17
-126686.952    16.531    -0.63    4.58
-126398.733    16.746     0.74    4.86
-126110.530    17.827     3.75    5.34
-125822.343    18.827     3.47    5.21
-125534.172    19.286     1.59    5.08
-125246.016    19.684     1.38    5.53
-124957.876    19.667    -0.06    5.64
-124669.751    19.713     0.16    6.02
-124381.642    18.517    -4.15    5.62
-124093.549    17.459    -3.67    4.66
-123805.472    17.851     1.36    5.46
-123517.410    19.499     5.72    7.00
-123229.363    21.328     6.35    7.32
-122941.333    23.292     6.82    6.96
-122653.317    24.259     3.36    6.16
-122365.318    24.633     1.30    6.03
-122077.334    23.435    -4.16    5.97
-121789.366    21.620    -6.30    6.15
-121501.413    19.046    -8.94    5.37
-121213.476    17.300    -6.07    4.98
-120925.555    15.683    -5.62    4.75
-120637.649    14.591    -3.79    4.25
-120349.758    14.501    -0.31    4.67
-120061.884    15.022     1.81    5.58
-119774.025    16.236     4.21    6.18
-119486.181    18.118     6.54    6.72
-119198.353    19.300     4.10    7.06
-118910.541    20.416     3.88    6.31
-118622.744    19.824    -2.06    5.92
-118334.963    19.328    -1.72    6.15
-118047.198    19.007    -1.12    6.36
-117759.448    19.143     0.47    6.80
-117471.713    17.903    -4.31    6.57
-117183.994    17.256    -2.25    8.04
-116896.291    15.664    -5.53    9.14
-116608.603    14.228    -4.99    9.31
-116320.931    12.520    -5.94    7.85
-116033.274    11.265    -4.36    6.08
-115745.633    11.284     0.07    5.60
-115458.007    12.355     3.72    5.84
-115170.397    14.006     5.74    5.18
-114882.803    15.222     4.23    4.10
-114595.224    15.726     1.75    3.11
-114307.661    15.259    -1.63    3.40
-114020.113    14.326    -3.24    3.67
-113732.580    13.695    -2.20    3.62
-113445.063    13.253    -1.54    3.97
-113157.562    13.800     1.90    4.72
-112870.076    14.666     3.01    5.44
-112582.606    15.499     2.90    5.44
-112295.151    16.274     2.70    4.86
-112007.712    17.197     3.21    4.73
-111720.288    17.796     2.09    4.75
-111432.880    17.494    -1.05    4.68
-111145.487    17.443    -0.18    4.20
-110858.110    17.269    -0.61    3.66
-110570.748    17.686     1.45    3.27
-110283.402    17.866     0.62    3.10
-109996.071    17.770    -0.33    2.61
-109708.755    17.337    -1.51    2.50
-109421.456    16.631    -2.46    2.49
-109134.171    16.192    -1.53    2.59
-108846.902    16.866     2.35    2.97
-108559.649    17.720     2.97    3.21
-108272.411    18.536     2.84    3.40
-107985.188    19.228     2.41    3.47
-107697.981    20.054     2.88    2.74
-107410.790    20.398     1.20    2.24
-107123.614    19.974    -1.48    2.80
-106836.453    19.653    -1.12    3.31
-106549.308    19.171    -1.68    3.72
-106262.178    18.676    -1.72    4.26
-105975.064    18.107    -1.98    4.48
-105687.965    17.030    -3.75    5.33
-105400.881    15.966    -3.70    5.88
-105113.813    14.887    -3.76    6.39
-104826.761    13.829    -3.69    6.42
-104539.723    12.100    -6.02    6.61
-104252.702    10.318    -6.21    6.60
-103965.695     8.140    -7.59    6.18
-103678.704     6.427    -5.97    5.04
-103391.729     5.279    -4.00    3.89
-103104.769     4.856    -1.47    3.56
-102817.824     4.482    -1.31    3.45
-102530.895     4.228    -0.88    3.26
-102243.981     4.279     0.18    3.17
-101957.083     4.591     1.09    3.10
-101670.200     5.092     1.75    3.32
-101383.332     5.722     2.20    3.33
-101096.480     6.344     2.17    3.46
-100809.643     6.606     0.91    3.67
-100522.821     7.085     1.67    3.68
-100236.015     7.586     1.75    3.57
 -99949.224     7.760     0.61    3.53
 -99662.449     7.866     0.37    3.68
 -99375.689     7.669    -0.69    3.81
 -99088.944     7.657    -0.04    3.99
 -98802.215     7.379    -0.97    4.12
 -98515.501     7.308    -0.25    4.16
 -98228.803     7.289    -0.06    3.83
 -97942.120     7.646     1.24    3.39
 -97655.452     8.557     3.18    2.74
 -97368.799     9.550     3.46    2.42
 -97082.162    10.077     1.84    2.50
 -96795.541    10.560     1.69    2.51
 -96508.934    10.982     1.47    2.37
 -96222.343    10.974    -0.03    2.07
 -95935.767    10.269    -2.46    2.45
 -95649.207     9.427    -2.94    2.40
 -95362.662     8.737    -2.41    2.33
 -95076.132     8.189    -1.92    1.92
 -94789.618     7.834    -1.24    1.57
 -94503.119     7.703    -0.45    1.50
 -94216.635     7.770     0.23    1.49
 -93930.166     7.737    -0.11    1.53
 -93643.713     7.530    -0.72    1.51
 -93357.275     7.253    -0.97    1.45
 -93070.853     7.131    -0.43    1.27
 -92784.446     7.305     0.61    1.60
 -92498.054     7.643     1.18    1.80
 -92211.677     8.596     3.33    2.71
 -91925.316     9.354     2.65    3.07
 -91638.970    10.079     2.53    3.24
 -91352.639    10.615     1.87    3.14
 -91066.324    11.321     2.47    2.90
 -90780.023    11.911     2.06    2.21
 -90493.738    12.168     0.90    1.92
 -90207.469    12.007    -0.56    1.81
 -89921.215    12.090     0.29    1.63
 -89634.975    12.185     0.33    1.63
 -89348.752    12.328     0.50    1.58
 -89062.543    12.163    -0.58    1.67
 -88776.350    11.697    -1.63    1.72
 -88490.172    11.362    -1.17    1.63
 -88204.009    11.181    -0.63    1.55
 -87917.862    10.929    -0.88    1.57
 -87631.729    10.760    -0.59    1.51
 -87345.612    10.628    -0.46    1.47
 -87059.511    10.098    -1.85    1.50
 -86773.424     9.522    -2.01    1.52
 -86487.353     9.447    -0.26    1.51
 -86201.297     9.357    -0.32    1.53
 -85915.256     9.371     0.05    1.54
 -85629.230     9.157    -0.75    1.58
 -85343.220     9.075    -0.29    1.51
 -85057.225     9.205     0.45    1.59
 -84771.245     9.316     0.39    1.87
 -84485.280     9.508     0.67    2.08
 -84199.331     9.670     0.56    2.23
 -83913.396     9.966     1.04    2.23
 -83627.477    10.371     1.42    2.15
 -83341.574    10.334    -0.13    2.44
 -83055.685     9.539    -2.78    3.37
 -82769.811     8.252    -4.50    3.86
 -82483.953     6.921    -4.66    4.01
 -82198.110     5.459    -5.12    3.48
 -81912.282     4.074    -4.84    2.44
 -81626.470     3.120    -3.34    0.58
 -81340.672     2.966    -0.54    0.00
 -81054.890     2.966     0.00    0.00
 -80769.123     3.212     0.86    1.17
 -80483.371     4.036     2.88    2.60
 -80197.634     5.071     3.62    3.84
 -79911.912     6.641     5.49    5.26
 -79626.206     7.573     3.26    5.41
 -79340.515     8.897     4.63    5.99
 -79054.838     9.451     1.94    6.26
 -78769.178     9.726     0.97    6.13
 -78483.532    10.005     0.97    5.83
 -78197.901    10.604     2.10    5.34
 -77912.286    11.409     2.82    4.66
 -77626.685    11.902     1.73    3.74
 -77341.100    12.749     2.97    3.08
 -77055.530    13.494     2.61    2.27
 -76769.975    14.014     1.82    2.04
 -76484.435    14.302     1.01    2.02
 -76198.911    14.459     0.55    2.24
 -75913.401    14.890     1.51    2.32
 -75627.907    16.093     4.21    2.69
 -75342.427    17.201     3.88    3.08
 -75056.963    18.440     4.34    3.56
 -74771.514    19.371     3.26    3.63
 -74486.080    19.737     1.28    3.39
 -74200.661    19.649    -0.31    3.57
 -73915.258    18.920    -2.55    4.11
 -73629.869    17.590    -4.66    4.44
 -73344.496    15.466    -7.44    4.68
 -73059.137    13.044    -8.49    4.57
 -72773.794    11.006    -7.14    4.01
 -72488.466     9.654    -4.74    3.60
 -72203.153     8.595    -3.71    3.13
 -71917.855     8.160    -1.53    2.38
 -71632.572     8.124    -0.13    1.99
 -71347.304     8.455     1.16    2.25
 -71062.051     8.593     0.49    2.13
 -70776.813     8.498    -0.33    1.80
 -70491.591     8.520     0.08    1.65
 -70206.383     8.115    -1.42    1.25
 -69921.191     7.921    -0.68    1.31
 -69636.013     7.792    -0.45    1.32
 -69350.851     7.835     0.15    1.43
 -69065.703     8.220     1.35    1.71
 -68780.571     8.638     1.47    1.84
 -68495.454     9.111     1.66    1.85
 -68210.352     9.730     2.17    1.83
 -67925.265    10.401     2.35    1.83
 -67640.193    11.212     2.85    2.19
 -67355.136    11.818     2.12    2.41
 -67070.094    12.573     2.65    2.40
 -66785.067    13.250     2.38    2.13
 -66500.055    13.866     2.16    1.89
 -66215.058    14.128     0.92    1.93
 -65930.076    14.190     0.22    2.07
 -65645.109    14.181    -0.03    2.22
 -65360.157    14.028    -0.53    2.38
 -65073.885    13.538    -1.71    2.62
 -64785.586    12.749    -2.74    2.90
 -64497.302    12.119    -2.18    2.93
 -64209.036    11.809    -1.08    2.89
 -63920.785    11.474    -1.16    2.59
 -63632.550    11.379    -0.33    2.63
 -63344.332    12.006     2.18    3.18
 -63056.130    13.058     3.65    3.70
 -62767.944    14.078     3.54    4.15
 -62479.774    14.623     1.89    4.17
 -62191.621    15.014     1.36    3.99
 -61903.484    15.546     1.85    3.44
 -61615.363    15.692     0.51    3.28
 -61327.258    15.694     0.01    3.13
 -61039.169    15.628    -0.23    3.46
 -60751.097    15.232    -1.37    3.72
 -60463.040    15.022    -0.73    4.12
 -60175.000    14.844    -0.62    4.17
 -59886.976    14.398    -1.55    3.96
 -59598.969    14.805     1.41    3.95
 -59310.977    15.780     3.39    4.46
 -59023.002    17.630     6.42    5.45
 -58735.042    20.600    10.31    7.06
 -58447.099    23.792    11.09    7.97
 -58159.172    26.726    10.19    8.74
 -57871.262    29.345     9.10    9.72
 -57583.367    32.308    10.29   10.83
 -57295.489    35.844    12.29   12.81
 -57007.626    38.966    10.85   13.72
 -56719.780    40.959     6.92   14.56
 -56431.950    41.643     2.38   15.21
 -56144.136    41.546    -0.34   14.87
 -55856.338    40.920    -2.17   14.60
 -55568.557    39.998    -3.20   13.80
 -55280.791    37.189    -9.76   12.70
 -54993.042    35.554    -5.68   10.85
 -54705.308    34.344    -4.20    7.84
 -54417.591    34.759     1.44    6.56
 -54129.890    35.265     1.76    5.96
 -53842.205    35.486     0.77    5.46
 -53554.536    35.470    -0.05    4.88
 -53266.884    34.950    -1.81    4.00
 -52979.247    35.825     3.04    4.02
 -52691.626    37.534     5.94    5.89
 -52404.022    39.138     5.58    6.48
 -52116.434    39.856     2.50    6.82
 -51828.861    39.587    -0.93    7.15
 -51541.305    38.540    -3.64    7.86
 -51253.765    36.782    -6.11    8.69
 -50966.241    34.690    -7.28    8.36
 -50678.733    33.037    -5.75    6.77
 -50391.241    32.200    -2.91    5.14
 -50103.765    31.997    -0.71    3.80
 -49816.306    32.252     0.89    3.29
 -49528.862    33.252     3.48    2.92
 -49241.434    33.872     2.16    2.27
 -48954.023    33.966     0.33    1.83
 -48666.627    33.814    -0.53    1.78
 -48379.248    33.808    -0.02    1.78
 -48091.884    33.424    -1.33    2.02
 -47804.537    32.801    -2.17    1.99
 -47517.205    32.109    -2.41    1.84
 -47229.890    31.356    -2.62    1.94
 -46942.591    30.657    -2.43    2.15
 -46655.307    30.271    -1.34    2.36
 -46368.040    29.866    -1.41    2.49
 -46080.789    29.668    -0.69    2.53
 -45793.554    29.659    -0.03    3.20
 -45506.334    29.800     0.49    3.38
 -45219.131    30.021     0.77    3.82
 -44931.944    30.540     1.81    3.61
 -44644.773    30.617     0.27    3.14
 -44357.618    29.819    -2.78    3.16
 -44070.478    29.426    -1.37    3.46
 -43783.355    28.224    -4.19    4.81
 -43496.248    26.667    -5.42    6.85
 -43209.157    25.133    -5.34    8.11
 -42922.082    23.365    -6.16    8.76
 -42635.022    20.716    -9.23   10.37
 -42347.979    16.757   -13.79   12.14
 -42060.952    13.710   -10.61   12.24
 -41773.940     9.054   -16.22   12.30
 -41486.945     4.796   -14.84   11.38
 -41199.966     1.887   -10.14   10.00
 -40913.002    -0.208    -7.30    8.17
 -40626.055    -1.921    -5.97    5.78
 -40339.123    -2.908    -3.44    4.39
 -40052.208    -3.824    -3.20    1.41
 -39765.308    -4.002    -0.62    0.18
 -39478.424    -3.682     1.11    0.91
 -39191.557    -3.280     1.40    1.26
 -38904.705    -2.843     1.52    1.42
 -38617.869    -2.364     1.67    1.45
 -38331.049    -1.906     1.60    1.32
 -38044.245    -1.468     1.53    1.01
 -37757.457    -1.146     1.12    0.51
 -37470.685    -1.034     0.39    0.00
 -37183.929    -1.034     0.00    0.00
 -36897.189    -1.034     0.00    0.00
 -36610.464    -1.034     0.00    0.00
 -36323.756    -1.034     0.00    0.00
 -36037.063    -1.034     0.00    0.00
 -35750.386    -1.034     0.00    0.00
 -35463.726    -1.034     0.00    0.00
 -35177.081    -1.034     0.00    0.00
 -34890.452    -1.034     0.00    0.00
 -34603.839    -1.034     0.00    0.00
 -34317.242    -1.034     0.00    0.00
 -34030.660    -1.034     0.00    0.00
 -33744.095    -1.034     0.00    0.00
 -33457.545    -1.034     0.00    0.00
 -33171.012    -1.034     0.00    0.00
 -32884.494    -1.034     0.00    0.00
 -32597.992    -1.034     0.00    0.00
 -32311.506    -1.034     0.00    0.00
 -32025.036    -1.034     0.00    0.00
 -31738.581    -1.034     0.00    0.00
 -31452.143    -1.034     0.00    0.00
 -31165.720    -1.034     0.00    0.00
 -30879.313    -1.034     0.00    0.00
 -30592.923    -1.034     0.00    0.00
 -30306.547    -1.034     0.00    0.00
 -30020.188    -1.034     0.00    0.00
 -29733.845    -1.034     0.00    0.00
 -29447.517    -1.034     0.00    0.00
 -29161.205    -1.034     0.00    0.00
 -28874.910    -1.034     0.00    0.00
 -28588.629    -1.034     0.00    0.00
 -28302.365    -1.034     0.00    0.00
 -28016.117    -1.034     0.00    0.00
 -27729.884    -1.034     0.00    0.00
 -27443.667    -1.034     0.00    0.00
 -27157.466    -1.034     0.00    0.00
 -26871.281    -1.034     0.00    0.00
 -26585.112    -1.034     0.00    0.00
 -26298.958    -1.034     0.00    0.00
 -26012.820    -1.034     0.00    0.00
 -25726.698    -1.034     0.00    0.00
 -25440.592    -1.034     0.00    0.00
 -25154.501    -1.034     0.00    0.00
 -24868.427    -1.034     0.00    0.00
 -24582.368    -1.034     0.00    0.00
 -24296.325    -1.034     0.00    0.00
 -24010.297    -1.034     0.00    0.00
 -23724.286    -1.034     0.00    0.00
 -23438.290    -1.034     0.00    0.00
 -23152.310    -1.034     0.00    0.00
 -22866.346    -1.034     0.00    0.00
 -22580.397    -1.034     0.00    0.00
 -22294.464    -1.034     0.00    0.00
 -22008.547    -1.034     0.00    0.00
 -21722.646    -1.034     0.00    0.00
 -21436.761    -1.034     0.00    0.00
 -21150.891    -1.034     0.00    0.00
 -20865.037    -1.034     0.00    0.00
 -20579.199    -1.034     0.00    0.00
 -20293.376    -1.034     0.00    0.00
 -20007.569    -1.034     0.00    0.00
 -19721.778    -1.034     0.00    0.00
 -19436.003    -1.034     0.00    0.00
 -19150.243    -1.034     0.00    0.00
 -18864.499    -1.034     0.00    0.00
 -18578.771    -1.034     0.00    0.00
 -18293.058    -1.034     0.00    0.00
 -18007.361    -1.034     0.00    0.00
 -17721.680    -1.034     0.00    0.00
 -17436.015    -1.034     0.00    0.00
 -17150.365    -1.034     0.00    0.00
 -16864.731    -1.034     0.00    0.00
 -16579.113    -1.034     0.00    0.00
 -16293.510    -1.034     0.00    0.00
 -16007.923    -1.034     0.00    0.00
 -15722.352    -1.034     0.00    0.00
 -15436.796    -1.034     0.00    0.00
 -15151.256    -1.034     0.00    0.00
 -14865.732    -1.034     0.00    0.00
 -14580.223    -1.034     0.00    0.00
 -14294.730    -1.034     0.00    0.00
 -14009.253    -1.034     0.00    0.00
 -13723.792    -1.034     0.00    0.00
 -13438.346    -1.034     0.00    0.00
 -13152.915    -1.034     0.00    0.00
 -12867.501    -1.034     0.00    0.00
 -12582.102    -1.034     0.00    0.00
 -12296.718    -1.034     0.00    0.00
 -12011.351    -1.034     0.00    0.00
 -11725.999    -1.034     0.00    0.00
 -11440.662    -1.034     0.00    0.00
 -11155.341    -1.034     0.00    0.00
 -10870.036    -1.034     0.00    0.00
 -10584.747    -1.034     0.00    0.00
 -10299.473    -1.034     0.00    0.00
 -10014.214    -1.034     0.00    0.00
  -9728.972    -1.034     0.00    0.00
  -9443.745    -1.034     0.00    0.00
  -9158.533    -1.034     0.00    0.00
  -8873.337    -1.034     0.00    0.00
  -8588.157    -1.127    -0.33    0.41
  -8302.992    -1.343    -0.76    0.71
  -8017.843    -1.610    -0.93    0.89
  -7732.710    -1.739    -0.45    0.94
  -7447.592    -1.764    -0.09    0.95
  -7162.490    -1.809    -0.16    0.96
  -6877.403    -1.730     0.28    0.94
  -6592.332    -1.618     0.39    0.91
  -6307.276    -1.354     0.92    0.74
  -6022.236    -1.129     0.79    0.43
  -5737.212    -1.034     0.33    0.00
  -5452.203    -1.034     0.00    0.00
  -5167.210    -1.034     0.00    0.00
  -4882.232    -1.034     0.00    0.00
  -4597.270    -1.034     0.00    0.00
  -4312.324    -1.034     0.00    0.00
  -4027.393    -1.034     0.00    0.00
  -3742.477    -1.034     0.00    0.00
  -3457.577    -1.034     0.00    0.00
  -3170.939    -1.034     0.00    0.00
  -2882.584    -1.049    -0.05    0.12
  -2594.245    -1.178    -0.45    0.47
  -2305.922    -1.388    -0.73    0.73
  -2017.617    -1.682    -1.02    0.91
  -1729.328    -1.969    -0.99    0.98
  -1441.056    -2.266    -1.03    0.95
  -1152.801    -2.481    -0.74    0.88
   -864.563    -1.913     1.97    3.91
   -576.341     0.424     8.11   10.87
   -288.136     4.571    14.39   17.79
      0.052     9.518    17.17   22.97
    288.224    16.549    24.40   29.16
    576.378    23.063    22.61   33.25
    864.516    33.498    36.21   38.85
   1152.637    44.562    38.40   42.74
   1440.742    54.545    34.65   43.96
   1728.830    64.809    35.63   42.39
   2016.901    74.662    34.21   38.38
   2304.955    82.928    28.69   33.20
   2592.993    92.174    32.10   26.93
   2881.014    99.252    24.57   21.41
   3169.018   105.680    22.32   18.20
   3457.005   111.470    20.11   17.20
   3744.976   119.140    26.63   17.19
   4032.930   127.297    28.33   15.37
   4320.868   131.070    13.10   13.34
   4608.788   130.261    -2.81   13.65
   4896.692   127.347   -10.12   15.80
   5184.580   119.854   -26.03   20.87
   5472.450   109.424   -36.23   28.00
   5760.304    95.797   -47.34   30.23
   6048.142    82.086   -47.63   26.86
   6335.962    72.568   -33.07   22.69
   6623.766    68.733   -13.33   19.70
   6911.554    69.771     3.61   20.75
   7199.324    78.601    30.68   25.63
   7487.078    91.193    43.76   25.48
   7774.816   101.062    34.30   22.09
   8062.536   108.168    24.70   19.33
   8350.241   110.159     6.92   18.75
   8637.928   112.606     8.51   19.69
   8925.599   110.117    -8.65   20.90
   9213.253   103.374   -23.44   23.88
   9500.890    91.070   -42.77   32.91
   9788.511    76.982   -48.98   41.30
  10076.116    65.582   -39.64   43.64
  10363.703    54.998   -36.80   40.30
  10651.274    45.802   -31.98   31.02
  10938.829    41.723   -14.19   24.11
  11226.367    46.134    15.34   22.24
  11513.888    54.129    27.81   18.99
  11801.392    61.289    24.90   11.57
  12088.880    67.189    20.52   11.92
  12376.352    72.593    18.80   13.22
  12663.807    78.373    20.11   14.21
  12951.245    84.810    22.40   16.76
  13238.666    90.454    19.64   18.07
  13526.072    99.638    31.95   21.03
  13813.460   109.276    33.54   22.85
  14100.832   119.676    36.19   23.40
  14388.187   128.036    29.09   22.14
  14675.526   136.536    29.58   19.72
  14962.848   146.243    33.79   16.69
  15250.154   154.020    27.07   13.04
  15537.443   159.162    17.90   11.87
  15824.715   163.982    16.78   11.20
  16111.971   168.685    16.37   11.26
  16399.211   173.758    17.66   10.78
  16686.434   177.638    13.51    8.11
  16973.640   179.755     7.37    6.83
  17260.830   179.554    -0.70    7.40
  17548.003   178.744    -2.82    8.51
  17835.160   177.249    -5.21    9.52
  18122.300   175.656    -5.55    9.61
  18409.424   174.125    -5.33    9.22
  18696.531   170.983   -10.95    8.61
  18983.622   167.631   -11.68   12.01
  19270.696   162.630   -17.42   13.87
  19557.753   157.090   -19.30   17.55
  19844.795   150.529   -22.86   19.23
  20131.819   143.805   -23.43   18.70
  20418.827   138.238   -19.40   16.94
  20705.819   133.519   -16.44   15.84
  20992.794   130.070   -12.02   16.33
  21279.753   128.576    -5.21   17.64
  21566.695   124.499   -14.21   18.85
  21853.621   121.077   -11.93   20.00
  22140.530   117.774   -11.51   21.71
  22427.423   113.227   -15.85   21.97
  22714.299   111.959    -4.42   21.96
  23001.159   113.089     3.94   21.51
  23288.002   115.737     9.23   20.48
  23574.829   118.086     8.19   17.60
  23861.639   118.878     2.76   16.09
  24148.433   115.799   -10.74   19.18
  24435.211   116.571     2.69   18.97
  24721.972   114.534    -7.10   19.43
  25008.716   113.394    -3.98   18.69
  25295.445   113.527     0.47   18.77
  25582.156   116.179     9.25   17.96
  25868.852   117.225     3.65   17.43
  26155.530   117.974     2.62   16.11
  26442.193   113.179   -16.73   17.96
  26728.839   108.475   -16.41   18.08
  27015.468   105.773    -9.43   17.94
  27302.082   101.902   -13.50   18.58
  27588.678    96.950   -17.28   18.61
  27875.259    91.943   -17.47   17.96
  28161.823    87.370   -15.96   17.52
  28448.370    81.101   -21.88   16.92
  28734.901    77.382   -12.98   16.12
  29021.416    73.926   -12.06   16.15
  29307.914    69.804   -14.39   16.77
  29594.396    67.253    -8.90   16.39
  29880.862    63.225   -14.06   16.43
  30167.311    59.881   -11.67   16.89
  30453.744    56.555   -11.61   16.86
  30740.160    55.099    -5.08   16.81
  31026.560    52.766    -8.15   16.67
  31312.944    48.763   -13.98   15.51
  31599.311    44.826   -13.75   17.31
  31885.662    40.015   -16.80   17.46
  32171.997    36.850   -11.05   16.19
  32458.315    33.842   -10.50   14.75
  32744.617    32.031    -6.33   16.04
  33030.903    32.115     0.29   17.42
  33317.172    33.658     5.39   19.10
  33603.425    32.246    -4.93   19.01
  33889.661    29.584    -9.30   19.50
  34175.881    26.676   -10.16   19.75
  34462.085    27.770     3.82   19.61
  34748.273    28.144     1.31   18.24
  35034.444    29.073     3.25   16.82
  35320.599    33.732    16.28   19.73
  35606.737    41.120    25.82   21.35
  35892.860    52.190    38.69   22.74
  36178.966    61.990    34.25   21.21
  36465.055    70.160    28.56   19.57
  36751.129    77.618    26.07   17.98
  37037.186    84.308    23.39   16.76
  37323.226    88.855    15.90   16.86
  37609.251    92.795    13.77   15.96
  37895.259    96.337    12.39   14.70
  38181.251    99.266    10.24   13.11
  38467.226   101.120     6.48   12.36
  38753.185   102.233     3.89   10.86
  39039.128   102.107    -0.44   10.00
  39325.055   102.192     0.30    9.05
  39610.966    99.082   -10.88   11.26
  39896.860    96.689    -8.37   11.95
  40182.738    94.620    -7.24   12.71
  40468.599    91.649   -10.39   13.37
  40754.445    89.414    -7.82   13.55
  41040.274    87.555    -6.50   14.09
  41326.087    87.037    -1.81   14.58
  41611.883    86.249    -2.76   16.47
  41897.664    86.644     1.38   18.26
  42183.428    88.257     5.64   18.58
  42469.176    91.250    10.47   17.87
  42754.907    93.793     8.90   17.59
  43040.623    95.747     6.84   17.20
  43326.322    98.432     9.40   15.98
  43612.005   100.230     6.30   15.37
  43897.672   101.950     6.02   14.94
  44183.322    99.548    -8.41   16.91
  44468.957    96.345   -11.21   18.46
  44754.575    87.371   -31.42   23.14
  45040.177    81.379   -20.98   21.73
  45325.763    76.910   -15.65   19.44
  45611.332    77.578     2.34   18.88
  45896.885    78.040     1.62   18.29
  46182.422    81.524    12.20   18.06
  46467.943    85.332    13.34   19.22
  46753.448    92.078    23.63   18.56
  47038.937    98.532    22.61   17.30
  47324.409   104.828    22.05   14.91
  47609.865   109.911    17.81   11.77
  47895.305   113.623    13.00   10.90
  48180.729   117.708    14.31   10.56
  48466.137   120.746    10.64    9.48
  48751.528   122.503     6.16    8.41
  49036.904   122.918     1.45    8.52
  49322.263   122.888    -0.10    8.74
  49607.606   121.926    -3.37    8.47
  49892.933   119.656    -7.95    8.99
  50178.243   117.446    -7.75    9.42
  50463.538   115.136    -8.10   10.30
  50748.816   113.802    -4.67   10.08
  51034.079   112.539    -4.43    9.83
  51319.325   111.144    -4.89    9.00
  51604.555   109.581    -5.48    8.45
  51889.769   107.063    -8.83    9.74
  52174.967   104.038   -10.61   11.27
  52460.148   100.015   -14.11   12.84
  52745.314    96.638   -11.84   12.68
  53030.463    93.749   -10.13   12.21
  53315.597    93.087    -2.32   12.85
  53600.714    93.770     2.39   13.82
  53885.815    94.853     3.80   13.92
  54170.900    95.598     2.62   11.97
  54455.969    95.841     0.85   11.05
  54741.022    94.733    -3.89   10.95
  55026.058    92.357    -8.33   12.30
  55311.079    89.587    -9.72   12.45
  55596.083    84.893   -16.47   13.17
  55881.072    79.695   -18.24   16.94
  56166.044    70.104   -33.66   23.78
  56451.001    60.818   -32.59   26.54
  56735.941    51.108   -34.08   26.36
  57020.865    43.942   -25.15   23.28
  57305.773    37.268   -23.42   17.05
  57590.665    35.015    -7.91   12.90
  57875.541    36.550     5.39   13.56
  58160.401    40.262    13.03   14.19
  58445.245    44.666    15.46   14.72
  58732.269    50.246    19.44   14.99
  59020.691    55.870    19.50   14.81
  59309.096    61.878    20.83   15.53
  59597.483    69.336    25.86   16.34
  59885.854    76.861    26.09   15.96
  60174.207    83.768    23.95   15.58
  60462.543    90.013    21.66   15.27
  60750.861    95.983    20.71   13.94
  61039.162   102.014    20.92   11.57
  61327.446   106.633    16.02   10.48
  61615.713   112.055    18.81   11.01
  61903.962   118.974    24.00   12.97
  62192.194   123.251    14.84   12.96
  62480.409   129.089    20.26   15.04
  62768.606   132.935    13.34   17.45
  63056.787   135.571     9.15   18.60
  63344.950   136.927     4.70   19.77
  63633.096   135.154    -6.15   20.67
  63921.224   134.273    -3.06   19.23
  64209.335   132.919    -4.70   18.72
  64497.429   132.179    -2.57   15.55
  64785.506   133.966     6.20   11.57
  65073.566   134.352     1.34   11.44
  65361.608   134.644     1.01   12.26
  65649.633   133.926    -2.49   14.15
  65937.641   134.170     0.85   16.21
  66225.632   135.368     4.16   18.19
  66513.605   137.187     6.32   19.71
  66801.562   138.644     5.06   19.36
  67089.501   143.527    16.96   19.36
  67377.422   149.228    19.80   18.32
  67665.327   156.266    24.44   14.26
  67953.214   159.604    11.59   15.19
  68241.085   160.866     4.38   16.20
  68528.938   163.700     9.85   16.75
  68816.774   163.812     0.39   17.37
  69104.592   166.443     9.14   15.91
  69392.394   166.934     1.71   14.15
  69680.178   165.562    -4.77   14.47
  69967.945   162.466   -10.76   15.16
  70255.695   160.860    -5.58   14.63
  70543.428   157.323   -12.29   17.80
  70831.144   151.254   -21.09   19.65
  71118.842   143.450   -27.13   20.06
  71406.524   137.912   -19.25   21.60
  71694.188   131.342   -22.84   22.24
  71981.835   124.483   -23.85   21.35
  72269.465   118.435   -21.02   19.82
  72557.078   115.308   -10.87   19.44
  72844.674   109.289   -20.93   19.54
  73132.252   103.415   -20.42   21.00
  73419.813    97.257   -21.42   20.93
  73707.358    91.083   -21.47   21.22
  73994.885    85.821   -18.30   18.70
  74282.395    81.586   -14.73   17.34
  74569.888    77.998   -12.48   17.50
  74857.364    74.534   -12.05   17.08
  75144.823    71.153   -11.76   16.76
  75432.264    66.897   -14.81   15.89
  75719.689    61.966   -17.15   14.94
  76007.096    57.854   -14.31   11.86
  76294.486    57.615    -0.83   12.00
  76581.860    58.055     1.53   12.85
  76869.216    57.792    -0.92   13.01
  77156.555    57.606    -0.65   13.21
  77443.877    55.886    -5.99   13.04
  77731.182    52.896   -10.41   14.18
  78018.470    47.773   -17.83   15.22
  78305.741    40.820   -24.20   15.72
  78592.994    33.218   -26.46   16.85
  78880.231    28.508   -16.40   16.26
  79167.451    24.135   -15.22   14.44
  79454.653    19.991   -14.43   11.07
