# NaN NaN NaN ;Mean Elev.(m), Avg Gradient(m/km), RMS Gradient(m/km) - SRTM1     
#  -25.526   0.510   6.134 ;Mean Elev.(m), Avg Gradient(m/km), RMS Gradient(m/km) - ASTER GDEM
#    2.032   0.629   4.499 ;Mean Elev.(m), Avg Gradient(m/km), RMS Gradient(m/km) - GMTED2010 
   2  65.647663  65.537403     7.559     7.592  7 54671.35379755 34.105
   3  65.643522  65.538614    -0.914    -1.304  7 54681.26944093 14.558
   4  65.646993  65.539220     5.341     5.393  7 54691.18508387 43.795
   5  65.645844  65.539594     1.030     1.137  7 54701.10072410 17.212
   6  65.647653  65.538103     6.921     6.957  7 54711.01637104 26.334
   7  65.644640  65.536571     7.392     7.395  6 54720.93202205 22.780
   8  65.646094  65.534836     6.317     6.034  7 54730.84767084 26.434
   9  65.644658  65.534685     6.127     5.823  7 54740.76331765 30.780
  10  65.643662  65.535118     5.188     3.689  7 54750.67896442 35.275
  11  65.644725  65.535307     6.504     7.033  6 54760.59461122 28.406
  12  65.644580  65.534943     3.548     3.530  6 54770.51025556 43.117
  13  65.644869  65.534304     4.828     4.802  6 54780.42589670 45.389
  14  65.645786  65.533732     3.940     3.958  6 54790.34153535 36.946
  15  65.646134  65.534268     3.651     3.671  7 54800.25717283 30.614
  16  65.645970  65.535472     3.338     3.296  7 54810.17281033 30.873
  17  65.647596  65.536665     6.517     6.721  7 54820.08844955 15.882
  18  65.643773  65.537239     6.738     6.755  7 54830.00410147 14.954
  19  65.647525  65.536888     6.408     6.583  7 54839.91974063 15.640
  20  65.645422  65.537427     6.849     6.877  6 54849.83538946 14.336
  21  65.646987  65.538116     6.608     6.642  7 54859.75103813 14.607
  22  65.645447  65.538858     6.946     6.999  6 54869.66668662 13.457
  23  65.647833  65.537862     6.847     6.854  7 54879.58233445 13.264
  24  65.645389  65.536208     7.002     7.079  7 54889.49797872 13.990
  25  65.644317  65.534343     7.029     7.094  7 54899.41361998 13.483
  26  65.645005  65.533952     7.112     7.107  6 54909.32925906 14.296
  27  65.646079  65.534932     6.587     6.898  6 54919.24489687 16.113
  28  65.644419  65.536112     7.154     7.222  7 54929.16053416 15.593
  29  65.644400  65.535846     7.701     7.699  6 54939.07617080 11.092
  30  65.644226  65.534849     6.765     6.746  6 54948.99180580 11.103
  31  65.643880  65.534111     4.474     4.322  6 54958.90744314 28.851
  32  65.644771  65.534303     6.562     6.601  6 54968.82309175 30.776
  33  65.645377  65.535424     8.317     8.317  6 54978.73873914 30.711
  34  65.644796  65.536444     8.367     8.370  6 54988.65438635 32.907
  35  65.645106  65.536533     8.114     8.119  6 54998.57003381 30.453
  36  65.643661  65.536617     7.473     7.380  7 55008.48567932 30.128
  37  65.645379  65.536678     7.716     7.756  6 55018.40132325 27.851
  38  65.646503  65.537557     7.503     7.487  7 55028.31696573 28.224
  39  65.644087  65.539000     7.077     7.010  7 55038.23260735 50.008
  40  65.645472  65.539457     7.037     7.061  7 55048.14824823 23.584
  41  65.644312  65.538517     6.975     6.887  7 55058.06388695 24.373
  42  65.646218  65.536102     6.886     6.839  7 55067.97952538 25.717
  43  65.643743  65.534183     7.125     7.059  7 55077.89517538 31.631
  44  65.646376  65.533622     6.581     7.037  6 55087.81082336 24.564
  45  65.644106  65.535027     6.141     6.984  7 55097.72646922 33.128
  46  65.644828  65.536132     7.226     7.153  7 55107.64211489 28.860
  47  65.644548  65.535737     7.122     7.157  6 55117.55775980 30.123
  48  65.645204  65.533919     7.038     7.053  6 55127.47340256 25.723
  49  65.644686  65.532589     5.314     5.636  6 55137.38904296 32.937
  50  65.645646  65.532959     3.034     2.953  7 55147.30468163 45.323
  51  65.646968  65.535025     2.744     2.762  7 55157.22031961 32.797
  52  65.643462  65.537284     3.334     2.976  7 55167.13595710 27.700
  53  65.644166  65.537966     4.796     4.628  7 55177.05159460 21.636
  54  65.644732  65.537163     5.977     6.098  6 55186.96723801 17.825
  55  65.647179  65.536390     5.743     5.878  7 55196.88288923 17.324
  56  65.645670  65.537231     6.438     6.458  6 55206.79853883 16.216
  57  65.645929  65.538637     6.348     6.372  7 55216.71418796 15.795
  58  65.647388  65.538835     6.401     6.554  7 55226.62983662 15.393
  59  65.647055  65.537212     6.517     6.631  7 55236.54548267 15.395
  60  65.644468  65.534664     6.790     6.863  7 55246.46112515 15.505
  61  65.646272  65.532442     6.931     6.901  6 55256.37676542 15.198
  62  65.643919  65.533077     6.868     6.919  6 55266.29240404 15.090
  63  65.647156  65.534972     5.916     5.855  7 55276.20804242 15.529
  64  65.644457  65.536810     6.658     6.653  7 55286.12367931 14.754
  65  65.643637  65.536498     6.312     6.164  7 55296.03931437 14.445
  66  65.646628  65.534105    13.072    12.654  7 55305.95495471 10.004
  67  65.645063  65.532593     3.446     3.481  7 55315.87060162 27.736
  68  65.646540  65.533086     5.828     5.895  7 55325.78624723 34.088
  69  65.645273  65.535447    10.752     7.670  6 55335.70189130 27.424
  70  65.643274  65.537546     7.635     7.667  7 55345.61753491 30.084
  71  65.647092  65.537496     7.587     7.609  7 55355.53317807 29.148
  72  65.646043  65.537073     7.535     7.498  7 55365.44881879 27.131
  73  65.644497  65.536872     9.779     7.423  7 55375.36445794 26.664
  74  65.644516  65.537640     7.351     7.417  7 55385.28009615 26.143
  75  65.643620  65.538872     7.249     7.330  7 55395.19573339 25.956
  76  65.645593  65.539277     7.177     7.218  7 55405.11137319 24.184
  77  65.644422  65.537852     6.869     6.842  7 55415.02702465 39.343
  78  65.646025  65.534972     7.101     7.087  6 55424.94267330 26.323
  79  65.645807  65.532848     7.106     7.127  7 55434.85831908 27.398
  80  65.646200  65.532830     6.788     6.926  7 55444.77396336 27.459
  81  65.645246  65.534576     6.996     6.954  7 55454.68960637 28.631
  82  65.646131  65.536286     3.836     3.899  7 55464.60524878 48.658
  83  65.646193  65.536193     3.805     3.833  6 55474.52088854 44.093
  84  65.646586  65.534412     7.176     7.204  6 55484.43652543 26.255
  85  65.646742  65.532725     7.017     7.049  6 55494.35216023 27.527
  86  65.646068  65.533500     6.912     6.817  7 55504.26779380 22.180
  87  65.643576  65.535861     4.315     4.308  7 55514.18344258 50.833
  88  65.643869  65.537945     3.594     3.627  7 55524.09909214 32.670
  89  65.646972  65.538174     3.008     3.028  7 55534.01474029 28.380
  90  65.645171  65.537438     3.089     3.119  6 55543.93038615 24.376
  91  65.645287  65.536679     3.125     3.139  6 55553.84603025 25.055
  92  65.645671  65.537009     3.174     3.214  7 55563.76167321 23.259
  93  65.644065  65.538053     3.402     3.094  7 55573.67731533 22.422
  94  65.645724  65.537869     3.854     4.056  6 55583.59295639 21.947
  95  65.645650  65.536559     3.208     2.858  6 55593.50859395 23.157
  96  65.647043  65.534623     2.706     2.689  7 55603.42422834 25.080
  97  65.645998  65.533845     2.635     2.627  6 55613.33986039 22.965
  98  65.644481  65.534565     2.487     2.501  7 55623.25549685 22.465
  99  65.645967  65.535492     2.868     2.490  7 55633.17114979 20.936
 100  65.645921  65.536093     2.880     2.383  7 55643.08680035 19.504
 101  65.646321  65.535640     3.784     3.925  6 55653.00244813 15.735
 102  65.644938  65.534294     7.456     7.472  6 55662.91809149  8.912
 103  65.646491  65.533335     5.049     4.147  7 55672.83373206 38.281
 104  65.645078  65.534060     6.446     6.717  7 55682.74937076 32.184
 105  65.643423  65.536219     7.622     7.584  7 55692.66500789 28.772
 106  65.646770  65.537875    13.422    15.579  7 55702.58064392 31.333
 107  65.644697  65.538768     7.506     7.510  7 55712.49628694 32.100
 108  65.646044  65.538079     7.371     7.351  6 55722.41193653 25.450
 109  65.646752  65.537492     7.460     7.535  7 55732.32758406 25.440
 110  65.647464  65.537309     7.394     7.407  7 55742.24323034 24.446
 111  65.643324  65.537693     7.164     7.175  7 55752.15887487 24.262
 112  65.646460  65.536868     7.079     7.089  7 55762.07451781 21.575
 113  65.644386  65.535996     7.164     7.216  6 55771.99015745 22.841
 114  65.646541  65.534369     3.972     3.975  6 55781.90579400 41.846
 115  65.644458  65.534274     7.194     7.170  7 55791.82142746 25.169
 116  65.645873  65.534970     6.145     5.838  7 55801.73706048 25.683
 117  65.645498  65.535806     3.829     3.873  6 55811.65271049 47.730
 118  65.644353  65.536208     7.040     7.061  7 55821.56835889 23.295
 119  65.645770  65.535582     6.999     7.091  6 55831.48400279 23.574
 120  65.645752  65.534651     9.943     7.145  7 55841.39964203 27.172
 121  65.645297  65.534453    10.183     7.150  6 55851.31527816 26.520
 122  65.644631  65.535790     6.562     6.530  7 55861.23091217 28.531
 123  65.643186  65.537199     3.328     3.288  7 55871.14656505 41.369
 124  65.644220  65.538093     2.733     2.690  7 55881.06221543 36.623
 125  65.644379  65.538279     2.999     2.634  7 55890.97785911 24.806
 126  65.644306  65.538217     3.343     3.452  7 55900.89349694 23.609
 127  65.645218  65.538426     2.617     2.619  7 55910.80913014 22.778
 128  65.647304  65.538135     3.065     2.751  7 55920.72478425 22.180
 129  65.646853  65.537577     2.943     2.757  7 55930.64043638 21.843
 130  65.644672  65.536300     2.918     2.586  6 55940.55608450 21.865
 131  65.644742  65.534422     3.426     3.884  7 55950.47172825 21.353
 132  65.645054  65.533608     3.419     3.901  7 55960.38736796 20.981
 133  65.644380  65.534332     4.070     4.169  6 55970.30300522 19.132
 134  65.644738  65.535755     4.411     3.873  7 55980.21864147 17.911
 135  65.644180  65.536502     4.314     4.343  7 55990.13427675 18.546
 136  65.645730  65.535833     3.750     3.971  6 56000.04992093 18.194
 137  65.644833  65.534643     3.367     3.723  6 56009.96557162 18.525
 138  65.644000  65.534233    13.679    13.963  7 56019.88121820 11.999
 139  65.645480  65.534710     5.205     5.171  6 56029.79686196 15.485
 140  65.645285  65.536215     2.972     2.927  6 56039.71250359 18.329
 141  65.643413  65.537628     4.938     5.019  7 56049.62814303 31.085
 142  65.645025  65.538272     7.304     7.366  7 56059.54378014 30.777
 143  65.643844  65.538360    10.552     7.745  7 56069.45941507 32.116
 144  65.645329  65.537768     7.140     7.100  7 56079.37506629 28.743
 145  65.643372  65.537994     6.684     6.708  7 56089.29071445 49.574
 146  65.646565  65.538163     6.285     6.254  7 56099.20636061 51.317
 147  65.645195  65.537814     5.143     5.173  6 56109.12199243 40.163
 148  65.644766  65.536229     6.625     7.136  6 56119.03763304 25.812
 149  65.645920  65.534328     7.457     7.487  6 56128.95327016 21.643
 150  65.643949  65.533883     4.350     3.293  7 56138.86890352 40.170
 151  65.646459  65.534554     7.186     7.119  7 56148.78455205 21.185
 152  65.644911  65.536297     6.979     7.044  6 56158.70020086 23.479
 153  65.646146  65.536763     6.858     6.881  7 56168.61584881 22.022
 154  65.644983  65.535735     6.758     6.730  6 56178.53149357 25.997
 155  65.645120  65.534232     7.020     6.958  7 56188.44713406 24.745
 156  65.645010  65.533901     9.477     7.252  7 56198.36277112 26.446
 157  65.645784  65.535527     3.149     3.073  6 56208.27840535 48.126
 158  65.645919  65.538050     3.067     3.106  6 56218.19403785 35.373
 159  65.645262  65.539445     6.168     6.315  7 56228.10968285 27.525
 160  65.645297  65.538802     2.795     2.781  6 56238.02533714 47.441
 161  65.645462  65.537578     2.230     2.260  7 56247.94098759 39.074
 162  65.644151  65.537069     2.383     2.377  7 56257.85663288 31.853
 163  65.645278  65.537673     2.492     2.483  7 56267.77227506 28.982
 164  65.646364  65.538302     2.438     2.431  7 56277.68791554 29.566
 165  65.647919  65.537744     2.923     2.436  7 56287.60356409 22.328
 166  65.644707  65.535874     4.044     4.058  7 56297.51921308 21.012
 167  65.644837  65.533492     5.336     5.678  6 56307.43485847 18.754
 168  65.646186  65.532547     5.298     5.545  7 56317.35050114 19.167
 169  65.644380  65.534347     5.644     5.786  7 56327.26614197 18.536
 170  65.645983  65.536426     5.957     5.912  6 56337.18178210 16.624
 171  65.644764  65.537531     6.131     6.139  7 56347.09742038 15.960
 172  65.645762  65.536401     5.558     5.641  6 56357.01305640 16.117
 173  65.645542  65.534336     5.932     6.039  7 56366.92870480 16.351
 176  65.644021  65.538041     5.653     5.807  7 56396.67564211 14.617
 177  65.645319  65.539380     2.954     2.469  7 56406.59128344 14.500
 178  65.645479  65.539161     3.322     3.426  6 56416.50692114 34.079
 179  65.646960  65.537836     6.909     6.966  7 56426.42255429 31.380
 180  65.646155  65.536771     7.883     7.878  6 56436.33820474 28.890
 181  65.645880  65.536833     7.566     7.591  7 56446.25385646 29.932
 182  65.645798  65.537748     7.395     7.402  6 56456.16950583 25.159
 183  65.646084  65.537522     7.620     7.618  7 56466.08515219 53.356
 184  65.646548  65.535799     7.496     7.512  7 56476.00079475 50.270
 185  65.646112  65.533674     7.392     7.365  6 56485.91643369 25.026
 186  65.646401  65.533019     7.347     7.326  6 56495.83206976 26.804
 187  65.644210  65.534851     7.293     7.367  7 56505.74770388 25.659
 188  65.647513  65.537194     7.050     7.057  7 56515.66333699 20.877
 189  65.645978  65.537976     5.972     5.973  6 56525.57899127 39.907
 190  65.644325  65.536897     6.878     6.831  7 56535.49464185 21.442
 192  65.645000  65.534318     3.900     3.950  6 56555.32593313 45.750
 193  65.645647  65.535886     6.737     6.748  6 56565.24157590 22.159
 194  65.646616  65.538374     6.523     6.567  7 56575.15721732 24.830
 195  65.643587  65.540282     6.149     6.151  7 56585.07285543 22.011
 196  65.648736  65.539528     4.152     4.176  7 56594.98849229 42.816
 197  65.643038  65.538193     4.220     4.192  7 56604.90414469 48.843
 198  65.645297  65.536647     4.385     4.376  7 56614.81979300 27.520
 199  65.646937  65.536630     4.776     4.789  7 56624.73543737 23.930
 200  65.645760  65.537337     5.168     4.956  7 56634.65107865 21.620
 201  65.644800  65.537742     5.510     5.890  7 56644.56671574 19.150
 202  65.645112  65.536176     5.170     4.905  6 56654.48236868 18.578
 203  65.645257  65.534241     5.889     5.897  7 56664.39801738 17.855
 204  65.645619  65.533332     5.220     5.600  7 56674.31366339 17.936
 205  65.646505  65.534309     5.477     5.562  7 56684.22930823 17.411
 206  65.645810  65.536175     5.107     4.894  7 56694.14495082 17.021
 207  65.647666  65.537254     4.951     4.647  7 56704.06058930 16.715
 208  65.644726  65.537189     4.784     4.861  6 56713.97622205 16.205
 209  65.644307  65.535722    22.644    23.674  6 56723.89187196  8.917
 210  65.645556  65.535025    15.530    15.595  7 56733.80752254  9.493
 211  65.647413  65.536280     5.861     6.693  7 56743.72316966 12.071
 212  65.645256  65.538593     6.309     6.580  7 56753.63881203 13.101
 213  65.644660  65.539911     2.379     2.394  7 56763.55444919 23.454
 214  65.646036  65.539435     3.032     3.029  7 56773.47008314 19.758
 215  65.647835  65.537506     4.398     4.370  7 56783.38574081 33.751
 216  65.646470  65.536415     8.405     8.497  7 56793.30139451 38.575
 217  65.645177  65.536249     7.608     7.618  6 56803.21704530 27.565
 218  65.646705  65.536360     7.401     7.325  7 56813.13268851 30.758
 219  65.644768  65.536301     8.290     8.299  6 56823.04832789 36.985
 220  65.646629  65.535381     8.261     8.222  7 56832.96396349 48.637
 221  65.645154  65.534941     8.235     8.184  6 56842.87959532 52.595
 222  65.645876  65.534956     7.501     7.495  7 56852.79523599 28.744
 223  65.644513  65.535555     7.836     7.978  7 56862.71088990 27.889
 224  65.646232  65.536162     7.688     7.755  7 56872.62654353 26.216
 225  65.647038  65.536268     7.533     7.533  7 56882.54219398 51.300
 226  65.644563  65.536184     7.309     7.294  6 56892.45784059 23.550
 227  65.646709  65.535452     7.070     7.053  7 56902.37348457 25.705
 228  65.646073  65.536039     7.178     7.214  6 56912.28912632 22.318
 229  65.645329  65.537323     7.085     7.134  6 56922.20476644 22.234
 230  65.645895  65.538753     4.819     4.341  6 56932.12040441 28.073
 231  65.647495  65.539249     6.232     6.079  7 56942.03603730 22.689
 232  65.646185  65.538791     4.542     4.535  7 56951.95168000 41.577
 233  65.643321  65.537788     4.789     4.826  7 56961.86733084 37.822
 234  65.644463  65.537080     4.793     4.562  7 56971.78297709 27.300
 235  65.644619  65.537107     5.490     5.537  6 56981.69861907 23.495
 236  65.643913  65.537228     5.972     6.026  7 56991.61425649 21.303
 237  65.645954  65.536614     6.001     6.089  7 57001.52988886 19.836
 238  65.645715  65.535280     6.340     6.481  6 57011.44554637 18.240
 239  65.645199  65.534522     6.009     6.047  6 57021.36119802 19.261
 240  65.646024  65.534966     6.108     6.275  7 57031.27684690 16.950
 241  65.645647  65.535905     5.897     5.943  6 57041.19249376 17.967
 242  65.645324  65.536645     5.820     5.746  6 57051.10813855 18.039
 243  65.645168  65.536556     5.874     5.654  6 57061.02377921 18.134
 244  65.647326  65.536213     5.009     4.839  7 57070.93941455 19.446
 245  65.645376  65.536927     3.313     2.969  6 57080.85504515 23.634
 246  65.647985  65.537910     4.176     4.563  7 57090.77068699 20.682
 247  65.644310  65.539298     3.433     3.062  7 57100.68634423 22.126
 248  65.647933  65.539251     6.599     6.789  7 57110.60199904 16.120
 249  65.644870  65.538659     5.737     5.671  7 57120.51764762 12.871
 250  65.645593  65.537252     2.874     2.825  7 57130.43329081 22.001
 251  65.644682  65.536968     3.238     3.197  7 57140.34892854 20.252
 252  65.647505  65.537452     5.660     5.489  7 57150.26456314 33.544
 253  65.646150  65.538380     8.883     8.799  7 57160.18019430 41.532
 254  65.644843  65.537573     7.670     7.637  7 57170.09584719 36.339
 255  65.644341  65.535759     7.879     7.800  6 57180.01150269 29.760
 256  65.644075  65.534273     8.229     8.219  6 57189.92715418 41.851
 257  65.643916  65.534431     8.205     8.190  7 57199.84280202 41.036
 258  65.643720  65.535805     8.363     8.266  7 57209.75843606 50.825
 259  65.645002  65.536973     8.015     8.057  6 57219.67408016 27.961
 260  65.644862  65.537082     7.785     7.875  7 57229.58972311 32.470
 261  65.645413  65.536521     7.935     7.911  6 57239.50536391 30.616
 262  65.643848  65.536333     8.177     8.273  7 57249.42100155 32.715
 263  65.645698  65.537089     7.830     7.872  7 57259.33663714 29.924
 264  65.645699  65.538941     7.581     7.600  6 57269.25227125 29.220
 265  65.645834  65.540220     7.485     7.439  7 57279.16792240 28.568
 266  65.646972  65.539841     7.000     7.069  7 57289.08357836 25.006
 267  65.643633  65.538577     7.244     7.277  7 57298.99923108 26.605
 268  65.646315  65.536370     6.721     6.842  7 57308.91488076 24.088
 269  65.643546  65.535910     5.140     5.004  7 57318.83052627 51.258
 270  65.644701  65.536384     6.016     6.063  6 57328.74616900 44.892
 271  65.646636  65.537431     6.903     6.911  7 57338.66180958 33.811
 272  65.647671  65.536867     6.052     6.072  7 57348.57745845 33.841
 273  65.645758  65.535229     5.278     5.271  6 57358.49310441 31.619
 274  65.645659  65.533416     5.336     5.342  6 57368.40874729 27.721
 275  65.645921  65.533530     5.331     5.294  6 57378.32438732 25.274
 276  65.645093  65.535810     5.630     5.380  6 57388.24002557 23.897
 277  65.646008  65.537952     5.466     5.253  7 57398.15566316 22.686
 278  65.646624  65.538562     6.247     6.283  7 57408.07129921 16.950
 279  65.643240  65.537310     6.518     6.553  7 57417.98695213 17.115
 280  65.644972  65.535916     6.477     6.411  6 57427.90260302 17.835
 281  65.646212  65.536369     6.163     6.100  7 57437.81825112 17.682
 282  65.645791  65.538491     6.238     6.337  7 57447.73389756 16.940
 283  65.645629  65.540174     6.111     6.247  7 57457.64954294 16.766
 284  65.644229  65.540150     7.163     7.122  7 57467.56518563 14.915
 285  65.645227  65.538200     7.698     7.694  6 57477.48082467 11.088
 286  65.645540  65.536288     7.136     7.159  6 57487.39646046 11.336
 287  65.645357  65.536066     3.791     3.863  7 57497.31209397 18.642
 288  65.646415  65.537419     6.028     5.845  7 57507.22773229 32.573
 289  65.645527  65.538158     8.024     8.086  7 57517.14338846 36.116
 290  65.644925  65.537675     8.547     8.529  6 57527.05904187 54.999
 291  65.643993  65.535643     7.898     7.958  7 57536.97469269 31.244
 292  65.645134  65.533706     7.804     7.835  7 57546.89034099 32.051
 293  65.644620  65.533664     7.724     7.732  7 57556.80598743 33.630
 294  65.644686  65.535593     7.535     7.574  7 57566.72163256 28.930
 295  65.646007  65.537413     7.808     7.926  7 57576.63727707 27.741
 296  65.647705  65.537876     7.736     7.786  7 57586.55292060 27.983
 297  65.645016  65.537341     7.451     7.418  6 57596.46856150 26.766
