-152307.920   116.374     0.00    5.57
-152022.466   116.877     1.76    6.25
-151736.995   117.701     2.88    6.60
-151451.506   119.467     6.19    7.29
-151166.000   121.708     7.85    7.00
-150880.476   122.946     4.34    6.01
-150594.935   122.980     0.12    5.70
-150309.376   121.996    -3.45    5.56
-150023.800   119.602    -8.38    5.82
-149738.206   118.166    -5.03    6.17
-149452.595   117.165    -3.51    6.63
-149166.966   117.030    -0.47    6.44
-148881.319   117.043     0.05    7.04
-148595.655   117.394     1.23    6.54
-148309.974   118.816     4.98    6.17
-148024.275   119.873     3.70    5.55
-147738.558   121.207     4.67    5.47
-147452.824   122.480     4.45    5.27
-147167.072   124.535     7.19    5.54
-146881.303   125.971     5.03    5.17
-146595.516   127.475     5.26    5.27
-146309.712   128.340     3.02    5.09
-146023.890   127.971    -1.29    6.12
-145738.050   127.508    -1.62    7.06
-145452.193   126.641    -3.03    7.77
-145166.318   125.070    -5.49    7.74
-144880.426   123.521    -5.42    6.87
-144594.516   122.420    -3.85    5.57
-144308.588   123.217     2.79    6.29
-144022.643   125.796     9.02    7.40
-143736.680   128.713    10.20    7.54
-143450.700   131.821    10.87    6.66
-143164.702   133.715     6.62    5.70
-142878.686   134.172     1.60    5.55
-142592.653   133.137    -3.62    7.77
-142306.602   130.769    -8.27    9.56
-142020.534   128.321    -8.56    9.30
-141734.447   126.113    -7.72    8.05
-141448.344   124.578    -5.36    6.24
-141162.222   124.372    -0.72    5.87
-140876.083   125.171     2.79    6.15
-140589.927   126.211     3.63    5.73
-140303.752   125.625    -2.05    6.94
-140017.560   124.521    -3.86    7.98
-139731.350   122.768    -6.12    8.46
-139445.123   121.268    -5.24    8.13
-139158.878   120.715    -1.93    6.94
-138872.615   121.516     2.80    6.33
-138586.335   123.091     5.50    6.73
-138300.037   125.283     7.66    7.32
-138013.721   126.673     4.86    6.55
-137727.388   126.776     0.36    6.36
-137441.037   125.525    -4.37    7.47
-137154.668   124.238    -4.50    8.02
-136868.282   122.472    -6.17    7.94
-136581.877   120.330    -7.48    7.02
-136295.455   118.045    -7.98    5.51
-136009.016   116.183    -6.50    4.73
-135722.558   115.922    -0.91    4.75
-135436.083   115.504    -1.46    5.33
-135149.591   115.027    -1.66    6.12
-134863.080   114.492    -1.87    6.48
-134576.552   113.947    -1.90    6.20
-134290.006   113.576    -1.29    6.13
-134003.442   112.980    -2.08    5.54
-133716.861   113.649     2.34    6.28
-133430.261   114.657     3.52    6.41
-133143.644   115.480     2.87    6.05
-132857.010   116.476     3.47    6.33
-132570.357   116.436    -0.14    6.15
-132283.687   116.232    -0.71    5.59
-131996.999   115.730    -1.75    5.09
-131710.293   115.476    -0.89    4.93
-131423.570   115.660     0.64    4.88
-131136.828   116.689     3.59    5.46
-130850.069   116.988     1.04    5.58
-130563.292   117.037     0.17    6.14
-130276.498   118.268     4.29    6.60
-129989.685   120.500     7.78    7.93
-129702.855   122.121     5.65    9.08
-129416.007   123.439     4.59    9.70
-129129.141   124.891     5.06    9.96
-128842.257   126.848     6.82    9.10
-128555.356   129.189     8.16    6.92
-128268.436   130.786     5.56    5.33
-127981.499   132.073     4.48    3.99
-127694.544   133.044     3.38    3.37
-127407.572   133.820     2.70    3.48
-127120.581   134.135     1.10    4.12
-126833.572   134.124    -0.04    4.43
-126546.546   132.988    -3.96    5.50
-126259.502   130.219    -9.64    7.07
-125972.440   127.221   -10.44    7.73
-125685.360   124.455    -9.63    7.19
-125398.262   122.955    -5.23    6.70
-125111.147   122.713    -0.84    7.41
-124824.013   122.883     0.59    7.86
-124536.862   122.857    -0.09    7.93
-124249.693   122.140    -2.50    8.30
-123962.506   121.117    -3.56    8.27
-123675.301   120.240    -3.05    7.36
-123388.078   118.868    -4.78    6.43
-123100.837   115.860   -10.47    7.44
-122813.579   112.012   -13.39   11.01
-122526.302   106.500   -19.19   14.23
-122239.008   101.246   -18.29   15.36
-121951.695    94.715   -22.73   15.51
-121664.365    88.084   -23.08   14.04
-121377.017    81.028   -24.56   13.91
-121089.651    75.641   -18.75   14.56
-120802.267    68.604   -24.49   14.43
-120514.865    63.268   -18.57   13.44
-120227.445    58.012   -18.28   11.01
-119940.007    54.116   -13.55    7.72
-119652.552    52.342    -6.17    5.39
-119365.078    52.694     1.22    5.60
-119077.587    54.932     7.78    6.84
-118790.077    57.641     9.42    7.44
-118502.550    59.422     6.19    7.01
-118215.004    61.332     6.64    6.90
-117927.441    63.197     6.49    7.90
-117639.859    65.373     7.57    8.99
-117352.260    67.310     6.74   10.17
-117064.643    69.252     6.75   11.17
-116777.007    70.618     4.75   11.38
-116489.354    73.364     9.54   11.71
-116201.683    75.181     6.32   11.97
-115913.994    77.524     8.14   13.14
-115626.286    81.180    12.70   14.82
-115338.561    84.052     9.98   15.78
-115050.818    87.004    10.26   16.89
-114763.057    89.460     8.53   17.32
-114475.278    92.757    11.46   16.58
-114187.480    94.674     6.66   15.20
-113899.665    94.092    -2.02   15.09
-113611.832    92.375    -5.97   15.14
-113323.980    90.955    -4.93   14.65
-113036.111    90.196    -2.64   13.18
-112748.224    88.560    -5.68   11.45
-112460.318    86.996    -5.43    9.64
-112172.395    88.408     4.90   10.43
-111884.453    90.020     5.60   11.17
-111596.494    90.602     2.02   11.30
-111308.516    90.939     1.17   11.19
-111020.520    91.052     0.39   10.72
-110732.507    90.791    -0.91    9.40
-110444.475    92.236     5.01    8.98
-110156.425    94.170     6.72    9.32
-109868.357    97.047     9.99   10.92
-109580.271   101.891    16.81   12.63
-109292.167   108.068    21.44   13.58
-109004.045   114.545    22.48   12.36
-108715.905   120.165    19.50    9.13
-108427.746   122.600     8.45    6.68
-108139.570   124.137     5.33    4.79
-107851.375   125.548     4.90    3.82
-107563.163   126.524     3.39    3.59
-107274.932   127.054     1.84    3.73
-106986.683   128.818     6.12    4.39
-106698.416   131.318     8.67    5.52
-106410.131   133.302     6.88    5.62
-106121.828   134.652     4.68    5.58
-105833.506   134.797     0.50    5.59
-105545.167   134.321    -1.65    5.80
-105256.809   134.183    -0.48    6.04
-104968.433   133.532    -2.26    6.25
-104680.040   132.822    -2.46    6.44
-104391.627   132.931     0.38    7.26
-104103.197   133.200     0.93    7.92
-103814.749   132.727    -1.64    8.15
-103526.282   132.427    -1.04    8.67
-103237.798   131.797    -2.18    8.43
-102949.295   131.310    -1.69    8.12
-102660.774   130.793    -1.79    7.79
-102373.575   131.536     2.59    8.34
-102088.807   133.384     6.49    9.16
-101804.022   137.012    12.74    9.31
-101519.220   139.867    10.02    8.10
-101234.402   141.553     5.92    6.76
-100949.566   141.940     1.36    6.27
-100664.714   140.244    -5.95    8.06
-100379.844   137.841    -8.43   10.04
-100094.958   135.244    -9.12   10.76
 -99810.054   131.578   -12.87   10.39
 -99525.134   127.771   -13.36    8.67
 -99240.197   123.987   -13.28    7.94
 -98955.243   120.463   -12.37    9.29
 -98670.272   116.435   -14.13   12.02
 -98385.284   109.424   -24.60   16.34
 -98100.279   101.781   -26.82   18.17
 -97815.258    94.012   -27.26   17.80
 -97530.219    87.860   -21.58   16.13
 -97245.163    82.673   -18.20   14.22
 -96960.091    79.908    -9.70   12.30
 -96675.001    79.565    -1.20   12.08
 -96389.894    80.971     4.93   12.98
 -96104.771    81.995     3.59   13.54
 -95819.630    84.211     7.77   14.85
 -95534.473    86.600     8.38   15.68
 -95249.299    87.892     4.53   16.84
 -94964.107    89.103     4.25   17.13
 -94678.899    90.556     5.09   17.89
 -94393.673    95.019    15.65   18.94
 -94108.431    98.771    13.15   18.77
 -93823.172   102.492    13.04   16.96
 -93537.895   105.004     8.81   14.90
 -93252.602   105.766     2.67   13.95
 -92967.292   107.060     4.53   13.54
 -92681.964   108.165     3.87   13.30
 -92396.620   108.566     1.41   12.68
 -92111.259   111.129     8.98   12.63
 -91825.880   114.062    10.28   12.57
 -91540.485   119.199    18.00   10.53
 -91255.073   122.743    12.42    6.78
 -90969.643   124.701     6.86    5.00
 -90684.197   123.638    -3.72    6.96
 -90398.733   121.316    -8.14    9.61
 -90113.253   118.418   -10.15   11.43
 -89827.755   115.381   -10.64   12.04
 -89542.240   112.726    -9.30   11.11
 -89256.709   112.087    -2.24    9.19
 -88971.160   111.186    -3.16    8.48
 -88685.594   111.695     1.78    8.03
 -88400.011   111.525    -0.60    8.11
 -88114.411   110.405    -3.92    8.90
 -87828.794   108.152    -7.89   11.60
 -87543.160   104.053   -14.35   14.00
 -87257.509    99.468   -16.05   14.49
 -86971.841    94.971   -15.74   13.73
 -86686.155    91.043   -13.75   11.25
 -86400.453    88.221    -9.88    8.86
 -86114.734    86.922    -4.55    7.78
 -85828.997    87.662     2.59    8.19
 -85543.243    88.036     1.31    9.19
 -85257.473    88.732     2.43    9.66
 -84971.685    87.759    -3.40   10.84
 -84685.880    84.833   -10.24   12.43
 -84400.058    80.880   -13.83   13.83
 -84114.218    75.860   -17.56   13.79
 -83828.362    72.158   -12.95   12.98
 -83542.489    70.594    -5.47   12.61
 -83256.598    68.891    -5.96   12.40
 -82970.690    68.368    -1.83   11.95
 -82684.766    68.859     1.72   11.38
 -82398.824    70.564     5.96   12.20
 -82112.864    74.520    13.83   14.03
 -81826.888    78.539    14.05   14.72
 -81540.895    82.810    14.94   13.41
 -81254.884    85.671    10.00   10.03
 -80968.856    85.980     1.08    9.43
 -80682.812    82.980   -10.49   12.47
 -80396.749    76.776   -21.68   16.16
 -80110.670    68.455   -29.09   18.48
 -79824.574    59.880   -29.97   18.98
 -79538.460    50.988   -31.08   17.29
 -79252.330    44.124   -23.99   12.87
 -78966.182    41.641    -8.68    9.76
 -78680.017    41.812     0.60   10.96
 -78393.834    45.149    11.66   14.07
 -78107.635    50.725    19.48   15.83
 -77821.418    57.012    21.96   15.40
 -77535.184    62.657    19.72   13.59
 -77248.933    69.157    22.71   11.04
 -76962.665    73.460    15.03    9.62
 -76676.379    76.898    12.01    9.26
 -76390.077    79.297     8.38    8.45
 -76103.757    80.815     5.30    7.66
 -75817.419    81.277     1.61    7.68
 -75531.065    79.053    -7.77    9.54
 -75244.693    77.114    -6.77   10.37
 -74958.305    75.062    -7.17   10.61
 -74671.899    71.900   -11.04   11.62
 -74385.475    69.838    -7.20   12.30
 -74099.035    68.684    -4.03   12.92
 -73812.577    67.218    -5.12   13.79
 -73526.102    66.233    -3.44   13.77
 -73239.609    64.701    -5.35   12.28
 -72953.100    64.011    -2.41    9.80
 -72666.573    64.146     0.47    8.24
 -72380.029    66.286     7.47    7.40
 -72093.467    70.170    13.55    7.39
 -71806.889    74.012    13.41    6.62
 -71520.293    76.882    10.01    6.52
 -71233.680    79.398     8.78    6.87
 -70947.049    81.227     6.38    6.69
 -70660.401    84.142    10.17    7.29
 -70373.736    85.302     4.05    7.56
 -70087.054    85.244    -0.20    8.31
 -69800.354    85.980     2.57    9.96
 -69513.637    85.712    -0.93   10.30
 -69226.903    84.839    -3.04   10.18
 -68940.151    85.241     1.40   10.44
 -68653.382    85.805     1.96   10.67
 -68366.596    86.013     0.72   10.48
 -68079.792    84.900    -3.88   10.86
 -67792.971    82.956    -6.78   11.11
 -67506.133    80.318    -9.19   11.77
 -67219.278    76.812   -12.22   13.10
 -66932.405    73.504   -11.53   14.13
 -66645.514    69.838   -12.78   14.63
 -66358.607    65.759   -14.22   13.76
 -66071.682    62.517   -11.30   12.10
 -65784.739    60.520    -6.96    9.67
 -65497.780    59.356    -4.06    8.73
 -65210.803    59.230    -0.44    8.41
 -64923.808    57.689    -5.37    8.12
 -64636.797    57.003    -2.39    7.94
 -64349.768    56.294    -2.47    7.40
 -64062.721    55.200    -3.81    7.50
 -63775.657    52.964    -7.79    7.88
 -63488.576    49.160   -13.25    8.04
 -63201.477    45.796   -11.72    8.01
 -62914.361    42.652   -10.95    6.54
 -62627.228    40.145    -8.73    4.82
 -62340.077    39.255    -3.10    4.25
 -62052.909    40.028     2.69    4.74
 -61765.723    42.389     8.22    7.14
 -61478.520    46.925    15.79   11.28
 -61191.299    52.931    20.91   15.65
 -60904.062    60.711    27.09   18.70
 -60616.806    70.026    32.43   19.89
 -60329.534    78.840    30.68   17.77
 -60042.243    87.689    30.80   15.71
 -59754.936    94.066    22.19   14.42
 -59467.611    99.053    17.35   13.35
 -59180.268   103.813    16.57   13.55
 -58892.908   107.412    12.52   13.02
 -58605.531   110.546    10.91   11.11
 -58318.136   112.269     5.99    9.59
 -58030.724   113.987     5.98    7.83
 -57743.294   115.840     6.45    6.46
 -57455.847   115.972     0.46    6.20
 -57168.382   116.100     0.45    5.36
 -56880.900   116.266     0.58    5.11
 -56593.401   116.011    -0.89    5.50
 -56305.884   115.866    -0.51    6.36
 -56018.349   115.384    -1.67    7.04
 -55730.797   113.886    -5.21    9.15
 -55443.227   111.719    -7.54   10.41
 -55155.640   109.552    -7.54    9.64
 -54868.036   109.854     1.05    9.51
 -54580.414   111.545     5.88    9.64
 -54292.774   114.172     9.13   10.36
 -54005.117   116.154     6.89   10.60
 -53717.443   119.504    11.64    9.43
 -53429.751   122.027     8.77    6.45
 -53142.041   123.564     5.34    4.03
 -52854.314   123.771     0.72    3.60
 -52566.569   123.718    -0.19    3.10
 -52278.807   123.712    -0.02    2.79
 -51991.027   124.029     1.10    2.46
 -51703.230   124.042     0.05    2.63
 -51415.415   123.681    -1.26    3.27
 -51127.583   122.463    -4.23    3.87
 -50839.733   120.940    -5.29    4.37
 -50551.866   119.310    -5.66    4.99
 -50263.981   116.750    -8.89    5.25
 -49976.078   114.594    -7.49    5.22
 -49688.158   113.045    -5.38    5.00
 -49400.220   111.191    -6.44    4.86
 -49112.265   108.980    -7.68    6.38
 -48824.292   107.880    -3.82    7.30
 -48536.302   105.419    -8.55    9.07
 -48248.294   102.326   -10.74   10.67
 -47960.268    98.576   -13.02   10.51
 -47672.225    94.130   -15.43    9.94
 -47384.164    90.716   -11.85    9.29
 -47096.086    87.758   -10.27    7.86
 -46807.990    85.436    -8.06    6.69
 -46519.876    83.503    -6.71    5.87
 -46231.745    81.971    -5.32    5.18
 -45943.596    80.468    -5.22    5.71
 -45655.429    79.042    -4.95    5.53
 -45367.245    76.847    -7.62    5.40
 -45079.044    74.416    -8.44    5.87
 -44790.824    72.367    -7.11    5.78
 -44502.587    69.695    -9.27    5.99
 -44214.333    67.132    -8.89    6.48
 -43926.060    64.622    -8.71    6.39
 -43637.771    61.619   -10.42    5.37
 -43349.463    59.468    -7.46    5.33
 -43061.138    57.451    -6.99    4.23
 -42772.795    55.884    -5.44    3.69
 -42484.434    54.917    -3.35    3.35
 -42196.056    54.135    -2.71    2.86
 -41907.660    53.780    -1.23    2.72
 -41619.247    53.294    -1.68    2.62
 -41330.815    52.342    -3.30    2.46
 -41042.367    50.987    -4.70    2.93
 -40753.900    50.156    -2.88    3.02
 -40467.120    49.488    -2.33    2.65
 -40182.298    49.138    -1.23    2.28
 -39897.460    49.116    -0.08    2.00
 -39612.606    49.189     0.26    1.77
 -39327.735    49.511     1.13    1.69
 -39042.848    49.721     0.74    1.69
 -38757.944    49.676    -0.16    1.50
 -38473.024    49.359    -1.11    1.67
 -38188.088    48.512    -2.97    1.89
 -37903.135    47.692    -2.88    2.31
 -37618.165    46.891    -2.81    2.51
 -37333.179    46.183    -2.48    2.52
 -37048.177    45.542    -2.25    2.37
 -36763.158    44.939    -2.12    1.97
 -36478.123    44.652    -1.01    1.46
 -36193.071    44.552    -0.35    1.13
 -35908.003    44.681     0.45    1.07
 -35622.918    44.972     1.02    1.10
 -35337.817    45.213     0.85    1.04
 -35052.699    45.378     0.58    0.97
 -34767.565    45.620     0.85    0.95
 -34482.414    45.641     0.07    0.88
 -34197.247    45.657     0.06    0.83
 -33912.063    45.789     0.46    0.98
 -33626.863    45.754    -0.12    1.07
 -33341.647    45.696    -0.20    1.12
 -33056.414    45.654    -0.15    1.11
 -32771.164    45.496    -0.56    1.25
 -32485.898    44.964    -1.87    1.75
 -32200.615    44.422    -1.90    2.06
 -31915.316    43.221    -4.21    2.94
 -31630.000    41.704    -5.32    3.93
 -31344.668    40.209    -5.24    4.12
 -31059.319    39.042    -4.09    3.60
 -30773.954    38.183    -3.01    2.93
 -30488.572    37.768    -1.45    2.44
 -30203.174    38.167     1.40    2.50
 -29917.759    37.971    -0.69    4.41
 -29632.328    35.468    -8.77    9.95
 -29346.880    31.476   -13.99   13.64
 -29061.415    27.234   -14.86   15.27
 -28775.934    23.239   -13.99   14.93
 -28490.436    19.203   -14.14   13.31
 -28204.922    15.321   -13.60   10.41
 -27919.391    11.814   -12.28    5.57
 -27633.844    10.889    -3.24    3.93
 -27348.280    10.514    -1.31    3.97
 -27062.700    10.224    -1.02    3.70
 -26777.102     8.996    -4.30    3.54
 -26491.489     8.228    -2.69    3.58
 -26205.859     8.447     0.77    3.94
 -25920.212     8.883     1.53    4.52
 -25634.548     9.665     2.74    4.92
 -25348.868    10.431     2.68    5.38
 -25063.172    11.220     2.76    5.66
 -24777.458    12.484     4.42    5.56
 -24491.729    13.127     2.25    5.28
 -24205.982    12.941    -0.65    5.36
 -23920.219    11.630    -4.59    5.75
 -23634.439    10.705    -3.24    6.11
 -23348.643     8.987    -6.01    6.86
 -23062.830     7.012    -6.91    7.27
 -22777.001     4.124   -10.10    6.55
 -22491.154     2.052    -7.25    5.33
 -22205.292     0.427    -5.69    4.13
 -21919.412    -0.619    -3.66    2.15
 -21633.516    -0.777    -0.55    1.24
 -21347.603    -0.346     1.51    2.11
 -21061.674     0.042     1.36    2.54
 -20775.728     0.236     0.68    2.76
 -20489.765     0.318     0.29    2.83
 -20203.786     0.239    -0.28    2.71
 -19917.790     0.238    -0.01    2.72
 -19631.777     0.830     2.07    3.53
 -19345.748     1.077     0.86    3.81
 -19059.702     2.923     6.45    4.91
 -18773.639     4.287     4.77    5.18
 -18487.560     5.738     5.07    4.89
 -18201.463     6.845     3.87    4.31
 -17915.351     7.901     3.69    3.27
 -17629.221     8.963     3.71    1.58
 -17343.075     8.917    -0.16    1.23
 -17056.912     9.004     0.31    1.03
 -16770.733     8.799    -0.72    1.23
 -16484.536     8.657    -0.50    1.38
 -16198.323     8.365    -1.02    1.66
 -15912.094     8.153    -0.74    1.72
 -15625.847     8.003    -0.52    1.73
 -15339.584     7.907    -0.34    1.53
 -15053.304     8.049     0.50    1.61
 -14767.008     8.028    -0.07    1.71
 -14480.694     7.516    -1.79    2.16
 -14194.364     7.638     0.43    2.61
 -13908.018     7.825     0.65    3.32
 -13621.654     7.749    -0.26    3.56
 -13335.274     7.673    -0.27    3.61
 -13048.877     7.389    -0.99    3.56
 -12762.463     7.302    -0.30    3.44
 -12476.033     7.286    -0.06    3.37
 -12189.585     7.166    -0.42    3.24
 -11903.121     7.166    -0.00    3.04
 -11616.641     7.801     2.22    3.26
 -11330.143     8.535     2.56    3.28
 -11043.629     8.909     1.30    3.06
 -10757.098     8.617    -1.02    2.99
 -10470.550     8.239    -1.32    3.18
 -10183.985     7.564    -2.36    3.10
  -9897.404     6.947    -2.15    2.93
  -9610.805     6.383    -1.97    2.44
  -9324.190     5.874    -1.78    1.89
  -9037.558     5.302    -1.99    1.85
  -8750.910     4.720    -2.03    2.27
  -8464.244     4.176    -1.90    2.70
  -8177.562     3.220    -3.34    3.21
  -7890.863     2.392    -2.89    3.34
  -7604.147     1.638    -2.63    3.07
  -7317.414     1.775     0.48    3.08
  -7030.665     1.825     0.18    2.98
  -6743.899     2.223     1.39    3.09
  -6457.115     2.448     0.78    2.92
  -6170.315     2.681     0.81    2.72
  -5883.498     3.344     2.31    2.75
  -5596.665     3.651     1.07    2.74
  -5309.814     3.786     0.47    2.86
  -5022.947     3.751    -0.12    2.81
  -4736.063     3.711    -0.14    2.52
  -4449.162     3.882     0.60    2.38
  -4162.244     3.909     0.09    2.23
  -3875.309     3.719    -0.66    2.16
  -3588.357     3.355    -1.27    2.17
  -3301.389     2.762    -2.07    1.65
  -3014.403     2.775     0.04    1.68
  -2727.401     3.082     1.07    2.08
  -2440.382     3.584     1.75    2.73
  -2153.346     4.191     2.11    3.44
  -1866.293     4.507     1.10    3.83
  -1579.223     4.248    -0.90    4.05
  -1292.136     3.476    -2.69    3.96
  -1005.033     2.440    -3.61    3.56
   -717.912     1.181    -4.39    2.52
   -430.775     0.436    -2.59    1.38
   -143.620     0.130    -1.07    0.92
    143.551     4.988    16.91   16.16
    430.739    14.198    32.07   27.32
    717.944    26.552    43.01   34.83
   1005.166    41.423    51.78   37.79
   1292.405    55.847    50.21   35.74
   1579.661    68.093    42.63   29.23
   1866.934    78.796    37.25   19.84
   2154.223    84.073    18.37   16.28
   2441.530    87.930    13.43   14.61
   2728.853    89.342     4.91   13.81
   3016.194    92.972    12.63    9.06
   3303.552    96.242    11.38    8.19
   3590.926    98.342     7.31    9.03
   3878.317   100.168     6.35    9.20
   4165.726   100.263     0.33    9.60
   4453.151    99.452    -2.82   10.57
   4740.593    98.191    -4.39   11.15
   5028.053    93.644   -15.82   13.42
   5315.529    86.114   -26.19   16.24
   5603.022    77.609   -29.59   18.22
   5890.532    71.161   -22.43   17.89
   6178.060    66.111   -17.56   16.28
   6465.604    64.764    -4.69   15.86
   6753.165    66.932     7.54   17.57
   7040.743    69.165     7.76   19.01
   7328.338    71.266     7.31   19.29
   7615.951    72.028     2.65   18.43
   7903.580    68.609   -11.89   22.54
   8191.226    64.026   -15.93   26.30
   8478.889    56.508   -26.14   27.02
   8766.569    50.617   -20.48   24.67
   9054.267    42.980   -26.55   20.75
   9341.981    37.914   -17.60   16.63
   9629.712    34.440   -12.08   12.88
   9917.461    33.895    -1.89   11.99
  10205.226    32.762    -3.94   11.72
  10493.009    32.551    -0.73   10.69
  10780.808    32.480    -0.25   10.17
  11068.625    31.101    -4.79    9.30
  11356.458    32.531     4.97   10.88
  11644.309    31.705    -2.87   10.90
  11932.177    30.721    -3.42    9.68
  12220.061    29.698    -3.55    7.79
  12507.963    28.947    -2.61    7.56
  12795.882    29.395     1.55    8.28
  13083.818    30.714     4.58    9.61
  13371.771    29.867    -2.94   11.47
  13659.741    29.677    -0.66   14.98
  13947.728    26.568   -10.80   15.54
  14235.733    24.419    -7.46   16.40
  14523.754    21.554    -9.94   14.77
  14811.793    20.488    -3.70   13.36
  15099.848    22.076     5.51   14.29
  15387.921    25.074    10.41   14.97
  15676.011    30.770    19.77   17.48
  15964.118    35.550    16.59   18.15
  16252.242    38.867    11.51   17.62
  16540.383    40.427     5.41   16.30
  16828.541    40.212    -0.74   15.77
  17116.717    39.882    -1.15   14.40
  17404.909    39.447    -1.51   12.68
  17693.119    42.203     9.56   13.60
  17981.346    46.223    13.95   15.72
  18269.589    49.472    11.27   17.32
  18557.851    51.264     6.22   17.58
  18846.129    53.717     8.51   18.58
  19134.424    56.162     8.48   17.57
  19422.737    59.144    10.34   16.70
  19711.066    60.817     5.80   16.67
  19999.413    61.751     3.24   16.25
  20287.777    62.156     1.40   16.61
  20576.158    63.367     4.20   16.78
  20864.557    65.420     7.12   16.57
  21152.972    64.988    -1.50   16.10
  21439.343    64.987    -0.00   15.66
  21724.209    64.178    -2.84   14.58
  22009.091    62.641    -5.40   12.50
  22293.989    63.848     4.24   11.59
  22578.903    65.646     6.31   11.43
  22863.833    68.092     8.59   12.43
  23148.779    70.589     8.76   13.07
  23433.741    75.370    16.78   12.71
  23718.718    79.575    14.76   12.42
  24003.712    84.045    15.68   11.71
  24288.722    88.210    14.62   10.61
  24573.747    91.860    12.80   10.39
  24858.789    95.923    14.25    9.11
  25143.846    99.896    13.94    9.07
  25428.920   103.278    11.86    8.07
  25714.009   105.567     8.03    7.76
  25999.115   107.980     8.46    7.85
  26284.236   110.337     8.27    8.10
  26569.373   112.433     7.35    8.63
  26854.527   114.573     7.51    9.43
  27139.696   115.667     3.84   10.00
  27424.881   118.662    10.50    9.47
  27710.083   121.084     8.49    8.69
  27995.300   123.964    10.10    7.96
  28280.533   125.874     6.70    8.15
  28565.783   127.884     7.05    9.51
  28851.048   129.995     7.40   11.97
  29136.329   133.842    13.49   14.13
  29421.627   136.956    10.91   15.87
  29706.940   140.633    12.89   15.07
  29992.269   145.262    16.22   13.49
  30277.615   147.846     9.06   13.37
  30562.976   151.310    12.14   11.97
  30848.354   152.276     3.39   11.71
  31133.747   152.551     0.96   12.21
  31419.157   153.908     4.75   12.15
  31704.582   153.901    -0.02   12.95
  31990.024   154.308     1.42   13.23
  32275.482   152.362    -6.81   13.14
  32560.955   147.700   -16.33   15.03
  32846.445   142.133   -19.50   17.25
  33131.951   134.409   -27.05   20.47
  33417.473   125.584   -30.91   23.66
  33703.011   115.412   -35.63   21.94
  33988.565   107.067   -29.22   19.97
  34274.135   100.221   -23.97   17.12
  34559.721    96.279   -13.81   14.43
  34845.323    94.068    -7.74   13.22
  35130.941    92.749    -4.62   12.53
  35416.576    93.870     3.93   11.92
  35702.226    96.812    10.30   14.19
  35987.893   102.088    18.47   18.35
  36273.575   109.292    25.22   20.76
  36559.274   118.539    32.37   23.28
  36844.989   126.917    29.33   21.96
  37130.720   133.617    23.45   19.80
  37416.467   136.214     9.09   17.96
  37702.230   139.765    12.43   15.85
  37988.009   141.394     5.70   13.53
  38273.804   141.630     0.83   13.56
  38559.616   143.852     7.77   13.43
  38845.443   146.511     9.30   14.58
  39131.287   151.280    16.69   15.40
  39417.147   155.850    15.99   13.42
  39703.023   158.080     7.80   11.45
  39988.915   159.496     4.95   10.91
  40274.823   158.405    -3.82   12.58
  40560.748   153.956   -15.56   16.40
  40846.688   148.340   -19.64   17.03
  41132.645   143.617   -16.51   16.38
  41418.618   141.810    -6.32   14.94
  41704.607   141.300    -1.78   15.47
  41990.612   143.392     7.32   15.88
  42276.633   144.362     3.39   14.74
  42562.671   144.917     1.94   13.98
  42848.724   143.399    -5.31   14.04
  43134.794   141.762    -5.72   14.43
  43420.880   141.011    -2.63   13.88
  43706.982   139.375    -5.72   13.76
  43993.100   137.972    -4.90   13.44
  44279.235   139.552     5.52   12.96
  44565.386   143.310    13.13   10.66
  44851.552   145.151     6.43   10.15
  45137.736   145.689     1.88    9.03
  45423.935   146.231     1.89    7.38
  45710.150   146.396     0.57    7.00
  45996.382   145.798    -2.09    7.42
  46282.630   145.192    -2.12    8.40
  46568.894   145.249     0.20    9.24
  46855.174   144.530    -2.51   10.26
  47141.471   142.220    -8.07   11.49
  47427.784   139.748    -8.63   12.60
  47714.112   140.331     2.04   13.33
  48000.458   142.754     8.46   12.20
  48286.819   144.105     4.72   11.60
  48573.197   145.035     3.25   11.11
  48859.591   146.560     5.33    9.89
  49146.001   148.696     7.46    7.47
  49432.427   149.262     1.98    6.68
  49718.870   148.680    -2.03    7.31
  50005.329   146.027    -9.26    8.25
  50291.804   141.665   -15.23   10.64
  50578.295   136.550   -17.85   13.50
  50864.803   131.236   -18.55   14.96
  51151.327   126.417   -16.82   15.20
  51437.867   124.745    -5.83   14.12
  51724.423   125.189     1.55   13.95
  52010.996   127.359     7.57   15.31
  52297.585   131.076    12.97   15.91
  52584.190   137.188    21.33   13.93
  52870.812   139.855     9.31   13.29
  53157.450   141.099     4.34   12.62
  53444.104   142.578     5.16   12.20
  53730.774   144.523     6.78   11.53
  54017.461   147.380     9.96   10.80
  54304.164   149.183     6.29    9.90
  54590.883   151.536     8.21    8.09
  54877.619   152.452     3.20    6.58
  55164.371   153.813     4.74    5.01
  55451.139   153.419    -1.38    5.49
  55737.924   152.770    -2.26    5.71
  56024.725   151.676    -3.82    5.99
  56311.542   151.654    -0.08    6.26
  56598.375   152.421     2.68    6.35
  56885.225   153.564     3.98    5.90
  57172.091   154.472     3.17    5.49
  57458.974   155.400     3.24    4.67
  57745.873   155.821     1.47    6.10
  58032.788   155.880     0.20    6.68
  58319.720   154.818    -3.70    7.93
  58606.668   152.846    -6.87    8.99
  58893.632   150.170    -9.32    9.66
  59180.613   148.305    -6.50    9.38
  59467.610   147.151    -4.02    8.59
  59754.623   145.931    -4.25    8.02
  60041.653   144.597    -4.65    8.46
  60328.699   143.289    -4.56    9.57
  60615.761   143.207    -0.29   10.17
  60902.840   142.359    -2.95   10.24
  61189.935   141.972    -1.35   10.22
  61477.047   140.072    -6.62   11.33
  61764.175   136.206   -13.46   14.67
  62051.319   134.228    -6.89   15.46
  62338.480   132.756    -5.12   15.44
  62625.657   131.614    -3.98   15.48
  62912.851   132.345     2.54   16.31
  63200.061   134.595     7.84   17.05
  63487.287   138.678    14.22   17.36
  63774.530   144.003    18.54   13.45
  64061.789   146.249     7.82   11.01
  64349.065   145.796    -1.58   12.46
  64636.357   138.657   -24.85   20.05
  64923.666   131.463   -25.04   23.20
  65210.991   126.183   -18.38   23.18
  65498.332   122.980   -11.15   22.96
  65785.690   119.947   -10.55   23.28
  66073.064   120.403     1.58   23.49
  66360.455   124.332    13.67   24.63
  66647.862   131.917    26.40   21.36
  66935.285   138.980    24.57   18.06
  67222.725   144.568    19.44   12.07
  67510.182   145.384     2.84   10.10
  67797.655   144.468    -3.19    9.91
  68085.144   143.716    -2.62   10.65
  68372.650   142.633    -3.76   11.33
  68660.173   140.971    -5.78   13.29
  68947.711   135.491   -19.06   17.55
  69235.267   131.515   -13.83   17.97
  69522.838   129.181    -8.12   17.63
  69810.427   129.607     1.48   17.78
  70098.031   129.367    -0.84   19.54
  70385.653   129.804     1.52   21.03
  70673.290   127.751    -7.14   21.77
  70960.945   129.270     5.28   21.21
  71248.615   127.980    -4.49   22.48
  71536.303   129.821     6.40   22.47
  71824.006   133.266    11.98   22.95
  72111.727   137.178    13.60   22.59
  72399.463   142.444    18.30   20.40
  72687.217   144.209     6.13   18.18
  72974.986   145.641     4.98   15.45
  73262.773   146.353     2.47    8.67
  73550.576   144.626    -6.00    7.84
  73838.395   141.051   -12.42    7.31
  74126.231   138.526    -8.77    7.09
  74414.083   136.584    -6.74    6.64
  74701.952   134.488    -7.28    5.88
  74989.838   133.111    -4.78    5.74
  75277.740   131.900    -4.21    6.67
  75565.659   131.233    -2.31    7.01
  75853.594   130.231    -3.48    7.52
  76141.546   128.972    -4.38    7.82
  76429.514   125.791   -11.05    8.84
  76717.499   122.614   -11.03    9.91
  77005.500   120.638    -6.86    9.81
  77293.518   120.204    -1.51    9.79
  77581.553   120.641     1.52    9.69
  77869.604   121.972     4.62    9.82
  78157.672   122.797     2.86    9.80
  78445.756   124.898     7.29    9.14
  78733.857   126.862     6.82    6.87
  79021.975   127.460     2.07    6.10
  79310.109   126.964    -1.72    5.70
  79598.260   126.924    -0.14    5.26
  79886.427   125.084    -6.39    6.17
  80174.611   122.526    -8.88    7.14
  80462.811   118.592   -13.65    8.67
  80751.029   115.917    -9.28    8.10
  81039.262   113.618    -7.97    7.66
  81327.513   111.988    -5.66    6.88
  81615.780   110.956    -3.58    5.87
  81904.063   111.519     1.95    5.61
  82192.364   112.802     4.45    5.12
  82480.681   113.338     1.86    4.38
  82769.014   112.268    -3.71    5.33
  83057.364   110.710    -5.40    5.99
  83343.386   108.468    -7.84    6.05
  83628.307   106.210    -7.93    5.24
  83913.244   104.183    -7.11    4.07
  84198.196   103.100    -3.80    3.57
  84483.164   102.511    -2.07    3.45
  84768.147   102.130    -1.34    3.36
  85053.145   101.641    -1.72    3.39
  85338.159   101.308    -1.17    3.35
  85623.188   100.972    -1.18    3.29
  85908.233    99.809    -4.08    3.77
  86193.293    97.923    -6.62    5.40
  86478.369    97.941     0.06    6.21
  86763.460    97.941     0.00    6.74
  87048.567    96.948    -3.48    7.64
  87333.689    97.086     0.49    7.79
  87618.826    97.908     2.88    7.97
  87903.979    99.749     6.46    7.27
  88189.147   100.383     2.22    6.22
  88474.331   100.660     0.97    5.88
  88759.530   101.476     2.86    5.49
  89044.745   102.254     2.73    4.80
  89329.976   102.401     0.52    4.10
  89615.221   102.950     1.92    3.97
  89900.482   104.297     4.72    2.64
