#   48.434  -1.383   4.516 ;Mean Elev.(m), Avg Gradient(m/km), RMS Gradient(m/km) - SRTM1     
#   44.993  -2.057   5.345 ;Mean Elev.(m), Avg Gradient(m/km), RMS Gradient(m/km) - ASTER GDEM
#   46.277  -1.386   4.578 ;Mean Elev.(m), Avg Gradient(m/km), RMS Gradient(m/km) - GMTED2010 
   1  81.642410  58.711355    54.821    54.623  4 54666.19501915 28.850
   2  81.641152  58.712676    52.934    52.454  4 54676.11066381 32.752
   3  81.636556  58.712839   -25.130   -25.049  4 54686.02630653  8.017
   4  81.636713  58.713321    51.578    50.500  4 54695.94194808 39.725
   5  81.640200  58.712437   -21.635   -21.497  4 54705.85758748  5.253
   6  81.640153  58.710292    50.179    50.160  4 54715.77323950 38.171
   7  81.642953  58.709707    12.744    12.768  4 54725.68888958  8.966
   8  81.641550  58.710061    50.956    50.948  4 54735.60453761 46.435
   9  81.638928  58.712168    51.071    51.055  4 54745.52018498 52.303
  10  81.635820  58.713291    50.627    50.611  4 54755.43583177 43.691
  11  81.636863  58.713071    50.780    50.767  4 54765.35147743 48.243
  12  81.640951  58.711512    50.421    50.407  4 54775.26712025 36.067
  13  81.641927  58.709096    52.056    52.035  4 54785.18276012 46.605
  14  81.641667  58.708737    52.644    52.572  4 54795.09839850 40.315
  15  81.643556  58.711261    51.698    51.716  4 54805.01403667 34.826
  16  81.640918  58.711101    52.082    51.858  5 54814.92967349 25.801
  17  81.640396  58.711556    52.285    52.599  5 54824.84531922 23.078
  18  81.640138  58.711719    52.132    52.121  5 54834.76095883 21.419
  19  81.638280  58.712302    52.724    52.728  4 54844.67660850 19.264
  20  81.636945  58.713912    52.808    52.726  4 54854.59225762 18.890
  21  81.635720  58.715919    52.568    52.470  5 54864.50790670 19.197
  22  81.636442  58.717112    52.271    52.294  3 54874.42355558 18.061
  23  81.635260  58.715099    52.496    52.419  5 54884.33920124 17.351
  24  81.637995  58.713238    52.486    52.471  4 54894.25484383 17.072
  25  81.641275  58.712345    53.312    53.339  4 54904.17048386 16.193
  26  81.640044  58.711485    53.370    53.296  4 54914.08612221 16.310
  27  81.639717  58.712527    52.614    52.133  4 54924.00176025 27.631
  28  81.637732  58.712099    52.097    52.063  4 54933.91739712 34.014
  29  81.640952  58.711502    56.519    56.526  4 54943.83303250 54.936
  30  81.645038  58.709286    55.250    55.221  4 54953.74866564 30.329
  31  81.645098  58.707645    55.387    55.317  4 54963.66431017 31.809
  32  81.645215  58.709008    55.556    55.520  4 54973.57995878 30.623
  33  81.641796  58.710332    55.666    55.645  4 54983.49560644 36.508
  34  81.638231  58.711245    55.625    55.568  4 54993.41125383 35.707
  35  81.639073  58.712839    55.444    55.361  4 55003.32690067 32.660
  36  81.639383  58.713243    55.470    55.344  4 55013.24254528 31.232
  37  81.638338  58.712668    55.199    55.141  4 55023.15818818 30.291
  38  81.636866  58.712901    53.838    53.690  4 55033.07383035 48.568
  39  81.638294  58.714273    54.979    54.876  4 55042.98947219 29.165
  40  81.638990  58.713553    52.835    51.950  4 55052.90511205 40.640
  41  81.639690  58.711039    51.809    51.776  4 55062.82074947 51.638
  42  81.642603  58.710335    51.348    51.331  4 55072.73639394 49.698
  43  81.642507  58.709900    51.780    51.805  4 55082.65204219 51.567
  44  81.640002  58.710094    51.009    51.001  4 55092.56768882 45.012
  45  81.640044  58.712040    51.764    50.721  4 55102.48333573 35.821
  46  81.638316  58.712680    52.387    51.063  5 55112.39898199 34.049
  47  81.637905  58.711726    52.645    52.414  4 55122.31462584 34.538
  48  81.639468  58.710291    53.214    53.554  4 55132.23026688 28.287
  49  81.640912  58.709152    52.624    52.618  4 55142.14590585 45.738
  50  81.642059  58.709827    53.166    53.164  4 55152.06154432 32.232
  51  81.641473  58.710662    52.352    52.370  4 55161.97718283 28.450
  52  81.639981  58.710739    52.115    52.070  4 55171.89282075 25.343
  53  81.639467  58.710037    51.912    51.823  4 55181.80845709 24.639
  54  81.640884  58.711893    51.835    51.823  4 55191.72410736 21.326
  55  81.637147  58.712361    52.035    52.068  4 55201.63975721 22.786
  56  81.637478  58.714407    51.626    51.583  4 55211.55540710 24.341
  57  81.636203  58.714652    51.888    51.803  4 55221.47105618 19.753
  58  81.635865  58.713687    51.829    51.967  4 55231.38670403 19.173
  59  81.639496  58.713287    53.001    52.993  4 55241.30234909 15.448
  60  81.638507  58.711278    53.132    53.122  4 55251.21798996 14.437
  61  81.641701  58.712321    53.481    53.525  4 55261.13362926 14.053
  62  81.639945  58.711913    53.344    53.460  4 55271.04926693 13.510
  63  81.639721  58.711656    53.805    53.864  4 55280.96490464 12.032
  64  81.641080  58.710908    53.971    54.046  4 55290.88054122 12.322
  65  81.641566  58.708685    52.542    52.403  4 55300.79617520 16.511
  66  81.643995  58.709159    53.823    54.258  3 55310.71182182 34.659
  67  81.642582  58.709050    56.898    56.880  4 55320.62746719 55.524
  68  81.642282  58.710538    56.190    56.082  4 55330.54311191 34.075
  69  81.639383  58.711174    56.632    56.552  4 55340.45875620 34.762
  70  81.640630  58.712542    56.795    56.805  4 55350.37440076 39.154
  71  81.639102  58.711878    56.826    56.788  4 55360.29004267 35.292
  72  81.639628  58.712280    56.776    56.725  5 55370.20568270 36.492
  73  81.639117  58.712532    56.383    56.277  5 55380.12132107 38.590
  74  81.637581  58.712200    55.736    55.675  4 55390.03695849 35.621
  75  81.639279  58.711688    54.957    54.949  4 55399.95259507 53.040
  76  81.643019  58.711557    53.810    53.824  4 55409.86824273 52.420
  77  81.642753  58.709770    52.878    52.857  4 55419.78389272 52.924
  78  81.644274  58.710065    55.141    55.267  4 55429.69953997 28.650
  79  81.643378  58.711388    54.966    54.862  4 55439.61518472 31.207
  80  81.638838  58.711484    52.517    51.927  4 55449.53082761 35.934
  81  81.640742  58.712760    50.703    50.778  4 55459.44647090 51.494
  82  81.639129  58.710564    51.144    50.605  4 55469.36211253 34.925
  83  81.642804  58.709715    52.916    54.046  3 55479.27775165 31.266
  84  81.644381  58.708710    52.879    53.842  3 55489.19338769 31.673
  85  81.644675  58.708609    53.610    54.184  4 55499.10902139 30.557
  86  81.643443  58.709958    53.481    54.468  4 55509.02466127 36.040
  87  81.642074  58.711890    50.392    50.421  4 55518.94031139 47.445
  88  81.640069  58.712155    50.904    50.871  4 55528.85596027 36.089
  89  81.639210  58.712027    51.059    51.082  4 55538.77160739 32.335
  90  81.639049  58.712494    50.967    50.973  4 55548.68725246 31.639
  91  81.637332  58.713319    51.212    51.298  5 55558.60289578 29.564
  92  81.636712  58.714434    50.794    50.682  4 55568.51853843 27.070
  93  81.637524  58.714018    50.415    50.438  4 55578.43418018 26.749
  94  81.639067  58.711458    51.081    51.233  4 55588.34981938 23.278
  95  81.642576  58.708684    53.383    53.290  4 55598.26545565 16.833
  96  81.644856  58.707374    53.669    53.717  4 55608.18108933 16.273
  97  81.645012  58.707631    53.766    53.787  3 55618.09672104 14.300
  98  81.641186  58.709255    53.809    53.849  4 55628.01236718 14.069
  99  81.641748  58.711225    53.651    53.640  4 55637.92801865 13.845
 100  81.643787  58.711218    50.879    50.938  4 55647.84366790 20.960
 101  81.644648  58.709587    50.563    50.471  4 55657.75931390 30.729
 102  81.644838  58.709034    51.403    51.423  4 55667.67495592 39.463
 103  81.642823  58.709628    54.823    54.673  4 55677.59059531 29.801
 104  81.639539  58.710314    55.818    55.889  4 55687.50623277 33.524
 105  81.639119  58.710981    55.930    55.996  4 55697.42186926 34.221
 106  81.642437  58.710952    55.383    55.381  4 55707.33750463 32.712
 107  81.643426  58.711459    55.064    54.974  4 55717.25315618 45.920
 108  81.641675  58.711707    55.282    55.320  4 55727.16880462 31.135
 109  81.640535  58.713185    55.268    55.164  4 55737.08445154 29.836
 110  81.638209  58.713951    54.744    54.692  4 55747.00009695 31.212
 111  81.638061  58.713552    53.952    53.905  5 55756.91574031 35.007
 112  81.640283  58.711489    54.760    54.531  5 55766.83138107 30.129
 113  81.644787  58.709581    52.325    51.815  4 55776.74701910 30.551
 114  81.645234  58.707558    50.669    50.635  3 55786.66265410 38.735
 115  81.645232  58.708240    50.842    50.892  3 55796.57828781 50.120
 116  81.641898  58.709192    51.320    50.503  4 55806.49392920 32.801
 117  81.639749  58.710040    51.181    51.254  4 55816.40957837 43.309
 118  81.641467  58.709302    50.667    50.624  4 55826.32522458 49.303
 119  81.645663  58.708718    50.924    49.917  4 55836.24086659 35.645
 120  81.646658  58.707776    49.901    49.901  4 55846.15650488 45.082
 121  81.643715  58.707586    49.873    49.837  4 55856.07214021 40.875
 122  81.641315  58.709579    50.754    49.709  4 55865.98778234 36.320
 123  81.638883  58.711887    50.011    50.012  4 55875.90343498 43.758
 124  81.640475  58.712836    50.656    50.564  4 55885.81908183 36.729
 125  81.638959  58.710849    50.877    50.851  4 55895.73472222 33.513
 126  81.642988  58.710769    50.794    50.834  4 55905.65035820 34.476
 127  81.639356  58.710076    53.194    53.147  4 55915.56600061 25.044
 128  81.638708  58.712576    52.994    52.980  4 55925.48165471 22.296
 129  81.637342  58.712901    52.822    52.840  4 55935.39730522 21.535
 130  81.639972  58.712125    52.918    52.938  4 55945.31295114 21.781
 131  81.642365  58.710027    53.068    53.035  3 55955.22859240 21.666
 132  81.645251  58.709541    53.235    53.284  4 55965.14423115 20.757
 133  81.642372  58.709229    53.318    53.257  4 55975.05986797 20.021
 134  81.643290  58.711154    52.975    52.991  4 55984.97550443 20.030
 135  81.643856  58.710727    53.118    53.204  4 55994.89113817 19.725
 136  81.643550  58.710227    53.129    53.082  4 56004.80679010 18.784
 137  81.644313  58.709129    50.801    50.901  4 56014.72243821 23.185
 138  81.643431  58.709028    52.748    52.653  4 56024.63808330 28.448
 139  81.641914  58.710801    54.767    54.682  4 56034.55372662 28.580
 140  81.638373  58.711709    54.356    54.308  4 56044.46936761 31.495
 141  81.637988  58.712458    55.190    55.328  4 56054.38500612 28.058
 142  81.640121  58.711857    55.029    55.374  4 56064.30064103 28.656
 143  81.641848  58.711465    54.692    54.652  4 56074.21628472 28.851
 144  81.639649  58.711422    54.258    54.054  4 56084.13193422 29.879
 145  81.640316  58.712715    51.534    51.517  4 56094.04758173 51.882
 146  81.640087  58.713218    52.171    51.458  4 56103.96322684 34.044
 147  81.638631  58.711577    50.344    50.348  4 56113.87885703 44.782
 148  81.640437  58.710120    50.300    50.319  4 56123.79449536 50.357
 149  81.643080  58.708117    50.664    50.689  4 56133.71012977 49.527
 150  81.644468  58.707662    50.362    50.343  4 56143.62576884 41.946
 151  81.644080  58.709595    49.735    49.785  4 56153.54141965 38.833
 152  81.640017  58.710281    50.125    49.796  4 56163.45706865 32.892
 153  81.639821  58.711291    51.413    50.699  4 56173.37271600 33.101
 154  81.641466  58.710951    50.879    49.664  4 56183.28835829 38.934
 155  81.642723  58.709626    50.053    50.058  4 56193.20399662 49.234
 156  81.643777  58.709168    51.794    51.647  4 56203.11963223 31.015
 157  81.641673  58.708694    53.241    53.181  4 56213.03526576 29.994
 158  81.642104  58.709675    50.181    50.168  4 56222.95089820 49.995
 159  81.639486  58.711519    51.066    50.934  4 56232.86655442 38.666
 160  81.640412  58.712961    50.379    50.398  4 56242.78220689 39.230
 161  81.639213  58.712417    50.877    50.670  5 56252.69785442 32.761
 162  81.639623  58.712325    50.782    50.657  4 56262.61349771 27.129
 163  81.640553  58.712677    50.383    50.216  4 56272.52913920 27.206
 164  81.638787  58.711583    51.184    51.189  4 56282.44478127 23.468
 165  81.639492  58.711949    51.583    51.674  5 56292.36043346 21.667
 166  81.641957  58.711998    50.835    50.844  4 56302.27608127 23.170
 167  81.641860  58.710916    51.972    52.111  4 56312.19172444 17.262
 168  81.641484  58.710699    52.504    52.380  4 56322.10736542 15.018
 169  81.640554  58.711066    52.176    52.297  4 56332.02300577 14.277
 170  81.640833  58.711277    52.289    52.374  4 56341.93864571 15.600
 171  81.640546  58.709861    53.139    53.095  4 56351.85428308 12.725
 172  81.643346  58.709562    53.324    53.559  4 56361.76992326 13.657
 173  81.640981  58.709335    53.968    53.972  4 56371.68557229 12.545
 174  81.641520  58.711667    54.482    54.559  4 56381.60121938 11.786
 175  81.638568  58.712836    50.818    50.776  5 56391.51686394 34.877
 176  81.638381  58.713669    51.892    51.860  4 56401.43250710 37.799
 177  81.637336  58.712673    55.446    55.363  4 56411.34814719 34.149
 178  81.639915  58.711892    55.737    55.772  4 56421.26378268 32.711
 179  81.640434  58.711301    56.394    56.384  4 56431.17942162 34.023
 180  81.639635  58.713073    56.778    56.752  4 56441.09507462 36.573
 181  81.637995  58.713638    56.977    56.998  5 56451.01072483 37.605
 182  81.637388  58.712761    56.844    56.796  4 56460.92637259 45.853
 183  81.639188  58.711695    56.206    56.260  4 56470.84201723 41.538
 184  81.642230  58.711153    55.531    55.538  4 56480.75765843 32.830
 185  81.642134  58.710163    55.151    55.082  3 56490.67329543 28.819
 186  81.641281  58.709563    53.424    53.389  4 56500.58893002 49.653
 187  81.641585  58.709066    52.437    52.448  4 56510.50456339 47.697
 188  81.644552  58.710259    55.244    55.252  4 56520.42020756 24.982
 189  81.643222  58.710276    53.773    53.515  4 56530.33586100 33.446
 190  81.642966  58.710295    55.164    55.170  4 56540.25151061 24.370
 191  81.641430  58.710468    54.681    54.941  4 56550.16715575 27.532
 192  81.638780  58.711425    53.637    54.047  4 56560.08279849 31.110
 193  81.639363  58.713589    54.196    54.258  4 56569.99844061 30.536
 194  81.637439  58.713260    54.476    54.392  5 56579.91408077 30.890
 195  81.639708  58.712038    51.600    51.594  5 56589.82971723 46.464
 196  81.641275  58.711488    53.165    53.027  4 56599.74536301 40.338
 197  81.641659  58.712445    54.598    54.461  4 56609.66101373 22.795
 198  81.638353  58.712626    52.205    52.072  5 56619.57665927 51.147
 199  81.637873  58.713273    51.486    51.484  4 56629.49230202 44.315
 200  81.639066  58.712144    52.314    52.360  5 56639.40794146 39.528
 201  81.640486  58.709981    52.080    52.067  4 56649.32358661 29.833
 202  81.641943  58.709435    52.242    52.247  4 56659.23923800 29.592
 203  81.640331  58.709450    51.963    51.977  4 56669.15488519 28.441
 204  81.639485  58.711567    51.764    51.728  4 56679.07053028 24.895
 205  81.639156  58.713053    52.050    51.925  4 56688.98617372 21.955
 206  81.639412  58.712196    52.396    52.418  4 56698.90181422 21.475
 207  81.641102  58.709781    53.232    53.503  4 56708.81745000 18.764
 208  81.643368  58.709035    53.567    53.555  4 56718.73308900 17.689
 209  81.641776  58.710900    52.887    53.224  4 56728.64874155 18.059
 210  81.637925  58.713054    51.288    51.156  4 56738.56439006 20.509
 211  81.636133  58.715049    51.548    51.534  4 56748.48003503 38.775
 212  81.636759  58.714744    54.495    54.476  4 56758.39567530 27.784
 213  81.637873  58.711872    56.257    56.237  4 56768.31130917 35.607
 214  81.639942  58.711424    56.108    56.122  4 56778.22695614 41.089
 215  81.638608  58.712501    55.707    55.647  4 56788.14261208 34.588
 216  81.636650  58.714325    55.840    55.816  5 56798.05826449 35.323
 217  81.635869  58.715596    55.642    55.629  5 56807.97391124 33.783
 218  81.636563  58.714314    56.118    56.096  4 56817.88955186 53.076
 219  81.640479  58.712327    56.150    56.157  4 56827.80518911 54.788
 220  81.642794  58.709237    55.465    55.455  4 56837.72082287 30.254
 221  81.645808  58.708727    55.412    55.402  4 56847.63645428 27.817
 222  81.641855  58.710299    55.236    55.211  4 56857.55210656 29.295
 223  81.639718  58.712795    55.036    55.015  4 56867.46776027 29.356
 224  81.636693  58.712532    54.280    53.993  4 56877.38341188 30.706
 225  81.639303  58.712963    54.901    54.841  4 56887.29906093 28.024
 226  81.640014  58.712178    53.457    53.740  4 56897.21470689 30.311
 227  81.638343  58.712386    53.392    53.794  4 56907.13034994 29.942
 228  81.636199  58.713970    50.135    50.154  4 56917.04599092 43.408
 229  81.635890  58.715574    50.360    50.403  5 56926.96163008 48.260
 230  81.636319  58.714723    50.294    50.361  5 56936.87726529 46.989
 231  81.639691  58.711927    52.912    52.809  5 56946.79289515 33.963
 232  81.641489  58.711685    52.352    52.433  4 56956.70854949 50.829
 233  81.641051  58.711690    52.958    52.841  4 56966.62419819 47.271
 234  81.638832  58.712332    52.736    52.653  5 56976.53984271 38.103
 235  81.638550  58.713235    52.349    52.135  5 56986.45548297 26.816
 236  81.640103  58.711824    53.370    53.211  4 56996.37111737 20.035
 237  81.642002  58.709834    53.027    53.134  4 57006.28676170 19.068
 238  81.644003  58.709657    52.330    52.117  4 57016.20241639 19.402
 239  81.643586  58.710370    53.349    53.449  4 57026.11806697 17.897
 240  81.641421  58.712379    53.992    53.976  4 57036.03371545 16.483
 241  81.637654  58.712838    53.665    53.675  4 57045.94936094 16.435
 242  81.638377  58.712942    53.744    53.678  5 57055.86500342 14.907
 243  81.642188  58.712022    53.663    53.649  4 57065.78064092 14.577
 244  81.643396  58.710423    54.198    54.165  4 57075.69627359 14.347
 245  81.644737  58.709957    51.758    51.712  4 57085.61190343 18.762
 246  81.638198  58.711437    52.697    52.763  4 57095.52755941 17.511
 247  81.636506  58.714446    53.483    53.852  4 57105.44321613 19.743
 248  81.636907  58.715559    52.908    52.876  4 57115.35886829 23.239
 249  81.638486  58.714491    52.538    51.695  4 57125.27451398 32.249
 250  81.637646  58.711851    53.990    54.009  4 57135.19015387 37.964
 251  81.641455  58.711640    56.355    56.363  4 57145.10579014 38.324
 252  81.641620  58.710944    57.251    57.236  4 57155.02142346 56.568
 253  81.642729  58.711512    57.304    57.229  4 57164.93706260 34.791
 254  81.639413  58.711609    57.166    57.181  4 57174.85271885 38.615
 255  81.640466  58.711440    57.104    57.100  5 57184.76837190 47.303
 256  81.642403  58.710964    56.681    56.672  4 57194.68402104 35.320
 257  81.641676  58.710674    55.566    55.572  4 57204.59965632 37.759
 258  81.640110  58.711730    55.307    55.242  5 57214.51530185 32.471
 259  81.639933  58.713204    53.183    52.125  4 57224.43094605 42.174
 260  81.639420  58.713059    55.111    55.004  4 57234.34658815 31.188
 261  81.638465  58.711225    51.586    51.615  4 57244.26222674 49.025
 262  81.639836  58.710209    54.497    54.410  4 57254.17786307 30.513
 263  81.640924  58.710426    54.625    54.564  4 57264.09349808 29.979
 264  81.639936  58.711206    52.211    51.595  4 57274.00913735 34.241
 265  81.637619  58.713063    50.491    50.609  5 57283.92479460 50.453
 266  81.637620  58.713884    51.930    50.838  4 57293.84044913 38.705
 267  81.636602  58.712718    51.884    51.872  4 57303.75609978 50.617
 268  81.638946  58.712788    54.183    54.145  5 57313.67174710 28.998
 269  81.638535  58.712664    53.467    53.624  4 57323.58739101 28.562
 270  81.639799  58.713524    53.792    53.812  4 57333.50303332 22.125
 271  81.638701  58.712768    49.951    49.952  4 57343.41867329 44.259
 272  81.638162  58.712974    51.304    51.426  5 57353.33432647 39.239
 273  81.640137  58.712364    51.651    51.606  4 57363.24997077 39.995
 274  81.639652  58.710346    51.517    51.524  4 57373.16561124 38.929
 275  81.641438  58.710675    51.641    51.581  4 57383.08125034 36.187
 276  81.640030  58.710188    51.272    51.295  4 57392.99688850 32.192
 277  81.643354  58.711491    50.873    50.893  4 57402.91252639 33.350
 278  81.640525  58.710235    50.643    50.640  4 57412.82817001 30.967
 279  81.641993  58.711942    50.748    50.411  4 57422.74382195 30.456
 280  81.639289  58.712417    51.011    50.919  4 57432.65947063 28.760
 281  81.637765  58.713749    50.561    50.632  4 57442.57511778 28.165
 282  81.636338  58.714406    50.858    50.314  4 57452.49076421 24.355
 283  81.635706  58.714126    51.591    51.403  4 57462.40640895 22.930
 284  81.637539  58.712830    50.911    50.588  4 57472.32205023 22.898
 285  81.639504  58.711270    50.927    50.938  4 57482.23768757 33.801
 286  81.643394  58.711195    53.734    53.740  4 57492.15332220 38.421
 287  81.641309  58.709181    55.932    55.959  4 57502.06895386 44.725
 288  81.640401  58.709908    56.129    56.128  4 57511.98460357 41.738
 289  81.640316  58.710962    56.406    56.361  4 57521.90025878 36.025
 290  81.639887  58.710631    56.436    56.345  4 57531.81591137 36.187
 291  81.640309  58.710415    55.947    55.869  4 57541.73156078 35.903
 292  81.642319  58.711472    55.377    55.347  4 57551.64720772 36.939
 293  81.639253  58.711164    54.105    54.093  4 57561.56285266 54.040
 294  81.638980  58.712244    55.274    55.169  5 57571.47849770 31.350
 295  81.638319  58.712252    54.980    54.990  4 57581.39414247 29.018
 296  81.638008  58.711537    53.566    53.575  4 57591.30978538 51.666
 297  81.641384  58.712641    55.056    54.925  4 57601.22542615 29.365
