-160836.335    68.957     0.00    1.24
-160550.576    68.559    -1.39    1.48
-160264.798    68.332    -0.80    1.76
-159979.002    67.791    -1.89    1.89
-159693.188    67.249    -1.90    1.92
-159407.355    66.749    -1.75    1.80
-159121.504    66.189    -1.96    1.58
-158835.634    65.775    -1.45    1.48
-158549.746    65.617    -0.55    1.47
-158263.839    65.536    -0.29    1.41
-157977.914    65.970     1.52    1.62
-157691.970    66.262     1.02    1.74
-157406.008    66.797     1.87    1.81
-157120.028    67.560     2.67    2.06
-156834.029    68.160     2.10    2.03
-156548.011    69.091     3.25    1.77
-156261.975    69.933     2.94    2.33
-155975.921    70.880     3.31    2.57
-155689.848    71.885     3.51    2.83
-155403.757    72.777     3.12    3.19
-155117.647    73.728     3.32    3.17
-154831.518    74.580     2.98    2.84
-154545.371    75.122     1.89    2.55
-154259.206    75.783     2.31    1.76
-153973.022    76.028     0.86    1.47
-153686.819    76.085     0.20    1.49
-153400.598    75.937    -0.52    1.57
-153114.359    75.457    -1.67    1.58
-152828.101    74.710    -2.61    1.82
-152541.824    74.070    -2.23    2.15
-152255.529    73.457    -2.14    2.18
-151969.215    72.945    -1.79    2.15
-151682.883    72.449    -1.73    2.00
-151396.532    71.828    -2.17    1.68
-151110.163    71.276    -1.93    1.78
-150823.775    70.932    -1.20    1.91
-150537.368    69.996    -3.27    2.81
-150250.943    69.159    -2.92    3.47
-149964.499    68.228    -3.25    3.55
-149678.037    67.303    -3.23    3.39
-149391.556    66.905    -1.39    3.13
-149105.057    66.259    -2.25    2.59
-148818.539    65.824    -1.52    2.17
-148532.002    65.659    -0.58    1.98
-148245.447    65.532    -0.44    1.74
-147958.873    65.408    -0.43    1.78
-147672.281    65.365    -0.15    1.75
-147385.670    65.195    -0.59    1.54
-147099.040    65.325     0.45    1.63
-146812.392    65.802     1.66    1.95
-146525.725    66.325     1.82    2.01
-146239.039    67.036     2.48    1.96
-145952.335    67.474     1.53    1.81
-145665.612    67.941     1.63    1.51
-145378.871    68.416     1.66    1.46
-145092.111    68.685     0.94    1.82
-144805.332    68.970     1.00    2.17
-144518.535    69.253     0.99    2.36
-144231.719    69.407     0.54    2.47
-143944.884    69.633     0.79    2.22
-143658.030    69.846     0.74    2.30
-143371.158    70.038     0.67    2.12
-143084.267    70.208     0.59    1.56
-142797.358    70.216     0.03    1.50
-142510.430    70.531     1.10    1.59
-142223.483    70.962     1.50    1.65
-141936.517    71.802     2.93    2.48
-141649.533    72.538     2.57    2.64
-141362.530    73.246     2.47    2.69
-141075.509    74.136     3.10    2.68
-140788.468    74.683     1.91    2.31
-140501.409    75.197     1.79    1.82
-140214.331    75.284     0.30    1.70
-139927.235    75.002    -0.98    1.69
-139640.120    74.681    -1.12    1.62
-139352.986    74.156    -1.83    1.36
-139065.833    73.995    -0.56    1.41
-138778.661    73.710    -0.99    1.56
-138491.471    73.153    -1.94    1.74
-138204.262    72.187    -3.36    2.45
-137917.034    70.777    -4.91    3.04
-137629.788    69.482    -4.51    3.22
-137342.523    68.799    -2.38    3.00
-137055.239    68.780    -0.07    2.92
-136767.936    68.933     0.53    2.89
-136480.614    69.534     2.09    3.10
-136193.274    70.499     3.36    3.06
-135905.915    71.441     3.28    2.38
-135618.537    72.110     2.33    1.90
-135331.140    72.415     1.06    1.44
-135043.725    72.352    -0.22    1.39
-134756.290    72.130    -0.77    1.41
-134468.837    71.803    -1.14    1.40
-134181.365    71.885     0.29    1.39
-133893.874    71.685    -0.69    1.44
-133606.365    71.524    -0.56    1.57
-133318.836    71.903     1.32    2.07
-133031.289    72.201     1.04    2.21
-132743.723    72.483     0.98    2.22
-132456.138    72.559     0.26    2.17
-132168.534    72.619     0.21    2.07
-131880.912    72.522    -0.34    1.98
-131593.270    72.176    -1.20    1.93
-131305.610    71.720    -1.59    1.97
-131017.931    71.540    -0.62    1.95
-130730.233    71.147    -1.37    1.75
-130442.516    70.608    -1.87    1.84
-130154.780    70.490    -0.41    2.07
-129867.025    70.306    -0.64    2.16
-129579.252    70.041    -0.92    2.15
-129291.459    70.049     0.03    2.04
-129003.648    70.086     0.13    1.99
-128715.818    70.028    -0.20    1.80
-128427.969    69.941    -0.30    1.72
-128140.101    69.874    -0.23    1.71
-127852.214    69.933     0.20    1.53
-127564.308    69.863    -0.24    1.41
-127276.383    69.783    -0.28    1.42
-126988.440    69.772    -0.04    1.40
-126700.477    69.651    -0.42    1.40
-126412.495    69.596    -0.19    1.36
-126124.495    69.565    -0.11    1.37
-125836.476    69.783     0.76    1.40
-125548.437    69.879     0.33    1.40
-125260.380    70.059     0.62    1.46
-124972.304    70.357     1.03    1.38
-124684.208    70.925     1.97    1.50
-124396.094    71.425     1.74    1.48
-124107.961    71.866     1.53    1.41
-123819.809    72.383     1.79    1.61
-123531.638    72.565     0.63    1.50
-123243.448    72.978     1.43    1.46
-122955.239    73.224     0.85    1.44
-122667.011    73.238     0.05    1.36
-122378.764    73.211    -0.09    1.30
-122090.498    72.970    -0.84    1.45
-121802.213    72.560    -1.43    1.72
-121513.909    72.181    -1.31    1.66
-121225.586    71.769    -1.43    1.58
-120937.244    71.558    -0.73    1.57
-120648.883    70.994    -1.95    1.76
-120360.503    70.103    -3.09    2.33
-120072.104    69.389    -2.47    2.54
-119783.686    68.383    -3.49    2.61
-119495.248    67.628    -2.62    2.74
-119206.792    67.271    -1.24    2.49
-118918.317    67.085    -0.65    2.26
-118629.823    67.343     0.89    2.08
-118341.309    67.744     1.39    1.93
-118052.777    68.193     1.55    1.78
-117764.225    68.836     2.23    1.70
-117475.655    69.457     2.15    1.78
-117187.065    70.108     2.25    1.72
-116898.457    71.029     3.19    1.63
-116609.829    71.739     2.46    1.65
-116322.523    72.449     2.47    1.59
-116037.839    73.080     2.21    1.65
-115753.138    73.707     2.21    1.58
-115468.418    74.466     2.66    1.85
-115183.681    75.399     3.28    2.28
-114898.926    76.701     4.57    3.33
-114614.153    78.041     4.70    3.92
-114329.362    79.441     4.92    4.19
-114044.553    80.851     4.95    4.16
-113759.727    82.564     6.01    3.98
-113474.883    83.846     4.50    3.23
-113190.021    84.314     1.64    2.87
-112905.142    84.884     2.00    2.55
-112620.244    85.177     1.03    2.36
-112335.329    85.111    -0.23    2.26
-112050.396    84.876    -0.82    1.95
-111765.445    84.772    -0.36    1.82
-111480.476    84.635    -0.48    1.81
-111195.489    84.578    -0.20    1.80
-110910.485    84.873     1.03    1.89
-110625.463    85.146     0.96    1.97
-110340.423    85.154     0.03    2.05
-110055.365    85.208     0.19    1.98
-109770.289    85.056    -0.53    1.78
-109485.195    84.742    -1.10    1.80
-109200.084    84.569    -0.61    1.95
-108914.954    84.482    -0.31    1.92
-108629.807    84.586     0.37    1.83
-108344.642    84.904     1.11    2.14
-108059.459    85.727     2.88    2.78
-107774.258    86.933     4.23    3.25
-107489.039    88.333     4.91    3.46
-107203.803    90.069     6.09    3.57
-106918.548    91.620     5.44    3.05
-106633.276    93.029     4.94    2.73
-106347.985    94.407     4.83    2.19
-106062.677    95.336     3.26    1.98
-105777.351    96.382     3.66    1.88
-105492.007    97.357     3.42    1.58
-105206.645    97.929     2.01    1.60
-104921.265    98.539     2.14    1.70
-104635.868    99.080     1.89    1.81
-104350.452    99.474     1.38    1.76
-104065.018    99.838     1.28    1.73
-103779.567   100.237     1.40    1.75
-103494.097   100.753     1.80    1.71
-103208.610   101.220     1.64    1.90
-102923.105   101.672     1.58    2.00
-102637.581   102.235     1.97    2.00
-102352.040   102.867     2.21    1.89
-102066.481   103.540     2.36    1.68
-101780.904   104.064     1.83    1.43
-101495.308   104.630     1.98    1.57
-101209.695   105.299     2.34    1.90
-100924.064   106.103     2.81    2.11
-100638.415   106.748     2.26    2.03
-100352.748   107.341     2.08    1.82
-100067.063   107.630     1.01    1.62
 -99781.360   107.753     0.43    1.53
 -99495.639   107.945     0.67    1.39
 -99209.900   107.777    -0.59    1.47
 -98924.143   107.345    -1.51    1.61
 -98638.368   106.865    -1.68    1.60
 -98352.575   106.358    -1.77    1.79
 -98066.764   106.092    -0.93    1.79
 -97780.935   105.975    -0.41    1.72
 -97495.088   105.619    -1.25    1.96
 -97209.223   103.933    -5.90    6.38
 -96923.340   100.108   -13.38   10.96
 -96637.439    95.777   -15.15   13.94
 -96351.519    91.817   -13.85   14.86
 -96065.582    87.441   -15.30   14.46
 -95779.627    83.322   -14.40   12.51
 -95493.654    79.367   -13.83    8.53
 -95207.662    76.987    -8.32    3.62
 -94921.653    76.693    -1.03    1.87
 -94635.625    76.862     0.59    1.77
 -94349.580    76.588    -0.96    2.36
 -94063.516    76.135    -1.58    3.37
 -93777.434    75.589    -1.91    4.06
 -93491.335    74.884    -2.46    4.67
 -93205.217    73.672    -4.23    5.35
 -92919.081    71.135    -8.87    6.79
 -92632.927    68.345    -9.75    7.99
 -92346.755    65.937    -8.41    7.91
 -92060.565    64.588    -4.71    7.53
 -91774.356    64.408    -0.63    7.56
 -91488.130    65.003     2.08    8.64
 -91201.885    66.605     5.60    9.36
 -90915.623    65.489    -3.90   10.36
 -90629.342    65.701     0.74   10.56
 -90343.043    66.697     3.48   11.33
 -90056.726    67.701     3.51   12.05
 -89770.391    68.602     3.14   11.82
 -89484.038    71.080     8.65   10.58
 -89197.666    72.672     5.56    9.59
 -88911.277    75.449     9.70    5.31
 -88624.869    75.858     1.43    3.90
 -88338.443    74.667    -4.16    3.87
 -88051.999    73.291    -4.80    3.94
 -87765.537    71.246    -7.14    4.39
 -87479.057    68.775    -8.63    5.45
 -87192.558    65.872   -10.13    7.15
 -86906.041    62.363   -12.25    8.29
 -86619.507    59.113   -11.34    8.29
 -86332.954    56.929    -7.62    7.76
 -86046.382    56.135    -2.77    7.29
 -85759.793    55.791    -1.20    8.10
 -85473.185    55.417    -1.30    8.28
 -85186.560    54.517    -3.14    8.87
 -84899.916    51.748    -9.66   10.52
 -84613.254    48.215   -12.32   11.88
 -84326.573    45.243   -10.37   11.57
 -84039.875    44.172    -3.73   11.55
 -83753.158    44.579     1.42   12.28
 -83466.423    46.174     5.56   12.93
 -83179.670    46.845     2.34   12.86
 -82892.898    48.159     4.58   12.19
 -82606.108    48.974     2.84   10.52
 -82319.300    47.873    -3.84   10.12
 -82032.474    46.143    -6.03    9.80
 -81745.630    44.274    -6.51    9.11
 -81458.767    42.433    -6.42    8.11
 -81171.886    41.886    -1.91    7.77
 -80884.987    42.785     3.14    8.46
 -80598.070    43.243     1.59    9.11
 -80311.134    43.589     1.21    9.48
 -80024.180    43.638     0.17    9.59
 -79737.208    43.259    -1.32    9.59
 -79450.217    42.933    -1.14    9.34
 -79163.208    42.562    -1.29    9.42
 -78876.181    41.945    -2.15    9.23
 -78589.136    41.908    -0.13    8.98
 -78302.072    41.490    -1.46    7.96
 -78014.990    41.234    -0.89    6.76
 -77727.890    41.360     0.44    5.73
 -77440.771    41.989     2.19    5.58
 -77153.635    43.391     4.88    5.64
 -76866.479    45.524     7.43    6.09
 -76579.306    48.025     8.71    7.65
 -76292.114    49.920     6.60    8.23
 -76004.904    51.441     5.30    8.56
 -75717.675    52.401     3.34    8.33
 -75430.429    52.990     2.05    8.04
 -75143.163    53.433     1.54    8.01
 -74855.880    54.187     2.63    8.61
 -74568.578    54.777     2.05    8.91
 -74281.258    55.516     2.57    9.23
 -73993.919    57.409     6.59    9.03
 -73706.562    59.667     7.86    8.99
 -73419.187    61.821     7.50    9.71
 -73131.793    63.897     7.22    9.98
 -72844.381    66.254     8.20   10.27
 -72556.951    68.763     8.73    9.81
 -72269.502    71.393     9.15    8.00
 -71982.035    72.164     2.68    6.74
 -71694.550    72.208     0.15    5.55
 -71407.046    70.681    -5.31    6.02
 -71119.523    68.345    -8.12    7.19
 -70831.982    65.071   -11.39    8.85
 -70544.423    61.558   -12.22    9.64
 -70256.846    58.515   -10.58   10.13
 -69969.250    55.382   -10.89   10.26
 -69681.635    53.649    -6.02   10.23
 -69394.003    51.962    -5.87   10.62
 -69106.351    50.010    -6.78   10.74
 -68818.682    47.433    -8.96   10.68
 -68530.994    44.632    -9.74   10.57
 -68243.287    41.248   -11.76    9.82
 -67955.562    37.572   -12.77    7.35
 -67667.819    34.877    -9.37    4.95
 -67380.057    32.953    -6.68    3.90
 -67092.276    31.491    -5.08    4.31
 -66804.478    30.538    -3.31    5.06
 -66516.660    30.291    -0.86    5.60
 -66228.825    30.233    -0.20    5.88
 -65940.970    30.819     2.04    5.81
 -65653.098    30.748    -0.25    5.37
 -65365.207    31.133     1.34    4.27
 -65077.297    30.564    -1.97    3.67
 -64789.369    29.305    -4.37    3.87
 -64501.422    27.532    -6.16    4.00
 -64213.457    25.425    -7.32    3.48
 -63925.473    23.777    -5.72    3.08
 -63637.471    21.777    -6.94    3.29
 -63349.451    19.304    -8.59    4.39
 -63061.412    16.761    -8.83    5.37
 -62773.354    14.401    -8.20    5.67
 -62485.278    12.105    -7.97    5.57
 -62197.183     9.728    -8.25    4.36
 -61909.070     7.913    -6.30    2.83
 -61620.938     6.945    -3.36    1.51
 -61332.788     6.506    -1.52    1.14
 -61044.619     6.554     0.17    1.20
 -60756.431     6.626     0.25    1.19
 -60468.225     6.626     0.00    1.16
 -60180.001     6.759     0.46    1.18
 -59891.758     6.949     0.66    1.22
 -59603.496     7.038     0.31    1.30
 -59315.216     7.022    -0.05    1.25
 -59026.917     6.896    -0.44    1.32
 -58738.600     6.499    -1.38    1.44
 -58450.264     6.161    -1.17    1.47
 -58161.909     5.506    -2.27    1.49
 -57873.536     4.797    -2.46    1.53
 -57585.144     4.359    -1.52    1.46
 -57296.734     3.888    -1.63    1.25
 -57008.305     3.540    -1.21    1.16
 -56719.858     3.279    -0.91    1.21
 -56431.392     3.211    -0.23    1.18
 -56142.907     3.158    -0.19    1.14
 -55854.403     3.080    -0.27    1.11
 -55565.881     2.977    -0.35    1.30
 -55277.341     2.928    -0.17    1.41
 -54988.781     2.766    -0.56    1.49
 -54700.204     2.608    -0.55    1.51
 -54413.334     2.491    -0.41    1.45
 -54128.610     2.168    -1.13    1.52
 -53843.867     2.089    -0.28    1.53
 -53559.108     1.937    -0.54    1.56
 -53274.331     2.399     1.62    1.98
 -52989.537     2.869     1.65    2.63
 -52704.725     3.083     0.75    2.86
 -52419.896     3.769     2.41    3.30
 -52135.050     4.312     1.91    3.47
 -51850.186     4.658     1.21    3.39
 -51565.305     5.482     2.89    3.37
 -51280.407     6.201     2.52    3.70
 -50995.491     6.883     2.39    4.17
 -50710.558     7.999     3.92    4.25
 -50425.607     8.685     2.41    3.92
 -50140.640     9.408     2.54    3.26
 -49855.654     9.958     1.93    2.76
 -49570.652     9.933    -0.08    2.48
 -49285.631     9.788    -0.51    2.32
 -49000.594     9.218    -2.00    2.32
 -48715.539     8.554    -2.33    2.10
 -48430.467     7.883    -2.36    1.74
 -48145.377     7.506    -1.32    1.55
 -47860.270     7.209    -1.04    1.51
 -47575.145     6.990    -0.77    1.44
 -47290.003     6.949    -0.14    2.12
 -47004.844     6.998     0.17    2.88
 -46719.667     7.170     0.60    3.27
 -46434.473     7.143    -0.09    4.28
 -46149.261     6.636    -1.78    4.89
 -45864.032     6.310    -1.14    5.54
 -45578.785     5.769    -1.90    5.46
 -45293.521     4.949    -2.87    4.97
 -45008.240     4.195    -2.64    5.36
 -44722.941     3.306    -3.11    5.35
 -44437.624     3.059    -0.87    5.38
 -44152.291     3.499     1.54    5.55
 -43866.939     3.901     1.41    5.82
 -43581.570     4.831     3.26    6.20
 -43296.184     4.828    -0.01    6.15
 -43010.780     4.601    -0.79    6.19
 -42725.359     4.508    -0.33    6.05
 -42439.920     2.953    -5.44    6.52
 -42154.464     1.321    -5.72    6.54
 -41868.990    -0.723    -7.16    6.50
 -41583.499    -3.001    -7.98    5.01
 -41297.990    -4.212    -4.24    4.72
 -41012.464    -4.842    -2.21    4.38
 -40726.920    -4.660     0.64    5.00
 -40441.359    -3.526     3.97    6.60
 -40155.780    -2.206     4.62    7.39
 -39870.184    -1.784     1.48    7.47
 -39584.570    -1.183     2.11    7.26
 -39298.939    -0.601     2.04    6.25
 -39013.290    -0.575     0.09    5.34
 -38727.623    -0.273     1.06    4.28
 -38441.939    -0.592    -1.12    3.02
 -38156.238    -0.270     1.13    2.34
 -37870.519     0.513     2.74    1.78
 -37584.782     1.058     1.90    1.50
 -37299.028     1.311     0.89    1.58
 -37013.256     1.568     0.90    1.55
 -36727.467     1.846     0.97    1.34
 -36441.660     2.210     1.27    1.24
 -36155.836     2.653     1.55    1.69
 -35869.993     3.274     2.18    2.02
 -35584.134     3.756     1.68    2.33
 -35298.257     3.925     0.59    2.36
 -35012.362     4.146     0.77    2.51
 -34726.449     4.449     1.06    2.44
 -34440.520     4.953     1.76    2.62
 -34154.572     5.771     2.86    3.05
 -33868.607     6.917     4.01    3.25
 -33582.624     8.209     4.52    3.11
 -33296.624    10.343     7.46    4.33
 -33010.606    12.933     9.06    7.28
 -32724.570    16.546    12.63    9.39
 -32438.517    20.339    13.26   10.42
 -32152.446    23.675    11.66   10.10
 -31866.357    27.577    13.64    8.17
 -31580.251    30.113     8.86    5.74
 -31294.127    32.161     7.16    2.89
 -31007.986    32.828     2.33    1.17
 -30721.827    32.706    -0.43    0.94
 -30435.650    32.409    -1.04    0.81
 -30149.456    32.051    -1.25    0.78
 -29863.244    31.796    -0.89    0.85
 -29577.014    31.426    -1.30    0.97
 -29290.767    30.861    -1.97    1.61
 -29004.502    29.630    -4.30    2.74
 -28718.219    28.173    -5.09    3.61
 -28431.919    26.506    -5.82    3.96
 -28145.601    25.441    -3.72    3.67
 -27859.265    24.695    -2.60    3.13
 -27572.911    24.734     0.13    3.01
 -27286.540    25.571     2.92    3.54
 -27000.151    26.945     4.80    3.50
 -26713.745    28.336     4.86    2.79
 -26427.321    29.524     4.15    1.68
 -26140.879    30.057     1.86    0.94
 -25854.419    30.376     1.11    0.26
 -25567.942    30.408     0.11    0.20
 -25281.447    30.355    -0.19    0.32
 -24994.934    30.246    -0.38    0.51
 -24708.403    30.024    -0.77    0.88
 -24421.855    29.769    -0.89    1.12
 -24135.289    29.269    -1.75    1.49
 -23848.705    28.724    -1.90    1.83
 -23562.104    27.687    -3.62    2.40
 -23275.485    26.490    -4.18    2.86
 -22988.848    25.116    -4.79    3.11
 -22702.193    23.417    -5.93    2.94
 -22415.520    22.028    -4.85    2.93
 -22128.830    20.146    -6.56    3.21
 -21842.122    18.033    -7.37    4.24
 -21555.396    15.508    -8.81    5.97
 -21268.653    12.308   -11.16    7.07
 -20981.892     9.433   -10.02    7.38
 -20695.112     6.244   -11.12    7.19
 -20408.315     3.234   -10.49    6.21
 -20121.501     0.820    -8.42    4.87
 -19834.668    -0.592    -4.92    3.48
 -19547.818    -1.192    -2.09    2.48
 -19260.950    -1.551    -1.25    1.88
 -18974.064    -1.609    -0.20    1.87
 -18687.160    -1.017     2.06    1.98
 -18400.239    -0.391     2.18    1.94
 -18113.299     0.111     1.75    1.96
 -17826.342     0.318     0.72    2.06
 -17539.367     0.410     0.32    2.15
 -17252.374     0.749     1.18    1.93
 -16965.364     0.772     0.08    2.01
 -16678.335     0.346    -1.48    2.23
 -16391.289    -0.329    -2.35    2.36
 -16104.225    -1.080    -2.61    2.23
 -15817.143    -1.680    -2.09    1.96
 -15530.043    -2.113    -1.51    1.59
 -15242.925    -2.384    -0.95    1.35
 -14955.790    -2.279     0.37    1.30
 -14668.636    -1.980     1.04    1.35
 -14381.465    -1.593     1.35    1.53
 -14094.276    -1.194     1.39    1.67
 -13807.068    -1.009     0.64    1.83
 -13519.844    -0.731     0.97    2.09
 -13232.601    -0.447     0.99    2.23
 -12945.340    -0.142     1.06    2.39
 -12658.061     0.166     1.07    2.53
 -12370.765     0.209     0.15    2.46
 -12083.450     0.080    -0.45    2.45
 -11796.118    -0.319    -1.39    2.45
 -11508.768    -0.776    -1.59    2.53
 -11221.400    -1.376    -2.09    2.47
 -10934.014    -2.084    -2.46    2.22
 -10646.610    -2.567    -1.68    1.93
 -10359.188    -3.113    -1.90    1.24
 -10071.748    -3.259    -0.51    1.02
  -9784.290    -2.857     1.40    1.64
  -9496.814    -2.377     1.67    2.05
  -9209.321    -1.469     3.16    2.43
  -8921.809    -0.527     3.28    2.61
  -8634.280     0.499     3.57    2.41
  -8346.732     1.441     3.28    1.88
  -8059.167     1.841     1.39    1.42
  -7771.583     2.228     1.34    0.73
  -7483.982     2.408     0.62    0.27
  -7196.362     2.449     0.14    0.00
  -6908.725     2.499     0.17    0.29
  -6621.070     2.677     0.62    0.61
  -6333.397     2.833     0.54    0.75
  -6045.705     2.841     0.03    0.75
  -5757.996     2.774    -0.23    0.69
  -5470.269     2.759    -0.05    0.67
  -5182.524     2.687    -0.25    0.60
  -4894.760     2.612    -0.26    0.52
  -4606.979     2.481    -0.45    0.38
  -4319.180     2.416    -0.23    0.18
  -4031.363     2.408    -0.03    0.24
  -3743.527     2.401    -0.02    0.28
  -3455.674     2.284    -0.41    0.55
  -3167.803     2.049    -0.82    0.79
  -2879.913     1.777    -0.94    0.93
  -2592.006     1.466    -1.08    0.98
  -2304.080     1.097    -1.28    0.90
  -2016.137     0.806    -1.01    0.84
  -1728.175     0.466    -1.18    0.88
  -1440.196     0.108    -1.24    1.12
  -1152.198    -0.239    -1.20    1.25
   -864.183    -0.608    -1.28    1.20
   -576.149    -1.084    -1.65    0.92
   -288.097     0.001     3.76    4.82
     -0.027     3.049    10.58   10.05
    288.061    10.921    27.32   18.20
    576.167    18.705    27.02   21.26
    864.291    26.933    28.55   21.85
   1152.433    37.887    38.02   19.87
   1440.593    46.833    31.05   15.94
   1728.772    52.999    21.39   13.45
   2016.968    57.449    15.44   11.45
   2305.183    59.949     8.67    9.89
   2593.415    60.749     2.78    9.99
   2881.666    62.199     5.03   10.52
   3169.935    63.473     4.42   10.78
   3458.222    64.376     3.13   10.79
   3746.527    66.077     5.90    8.74
   4034.850    66.105     0.10    7.77
   4323.192    65.051    -3.66    9.36
   4611.551    63.253    -6.24   10.86
   4899.929    60.937    -8.03   11.61
   5188.325    57.433   -12.15   12.22
   5476.739    54.879    -8.86   12.29
   5765.171    52.418    -8.53   12.51
   6053.621    49.065   -11.62   15.02
   6342.089    45.672   -11.76   16.98
   6630.576    41.697   -13.78   17.09
   6919.081    40.817    -3.05   16.38
   7207.603    42.953     7.40   15.40
   7494.080    45.385     8.49   16.19
   7778.849    49.777    15.42   14.92
   8063.636    56.466    23.49   11.46
   8348.439    59.957    12.26    7.69
   8633.260    60.523     1.99    7.68
   8918.097    58.917    -5.64   10.01
   9202.951    54.256   -16.36   13.34
   9487.823    49.739   -15.86   14.76
   9772.711    47.070    -9.37   14.08
  10057.616    46.489    -2.04   12.30
  10342.537    44.869    -5.69   10.87
  10627.476    42.153    -9.53   12.03
  10912.432    41.022    -3.97   12.46
  11197.405    40.582    -1.55   13.27
  11482.394    39.561    -3.58   13.10
  11767.401    37.681    -6.60   12.22
  12052.424    37.582    -0.35   11.20
  12337.465    39.751     7.61   12.06
  12622.522    45.191    19.08   11.28
  12907.596    48.643    12.11   10.60
  13192.687    51.201     8.97   10.71
  13477.796    53.929     9.57   10.38
  13762.921    56.699     9.72   10.78
  14048.063    59.281     9.06   10.27
  14333.222    61.949     9.36    9.17
  14618.398    63.822     6.57    8.54
  14903.591    64.885     3.73    7.61
  15188.801    65.958     3.76    6.62
  15474.028    65.615    -1.20    6.45
  15759.272    65.499    -0.40    6.72
  16044.533    64.917    -2.04    7.36
  16329.811    63.906    -3.54    7.73
  16615.106    62.515    -4.87    8.00
  16900.417    61.753    -2.67    8.70
  17185.746    61.921     0.59    9.02
  17471.092    61.391    -1.86    8.95
  17756.455    59.977    -4.95    8.95
  18041.835    58.457    -5.33    8.51
  18327.232    56.879    -5.53    8.20
  18612.646    55.709    -4.10    8.53
  18898.077    53.230    -8.69   10.11
  19183.525    49.210   -14.08   11.35
  19468.990    45.245   -13.89   11.57
  19754.472    41.077   -14.60   10.25
  20039.971    37.715   -11.78    8.11
  20325.488    36.057    -5.81    5.86
  20611.021    35.941    -0.41    5.25
  20896.571    38.193     7.89    6.46
  21182.138    40.777     9.05    6.79
  21467.723    43.766    10.47    6.64
  21753.324    46.918    11.04    7.09
  22038.943    50.627    12.99    7.97
  22324.578    55.028    15.41    8.63
  22610.231    58.957    13.76    8.73
  22895.901    61.053     7.34    7.82
  23181.588    62.671     5.66    7.25
  23467.291    62.989     1.11    7.53
  23753.012    62.621    -1.29    8.20
  24038.750    61.240    -4.84    8.34
  24324.506    59.068    -7.60    8.45
  24610.278    56.796    -7.95    9.37
  24896.067    54.780    -7.06    9.92
  25181.874    53.377    -4.91    9.96
  25467.697    51.392    -6.95   10.28
  25753.538    48.973    -8.46   10.64
  26039.396    45.672   -11.55   12.25
  26325.271    42.958    -9.49   14.00
  26611.163    39.209   -13.11   15.05
  26897.072    35.401   -13.32   16.12
  27182.998    33.788    -5.64   17.02
  27468.941    32.568    -4.27   16.95
  27754.902    29.621   -10.31   16.46
  28040.880    27.687    -6.76   16.05
  28326.875    25.481    -7.71   14.42
  28612.887    25.028    -1.58   13.10
  28898.916    24.553    -1.66   10.81
  29184.962    24.076    -1.67    9.81
  29471.025    24.215     0.49    9.42
  29757.106    24.065    -0.52    9.63
  30043.204    24.215     0.52   10.03
  30329.319    22.301    -6.69   10.94
  30615.451    18.845   -12.08   11.27
  30901.600    15.321   -12.31   10.12
  31187.767    12.230   -10.80    7.46
  31473.950     9.729    -8.74    3.42
  31760.151     8.933    -2.78    1.77
  32046.369     8.508    -1.49    1.02
  32332.605     8.678     0.59    1.04
  32618.857     8.854     0.62    1.06
  32905.127     9.272     1.46    1.50
  33191.414     9.751     1.67    2.18
  33477.718    10.482     2.55    2.93
  33764.039    11.449     3.38    3.64
  34050.377    12.323     3.05    4.02
  34336.733    13.240     3.20    4.30
  34623.106    13.775     1.87    4.39
  34909.496    13.917     0.50    4.36
  35195.904    13.813    -0.36    4.18
  35482.328    13.819     0.02    3.92
  35768.770    13.515    -1.06    3.42
  36055.229    13.572     0.20    2.97
  36341.706    14.164     2.06    2.83
  36628.199    14.630     1.63    2.42
  36914.710    15.474     2.95    2.08
  37201.238    15.791     1.11    1.89
  37487.784    15.945     0.54    1.61
  37774.347    15.974     0.10    1.46
  38060.926    15.701    -0.95    1.37
  38347.524    15.532    -0.59    1.33
  38634.138    15.449    -0.29    1.50
  38920.770    15.457     0.03    1.71
  39207.419    15.840     1.33    2.02
  39494.085    16.843     3.50    3.22
  39780.769    18.522     5.86    4.42
  40067.470    20.573     7.16    5.00
  40354.188    20.646     0.25    6.16
  40640.924    19.474    -4.09    8.51
  40927.677    18.067    -4.91   10.88
  41214.447    15.584    -8.66   12.28
  41501.234    11.564   -14.02   12.90
  41788.039     6.998   -15.92   11.18
  42074.861     3.227   -13.15    7.67
  42361.701     0.978    -7.84    4.30
  42648.558    -0.011    -3.45    2.27
  42935.432    -0.425    -1.44    0.98
  43222.323    -0.409     0.05    0.83
  43509.232    -0.209     0.70    0.86
  43796.158    -0.023     0.65    0.75
  44083.102     0.111     0.47    0.73
  44370.062     0.306     0.68    0.79
  44657.041     0.601     1.03    0.93
  44944.036     1.027     1.48    1.11
  45231.049     1.665     2.23    1.25
  45518.079     2.336     2.33    1.53
  45805.127     3.181     2.95    1.69
  46092.192     4.113     3.25    1.85
  46379.275     5.102     3.44    1.87
  46666.374     6.086     3.43    1.75
  46953.492     6.843     2.64    1.46
  47240.626     7.941     3.82    2.15
  47527.778     9.441     5.22    3.52
  47814.948    10.905     5.10    4.26
  48102.134    12.334     4.97    4.57
  48389.339    13.106     2.69    4.53
  48676.560    13.922     2.84    4.33
  48963.799    14.335     1.44    4.18
  49251.056    14.140    -0.68    4.19
  49538.329    14.151     0.04    3.94
  49825.621    14.228     0.27    3.69
  50112.929    15.079     2.96    3.71
  50400.256    16.030     3.31    4.14
  50687.599    18.146     7.36    5.46
  50974.960    20.976     9.85    6.53
  51262.339    24.474    12.17    7.21
  51549.734    27.498    10.52    7.57
  51837.148    30.142     9.20    7.32
  52124.579    32.876     9.51    6.59
  52412.027    34.537     5.78    5.73
  52699.493    35.370     2.90    5.25
  52986.976    36.173     2.79    4.94
  53274.477    35.890    -0.98    5.94
  53561.995    35.921     0.11    5.93
  53849.530    36.474     1.92    5.75
  54137.083    36.945     1.64    5.64
  54424.654    37.875     3.23    5.10
  54712.242    38.654     2.71    4.76
  54999.848    39.292     2.22    4.74
  55287.471    40.248     3.32    4.66
  55575.111    41.540     4.49    3.98
  55862.769    42.275     2.56    4.10
  56150.445    43.669     4.85    3.03
  56438.138    44.846     4.09    2.82
  56725.849    45.504     2.29    3.07
  57013.577    46.409     3.15    3.26
  57301.322    47.057     2.25    3.27
  57589.085    47.623     1.96    3.08
  57876.866    48.302     2.36    2.71
  58164.664    48.312     0.04    3.16
  58452.480    48.001    -1.08    3.81
  58740.313    48.320     1.11    3.89
  59028.164    48.434     0.39    3.88
  59316.033    48.965     1.85    3.65
  59603.919    49.359     1.37    3.35
  59891.822    49.300    -0.21    3.38
  60179.743    49.237    -0.22    3.76
  60467.682    49.132    -0.36    4.12
  60755.638    48.922    -0.73    4.73
  61043.612    49.291     1.28    5.04
  61331.603    49.978     2.39    5.32
  61619.612    51.245     4.40    5.02
  61907.639    52.710     5.09    4.71
  62195.683    53.925     4.22    4.27
  62483.745    54.560     2.21    4.04
  62771.824    54.921     1.25    3.90
  63059.921    54.900    -0.07    3.89
  63348.036    54.772    -0.44    3.86
  63636.168    54.772    -0.00    3.67
  63924.317    54.562    -0.73    3.46
  64212.485    54.449    -0.39    3.30
  64500.670    54.482     0.11    3.21
  64788.872    54.338    -0.50    3.25
  65077.093    54.148    -0.66    3.42
  65365.330    53.917    -0.80    3.56
  65653.586    53.741    -0.61    3.40
  65941.859    53.833     0.32    3.22
  66230.150    53.929     0.33    2.93
  66518.458    54.113     0.64    2.72
  66806.784    54.353     0.83    2.39
  67095.128    54.859     1.75    2.05
  67383.489    55.339     1.66    2.04
  67671.868    55.828     1.70    1.83
  67960.265    56.302     1.64    1.59
  68248.680    56.489     0.65    1.50
  68537.112    56.783     1.02    1.30
  68825.561    56.720    -0.22    1.45
  69114.029    56.268    -1.57    1.95
  69400.150    55.669    -2.09    2.51
  69684.973    54.897    -2.71    2.81
  69969.812    53.957    -3.30    2.87
  70254.668    52.859    -3.86    2.42
  70539.540    52.259    -2.11    2.07
  70824.428    52.217    -0.15    2.17
  71109.333    52.425     0.73    2.35
  71394.254    52.703     0.98    2.45
  71679.192    52.861     0.55    2.51
  71964.146    53.045     0.65    2.36
  72249.117    53.237     0.67    2.18
  72534.104    53.094    -0.50    2.10
  72819.107    52.780    -1.10    1.92
  73104.127    52.336    -1.56    1.53
  73389.164    51.904    -1.52    0.90
  73674.217    51.680    -0.79    0.72
  73959.286    51.572    -0.38    0.60
  74244.372    51.785     0.75    1.28
  74529.474    52.527     2.60    2.21
  74814.593    53.254     2.55    2.41
  75099.728    53.599     1.21    2.29
  75384.880    53.775     0.62    2.20
  75670.048    53.449    -1.14    2.13
  75955.233    53.087    -1.27    2.30
  76240.434    52.284    -2.82    2.26
  76525.652    51.465    -2.87    1.84
  76810.886    50.793    -2.35    1.38
  77096.136    50.498    -1.04    1.29
  77381.404    50.284    -0.75    1.44
  77666.687    50.253    -0.11    1.55
  77951.987    50.270     0.06    1.92
  78237.304    50.583     1.10    2.14
  78522.637    51.054     1.65    2.33
  78807.987    51.168     0.40    2.57
  79093.354    51.441     0.96    2.72
  79378.736    51.929     1.71    2.85
  79664.136    52.535     2.12    2.94
  79949.552    53.075     1.89    2.90
  80234.984    53.157     0.28    2.84
  80520.433    53.567     1.44    2.80
  80805.899    54.111     1.90    2.62
  81091.381    54.921     2.84    2.73
  81376.879    55.756     2.92    2.99
  81662.395    57.199     5.06    3.69
  81947.926    58.599     4.90    3.75
  82233.475    59.905     4.57    3.35
  82519.040    60.772     3.04    2.72
  82804.621    61.465     2.43    2.14
  83090.219    61.499     0.12    2.08
  83375.834    60.909    -2.07    2.85
  83661.465    59.788    -3.93    3.61
  83947.113    58.627    -4.07    4.08
  84232.777    57.275    -4.73    4.28
  84518.458    56.279    -3.49    4.27
  84804.156    56.083    -0.68    4.06
  85089.870    56.056    -0.10    4.08
  85375.601    56.224     0.59    3.98
  85661.348    56.313     0.31    3.84
  85947.112    56.024    -1.01    3.52
  86232.893    55.813    -0.74    3.31
  86518.690    54.918    -3.13    3.33
  86804.504    53.791    -3.94    3.45
  87090.334    51.840    -6.83    3.89
  87376.181    49.331    -8.78    4.43
  87662.045    47.140    -7.66    4.79
  87947.925    45.062    -7.27    4.62
  88233.822    43.324    -6.08    3.99
  88519.736    42.264    -3.71    3.13
  88805.666    41.481    -2.74    2.09
  89091.613    41.744     0.92    2.40
  89377.577    42.433     2.41    2.86
  89663.557    43.086     2.29    2.82
  89949.554    43.553     1.63    2.71
  90235.568    43.675     0.43    2.69
  90521.598    43.616    -0.21    2.76
