-207934.608    85.689     0.00    1.95
-207650.080    85.209    -1.69    1.84
-207365.531    84.899    -1.09    1.75
-207080.961    84.627    -0.96    1.84
-206796.370    84.368    -0.91    1.76
-206511.758    84.261    -0.38    1.90
-206227.125    84.177    -0.30    2.05
-205942.470    83.667    -1.79    1.95
-205657.795    83.687     0.07    2.37
-205373.098    83.714     0.10    2.87
-205088.381    83.914     0.70    3.30
-204803.642    83.975     0.22    3.72
-204518.882    83.508    -1.64    3.90
-204234.101    82.788    -2.53    3.75
-203949.298    81.860    -3.26    3.63
-203664.475    80.535    -4.65    3.06
-203379.630    79.380    -4.05    2.22
-203094.765    78.800    -2.04    1.81
-202809.878    79.013     0.75    2.36
-202524.970    79.621     2.14    3.07
-202240.040    80.218     2.10    3.33
-201955.090    80.480     0.92    3.41
-201670.118    80.658     0.63    3.38
-201385.125    80.563    -0.34    3.49
-201100.111    79.770    -2.78    3.40
-200815.076    78.723    -3.67    3.33
-200530.020    77.145    -5.53    3.31
-200244.942    76.141    -3.52    3.08
-199959.843    75.657    -1.70    3.05
-199674.723    75.553    -0.37    3.12
-199389.582    76.374     2.88    3.75
-199104.419    77.155     2.74    4.07
-198819.236    78.205     3.68    3.83
-198534.031    79.354     4.03    3.46
-198248.804    80.091     2.58    3.46
-197963.557    81.223     3.97    3.04
-197678.288    82.377     4.05    2.36
-197392.998    82.677     1.05    2.34
-197107.687    83.089     1.44    2.16
-196822.354    83.432     1.20    1.95
-196537.000    83.629     0.69    1.82
-196251.625    83.814     0.65    1.72
-195966.229    83.761    -0.19    1.64
-195680.811    83.568    -0.67    1.46
-195395.372    83.643     0.26    1.53
-195109.911    83.696     0.19    1.56
-194824.430    83.855     0.56    1.69
-194538.927    83.760    -0.33    1.68
-194253.402    83.695    -0.23    1.86
-193967.857    83.200    -1.73    2.16
-193682.290    82.714    -1.70    2.35
-193396.701    82.209    -1.77    2.48
-193111.092    81.601    -2.13    2.40
-192825.461    80.985    -2.16    2.20
-192539.808    80.362    -2.18    1.88
-192254.135    79.912    -1.57    1.84
-191968.439    79.650    -0.92    1.92
-191682.723    79.130    -1.82    1.81
-191396.985    78.807    -1.13    1.82
-191111.226    78.251    -1.94    1.96
-190825.445    77.714    -1.88    2.04
-190539.643    77.396    -1.11    1.94
-190253.820    77.108    -1.01    2.13
-189967.975    76.612    -1.74    2.69
-189682.109    75.833    -2.72    3.55
-189396.221    74.583    -4.37    4.27
-189110.312    73.987    -2.08    4.36
-188824.381    73.393    -2.08    4.47
-188538.430    72.750    -2.25    4.23
-188252.456    72.402    -1.22    4.10
-187966.461    72.241    -0.56    4.22
-187680.445    72.396     0.54    4.32
-187394.407    72.888     1.72    4.12
-187108.348    73.341     1.58    4.00
-186822.268    74.002     2.31    3.90
-186536.166    74.667     2.32    3.54
-186250.042    75.928     4.41    2.06
-185963.897    76.620     2.42    1.60
-185677.730    76.814     0.68    1.62
-185391.542    76.859     0.16    1.81
-185105.333    76.950     0.32    1.88
-184819.102    76.714    -0.83    2.10
-184532.849    76.364    -1.22    2.12
-184246.575    75.612    -2.63    2.44
-183960.280    74.923    -2.41    2.55
-183673.963    73.921    -3.50    2.73
-183387.624    72.840    -3.78    3.39
-183101.264    71.982    -3.00    3.11
-182814.882    71.544    -1.53    3.08
-182528.479    71.779     0.82    3.52
-182242.054    72.677     3.14    3.88
-181955.608    74.092     4.94    4.07
-181669.140    75.359     4.42    3.91
-181382.651    76.908     5.41    2.80
-181096.140    77.629     2.52    2.32
-180809.607    78.204     2.01    1.98
-180523.053    78.561     1.24    1.77
-180236.477    78.723     0.57    1.65
-179949.880    78.759     0.13    1.68
-179663.261    78.532    -0.79    1.64
-179376.620    78.108    -1.48    1.88
-179089.958    77.863    -0.86    2.14
-178803.274    77.760    -0.36    2.21
-178516.569    77.598    -0.56    2.14
-178229.842    77.363    -0.82    2.30
-177943.093    76.579    -2.73    2.96
-177656.323    75.377    -4.19    3.61
-177369.531    74.081    -4.52    4.19
-177082.718    73.259    -2.86    4.15
-176795.882    72.705    -1.93    3.75
-176509.025    73.074     1.29    4.07
-176222.147    74.237     4.05    4.39
-175935.247    75.761     5.31    4.38
-175648.325    77.278     5.29    3.69
-175361.381    78.521     4.33    2.91
-175074.416    79.381     2.99    2.71
-174787.429    80.047     2.32    2.48
-174500.420    80.612     1.97    2.37
-174213.390    81.143     1.85    2.33
-173926.338    81.527     1.33    2.15
-173639.264    81.686     0.55    1.72
-173352.169    81.345    -1.19    1.76
-173065.052    80.987    -1.25    1.93
-172777.913    80.842    -0.50    1.94
-172490.752    80.501    -1.19    1.91
-172203.570    80.081    -1.46    1.81
-171916.366    79.723    -1.25    1.75
-171629.140    79.399    -1.13    1.85
-171341.892    79.083    -1.10    1.89
-171054.623    78.823    -0.91    2.21
-170767.331    78.433    -1.36    2.07
-170480.019    78.022    -1.43    2.25
-170192.684    77.998    -0.08    2.32
-169905.327    77.787    -0.74    2.39
-169617.949    77.937     0.52    2.18
-169330.549    78.016     0.28    1.94
-169043.127    77.611    -1.41    2.27
-168755.683    77.160    -1.57    2.36
-168468.218    76.517    -2.24    2.43
-168180.730    76.081    -1.52    2.36
-167893.221    75.276    -2.80    2.55
-167605.690    74.077    -4.17    2.44
-167318.138    73.269    -2.81    2.28
-167030.563    72.515    -2.62    2.58
-166742.966    71.666    -2.95    2.91
-166455.348    70.677    -3.44    3.43
-166167.708    69.528    -3.99    3.72
-165880.046    68.605    -3.21    3.55
-165592.362    68.003    -2.09    3.43
-165304.656    66.966    -3.61    3.45
-165016.928    65.714    -4.35    3.27
-164729.179    65.096    -2.15    3.24
-164441.408    64.245    -2.95    3.26
-164153.614    63.354    -3.10    3.27
-163865.799    62.112    -4.31    3.15
-163577.962    60.667    -5.02    3.14
-163290.103    58.949    -5.97    3.48
-163002.222    57.053    -6.59    4.38
-162714.319    55.146    -6.62    4.74
-162426.394    53.896    -4.34    4.20
-162138.447    53.005    -3.09    3.59
-161850.479    52.496    -1.76    3.30
-161562.488    52.994     1.73    3.80
-161274.476    54.099     3.84    4.68
-160986.441    55.732     5.67    5.26
-160698.384    57.901     7.53    5.44
-160410.306    59.833     6.70    5.15
-160122.206    61.667     6.36    4.45
-159834.083    62.955     4.47    3.74
-159545.939    63.536     2.02    2.96
-159257.772    63.200    -1.16    2.91
-158969.584    62.669    -1.84    2.97
-158681.374    61.705    -3.35    3.17
-158393.141    60.714    -3.44    3.13
-158104.887    59.695    -3.53    2.65
-157816.611    58.846    -2.95    2.08
-157528.312    58.287    -1.94    1.62
-157239.992    57.925    -1.25    1.51
-156951.649    57.633    -1.01    1.52
-156663.285    57.365    -0.93    1.43
-156374.898    57.138    -0.79    1.39
-156086.490    57.125    -0.05    1.49
-155798.059    57.093    -0.11    1.40
-155509.606    57.056    -0.13    1.65
-155221.131    57.182     0.43    1.87
-154932.634    57.305     0.43    1.99
-154644.116    57.371     0.23    2.09
-154355.575    57.695     1.12    2.30
-154067.011    58.097     1.39    2.35
-153778.426    58.074    -0.08    2.24
-153489.819    58.241     0.58    2.18
-153201.189    58.296     0.19    2.31
-152912.538    58.246    -0.17    2.39
-152623.864    58.461     0.74    2.68
-152335.168    58.358    -0.36    2.86
-152046.451    58.396     0.13    2.78
-151757.711    58.330    -0.23    2.70
-151468.948    58.232    -0.34    2.59
-151180.164    58.041    -0.66    2.56
-150891.358    57.519    -1.81    2.84
-150602.529    56.667    -2.95    3.43
-150313.678    55.568    -3.80    3.89
-150024.805    54.294    -4.41    3.65
-149735.910    53.241    -3.65    3.04
-149446.993    52.650    -2.04    2.77
-149158.053    52.732     0.28    3.07
-148869.092    53.256     1.81    3.53
-148580.108    54.349     3.78    3.82
-148291.102    55.777     4.94    3.69
-148002.073    57.245     5.08    3.32
-147713.023    58.804     5.39    3.35
-147423.950    60.223     4.91    3.51
-147134.855    61.349     3.90    3.52
-146848.369    62.390     3.63    3.16
-146563.876    62.741     1.23    2.99
-146279.361    63.155     1.46    3.22
-145994.826    63.305     0.52    3.32
-145710.270    62.770    -1.88    3.68
-145425.693    61.891    -3.09    4.00
-145141.095    60.577    -4.62    3.90
-144856.477    60.227    -1.23    3.90
-144571.837    60.083    -0.51    4.12
-144287.177    59.374    -2.49    3.96
-144002.495    58.770    -2.12    3.87
-143717.793    58.910     0.49    3.75
-143433.069    59.041     0.46    3.70
-143148.325    59.011    -0.10    3.64
-142863.560    58.487    -1.84    3.24
-142578.774    58.121    -1.28    3.05
-142293.967    58.246     0.44    3.17
-142009.139    58.787     1.90    3.20
-141724.290    59.223     1.53    3.11
-141439.420    59.651     1.50    2.85
-141154.529    59.973     1.13    2.49
-140869.617    59.978     0.02    2.24
-140584.685    59.312    -2.34    2.45
-140299.731    58.561    -2.64    2.66
-140014.756    57.372    -4.17    2.82
-139729.760    56.200    -4.11    2.83
-139444.744    55.277    -3.24    2.65
-139159.706    55.059    -0.77    2.57
-138874.647    55.287     0.80    2.67
-138589.567    55.803     1.81    2.97
-138304.466    56.822     3.57    3.29
-138019.345    57.473     2.28    3.28
-137734.202    58.424     3.33    3.02
-137449.038    59.417     3.48    2.90
-137163.853    60.134     2.51    2.86
-136878.647    60.507     1.31    2.73
-136593.420    60.842     1.18    2.35
-136308.172    60.987     0.51    2.34
-136022.903    60.863    -0.43    2.12
-135737.612    60.813    -0.18    2.27
-135452.301    60.312    -1.76    2.38
-135166.969    59.893    -1.47    2.33
-134881.615    59.343    -1.92    1.96
-134596.241    58.938    -1.42    1.35
-134310.845    58.751    -0.66    1.34
-134025.429    58.705    -0.16    1.65
-133739.991    58.812     0.38    1.98
-133454.532    58.971     0.55    2.22
-133169.052    58.987     0.06    2.40
-132883.551    59.106     0.42    2.73
-132598.028    58.957    -0.52    2.88
-132312.485    58.687    -0.95    3.01
-132026.921    58.205    -1.69    3.19
-131741.335    57.167    -3.63    2.89
-131455.728    56.115    -3.68    2.50
-131170.100    55.408    -2.48    2.63
-130884.451    55.160    -0.87    2.61
-130598.781    55.119    -0.14    2.61
-130313.089    55.154     0.12    2.37
-130027.377    55.345     0.67    2.30
-129741.643    55.798     1.59    2.31
-129455.888    56.426     2.20    2.00
-129170.112    56.946     1.82    1.70
-128884.315    57.011     0.23    1.54
-128598.496    57.517     1.77    1.92
-128312.656    58.770     4.38    2.86
-128026.795    59.723     3.33    3.43
-127740.913    60.813     3.81    3.74
-127455.010    61.687     3.06    3.71
-127169.085    62.317     2.21    3.46
-126883.140    62.571     0.89    3.20
-126597.173    62.162    -1.43    3.14
-126311.184    61.498    -2.32    2.93
-126025.175    60.884    -2.15    2.59
-125739.144    60.462    -1.48    2.31
-125453.092    60.153    -1.08    1.85
-125167.019    59.968    -0.65    1.49
-124880.924    60.050     0.29    1.53
-124594.808    60.232     0.64    2.03
-124308.671    60.498     0.93    2.37
-124022.513    60.552     0.19    2.30
-123736.333    60.587     0.12    2.22
-123450.132    60.427    -0.56    1.79
-123163.910    60.264    -0.57    1.42
-122877.667    60.254    -0.03    1.13
-122591.402    60.357     0.36    1.15
-122305.116    60.414     0.20    1.38
-122018.808    60.695     0.98    1.55
-121732.479    60.890     0.68    1.29
-121446.129    61.011     0.42    1.60
-121159.758    61.272     0.91    2.18
-120873.365    61.914     2.24    3.27
-120586.951    62.539     2.18    4.04
-120300.515    63.594     3.68    4.98
-120014.058    64.786     4.16    5.51
-119727.580    65.401     2.15    5.41
-119441.081    65.930     1.85    5.08
-119154.560    66.035     0.37    4.78
-118868.017    66.010    -0.09    4.34
-118581.454    65.890    -0.42    3.95
-118294.869    65.377    -1.79    3.80
-118008.262    64.893    -1.69    3.60
-117721.634    64.590    -1.05    3.50
-117434.985    64.445    -0.51    3.43
-117148.314    63.928    -1.80    3.41
-116861.622    63.278    -2.27    3.27
-116574.909    62.848    -1.50    2.94
-116288.174    62.410    -1.53    2.67
-116001.418    62.296    -0.40    2.39
-115714.640    61.975    -1.12    1.74
-115427.841    61.816    -0.55    1.56
-115141.020    61.714    -0.36    1.48
-114854.178    62.047     1.16    2.32
-114567.314    62.187     0.49    2.52
-114280.429    62.332     0.50    2.67
-113993.523    62.272    -0.21    2.74
-113706.595    62.200    -0.25    2.87
-113419.645    61.840    -1.25    2.93
-113132.674    61.378    -1.61    2.75
-112845.682    60.579    -2.78    2.37
-112558.668    60.065    -1.79    2.20
-112271.632    59.482    -2.03    1.93
-111984.575    58.947    -1.86    1.72
-111697.497    58.526    -1.47    1.62
-111410.397    58.210    -1.10    1.52
-111123.276    57.932    -0.97    1.32
-110836.133    57.649    -0.99    1.41
-110548.968    57.750     0.35    1.93
-110261.782    57.858     0.38    2.03
-109974.574    58.227     1.29    2.33
-109687.345    58.543     1.10    2.74
-109400.094    58.484    -0.20    3.12
-109112.822    58.826     1.19    3.53
-108825.528    59.362     1.87    3.84
-108538.213    59.768     1.41    4.07
-108250.876    59.553    -0.75    3.98
-107963.517    59.885     1.15    3.91
-107676.137    60.402     1.80    3.57
-107388.735    61.187     2.73    3.03
-107101.312    61.584     1.38    2.56
-106813.867    61.553    -0.11    2.71
-106526.401    61.495    -0.20    2.74
-106238.913    60.984    -1.78    2.87
-105951.403    60.283    -2.44    3.05
-105663.871    59.647    -2.21    3.06
-105376.318    58.897    -2.61    2.99
-105088.744    58.164    -2.55    2.75
-104801.147    57.607    -1.94    2.67
-104513.529    57.205    -1.40    2.71
-104225.890    56.910    -1.03    2.96
-103938.229    56.741    -0.59    3.11
-103650.546    56.552    -0.66    3.22
-103362.841    55.767    -2.73    3.83
-103075.115    55.062    -2.45    4.22
-102787.367    54.705    -1.24    4.22
-102499.597    54.473    -0.80    4.11
-102211.806    54.191    -0.98    4.06
-101923.993    54.259     0.24    4.06
-101636.158    54.571     1.09    3.79
-101348.302    55.651     3.75    2.91
-101060.424    55.277    -1.30    3.70
-100772.524    54.835    -1.54    3.93
-100484.602    54.564    -0.94    3.53
-100196.659    54.107    -1.59    3.64
 -99908.694    53.428    -2.36    3.61
 -99620.707    52.597    -2.89    3.68
 -99332.699    51.510    -3.77    3.82
 -99044.669    50.807    -2.44    3.93
 -98756.617    50.277    -1.84    3.90
 -98468.543    49.939    -1.17    3.77
 -98180.447    49.526    -1.43    3.62
 -97892.330    49.205    -1.12    3.75
 -97604.191    49.541     1.17    3.67
 -97316.030    50.274     2.54    3.57
 -97027.847    50.427     0.53    3.49
 -96739.643    50.723     1.03    3.41
 -96451.417    50.597    -0.44    3.51
 -96163.169    50.812     0.75    3.49
 -95874.899    50.750    -0.21    3.70
 -95586.607    50.065    -2.38    3.89
 -95298.294    49.298    -2.66    4.33
 -95009.958    48.651    -2.24    4.54
 -94721.601    47.741    -3.16    5.37
 -94433.222    46.516    -4.25    6.27
 -94144.821    44.973    -5.35    6.73
 -93856.399    42.405    -8.90    7.69
 -93567.954    40.007    -8.31    8.92
 -93279.488    37.245    -9.58    9.48
 -92991.000    34.398    -9.87    9.72
 -92702.489    31.363   -10.52    9.19
 -92413.957    28.607    -9.55    7.83
 -92125.404    26.503    -7.29    4.95
 -91836.828    25.975    -1.83    4.37
 -91548.230    25.280    -2.41    4.00
 -91259.611    25.062    -0.76    4.15
 -90970.969    24.732    -1.14    3.99
 -90682.306    25.390     2.28    4.33
 -90393.620    25.843     1.57    4.48
 -90104.913    26.038     0.68    4.35
 -89816.184    26.875     2.90    4.19
 -89527.433    27.811     3.24    3.78
 -89238.660    28.594     2.71    3.28
 -88949.865    29.366     2.67    3.06
 -88661.048    29.927     1.94    2.93
 -88372.209    29.884    -0.15    2.92
 -88083.349    30.223     1.17    3.46
 -87794.466    30.110    -0.39    3.75
 -87505.561    30.019    -0.32    3.89
 -87216.634    29.910    -0.38    3.87
 -86927.686    29.613    -1.03    3.85
 -86638.715    29.232    -1.32    3.79
 -86349.722    28.625    -2.10    3.26
 -86060.708    27.873    -2.60    2.21
 -85771.671    27.805    -0.23    2.24
 -85482.612    27.948     0.49    2.34
 -85193.531    27.555    -1.36    1.86
 -84907.672    27.526    -0.10    2.54
 -84623.167    27.298    -0.80    3.03
 -84338.642    27.150    -0.52    3.61
 -84054.095    27.357     0.73    4.20
 -83769.528    27.343    -0.05    4.43
 -83484.940    27.390     0.16    4.60
 -83200.332    27.564     0.61    4.61
 -82915.703    27.667     0.36    4.33
 -82631.053    27.686     0.06    4.11
 -82346.383    26.387    -4.56    4.42
 -82061.692    24.957    -5.02    4.57
 -81776.980    22.625    -8.19    4.53
 -81492.247    21.011    -5.67    4.20
 -81207.494    20.288    -2.54    3.88
 -80922.720    19.510    -2.73    3.59
 -80637.925    19.110    -1.40    3.62
 -80353.110    19.160     0.18    3.71
 -80068.274    19.137    -0.08    3.75
 -79783.417    19.125    -0.04    3.80
 -79498.539    18.273    -2.99    2.95
 -79213.641    18.000    -0.96    2.47
 -78928.722    17.935    -0.23    2.20
 -78643.782    18.227     1.03    2.19
 -78358.821    18.604     1.32    2.16
 -78073.840    19.168     1.98    1.99
 -77788.837    19.776     2.13    1.94
 -77503.815    20.643     3.04    2.27
 -77218.771    21.955     4.60    4.15
 -76933.706    24.686     9.58    7.71
 -76648.621    29.330    16.29   11.40
 -76363.515    34.183    17.02   13.03
 -76078.388    38.723    15.92   12.98
 -75793.240    43.437    16.53   11.61
 -75508.072    47.347    13.71    9.47
 -75222.882    51.232    13.62    5.41
 -74937.672    52.489     4.41    4.99
 -74652.441    53.660     4.11    4.50
 -74367.189    54.821     4.07    3.33
 -74081.917    55.723     3.16    3.36
 -73796.623    56.761     3.64    3.25
 -73511.309    57.860     3.85    3.70
 -73225.973    59.196     4.68    4.09
 -72940.617    60.091     3.14    4.23
 -72655.240    60.453     1.27    4.46
 -72369.843    61.462     3.54    4.33
 -72084.424    62.312     2.98    4.19
 -71798.984    62.598     1.00    4.19
 -71513.524    62.254    -1.21    4.58
 -71228.043    61.840    -1.45    4.62
 -70942.540    61.303    -1.88    4.78
 -70657.017    61.081    -0.78    4.77
 -70371.473    60.514    -1.98    4.59
 -70085.908    60.175    -1.19    4.30
 -69800.322    60.187     0.04    4.17
 -69514.716    60.182    -0.02    4.06
 -69229.088    59.576    -2.12    3.67
 -68943.439    59.112    -1.62    3.45
 -68657.770    59.035    -0.27    3.39
 -68372.079    58.285    -2.63    2.47
 -68086.368    58.106    -0.63    2.20
 -67800.635    57.732    -1.31    1.45
 -67514.882    57.588    -0.50    1.15
 -67229.108    57.473    -0.40    1.17
 -66943.312    57.381    -0.32    1.22
 -66657.496    57.068    -1.09    0.99
 -66371.659    57.274     0.72    1.97
 -66085.800    57.530     0.90    2.39
 -65799.921    57.881     1.23    3.02
 -65514.021    58.012     0.46    3.43
 -65228.100    57.805    -0.73    3.65
 -64942.158    57.580    -0.79    4.07
 -64656.194    56.998    -2.03    4.05
 -64370.210    56.307    -2.42    3.89
 -64084.205    55.916    -1.37    3.90
 -63798.179    55.074    -2.94    2.79
 -63512.131    55.518     1.55    3.39
 -63226.063    56.714     4.18    4.36
 -62939.974    57.479     2.68    4.61
 -62653.863    58.519     3.63    4.88
 -62367.732    59.081     1.96    5.00
 -62081.579    59.319     0.83    4.98
 -61795.406    58.906    -1.44    5.11
 -61509.211    57.988    -3.21    5.02
 -61222.995    56.678    -4.58    4.64
 -60936.759    55.821    -2.99    4.40
 -60650.501    54.788    -3.61    4.14
 -60364.222    54.044    -2.60    3.77
 -60077.922    53.491    -1.93    3.15
 -59791.601    52.821    -2.34    2.68
 -59505.258    52.290    -1.85    2.25
 -59218.895    52.032    -0.90    2.09
 -58932.510    51.639    -1.37    2.12
 -58646.105    51.347    -1.02    2.34
 -58359.678    51.080    -0.93    2.91
 -58073.230    50.732    -1.22    3.42
 -57786.761    50.616    -0.40    3.74
 -57500.271    49.868    -2.61    4.18
 -57213.760    48.825    -3.64    4.58
 -56927.228    47.982    -2.94    4.80
 -56640.674    47.174    -2.82    4.60
 -56354.099    46.169    -3.51    4.18
 -56067.503    45.321    -2.96    3.68
 -55780.886    44.833    -1.70    3.44
 -55494.248    45.643     2.83    3.84
 -55207.589    46.565     3.22    4.08
 -54920.908    47.768     4.19    4.47
 -54634.206    49.341     5.49    4.71
 -54347.483    50.936     5.56    4.28
 -54060.739    52.493     5.43    3.42
 -53773.974    53.619     3.93    2.69
 -53487.187    54.535     3.20    2.60
 -53200.379    55.325     2.75    2.52
 -52913.550    55.954     2.20    2.54
 -52626.700    56.885     3.24    2.51
 -52339.829    57.626     2.58    2.33
 -52052.936    58.437     2.83    2.23
 -51766.022    58.993     1.94    2.19
 -51479.087    59.353     1.25    2.23
 -51192.130    59.787     1.51    2.23
 -50905.153    60.214     1.49    2.35
 -50618.153    60.437     0.78    2.56
 -50331.133    60.437     0.00    2.77
 -50044.092    59.824    -2.14    3.15
 -49757.029    58.961    -3.00    3.39
 -49469.945    58.259    -2.45    3.32
 -49182.839    57.442    -2.84    3.14
 -48895.713    56.914    -1.84    2.66
 -48608.565    56.255    -2.30    2.12
 -48321.395    56.071    -0.64    1.86
 -48034.205    55.968    -0.36    1.68
 -47746.993    55.925    -0.15    1.41
 -47459.759    55.890    -0.12    1.19
 -47172.505    55.849    -0.14    0.85
 -46885.229    55.973     0.43    1.05
 -46597.932    56.283     1.08    1.34
 -46310.613    56.671     1.35    1.58
 -46023.273    56.810     0.48    1.80
 -45735.912    57.018     0.72    1.88
 -45448.529    57.059     0.15    2.01
 -45161.125    56.815    -0.85    2.09
 -44873.699    56.537    -0.97    2.16
 -44586.253    56.626     0.31    2.63
 -44298.784    57.107     1.67    3.01
 -44011.295    57.943     2.91    3.27
 -43723.784    58.908     3.36    3.14
 -43436.252    59.849     3.27    2.52
 -43148.698    60.192     1.19    2.41
 -42861.123    60.384     0.67    2.42
 -42573.526    60.294    -0.31    2.42
 -42285.908    60.214    -0.28    2.50
 -41998.269    59.897    -1.10    2.49
 -41710.608    59.187    -2.47    2.67
 -41422.925    57.937    -4.34    4.19
 -41135.222    56.944    -3.45    5.02
 -40847.496    56.259    -2.38    5.31
 -40559.750    55.640    -2.15    5.35
 -40271.982    54.641    -3.47    5.57
 -39984.192    54.413    -0.79    6.06
 -39696.381    53.559    -2.97    6.92
 -39408.549    52.410    -3.99    7.40
 -39120.695    50.259    -7.48    8.04
 -38832.819    47.565    -9.35    8.32
 -38544.922    44.864    -9.38    8.75
 -38257.004    42.853    -6.98    8.14
 -37969.064    42.071    -2.72    7.81
 -37681.102    42.209     0.48    8.81
 -37393.119    44.072     6.47   10.06
 -37105.115    46.864     9.70   10.40
 -36817.089    49.556     9.35    9.65
 -36529.041    52.624    10.65    8.02
 -36240.972    54.241     5.62    7.33
 -35952.882    56.050     6.28    6.74
 -35664.770    57.732     5.84    5.97
 -35376.636    58.302     1.98    5.31
 -35088.481    59.617     4.56    3.65
 -34800.304    60.393     2.69    2.98
 -34512.105    60.751     1.24    3.09
 -34223.886    60.896     0.50    2.95
 -33935.644    61.144     0.86    2.95
 -33647.381    61.598     1.57    2.72
 -33359.096    61.714     0.40    2.49
 -33070.790    61.541    -0.60    2.39
 -32782.462    61.630     0.31    2.45
 -32494.113    61.669     0.13    2.41
 -32205.741    61.785     0.40    2.54
 -31917.349    61.741    -0.16    2.54
 -31628.934    62.148     1.41    2.87
 -31340.498    62.897     2.60    2.90
 -31052.041    63.310     1.43    3.13
 -30763.562    63.446     0.47    3.27
 -30475.061    64.065     2.15    3.22
 -30186.538    64.358     1.01    2.99
 -29897.994    65.164     2.80    2.02
 -29609.428    64.903    -0.91    2.00
 -29320.841    64.559    -1.19    2.02
 -29032.232    64.227    -1.15    2.02
 -28743.601    64.240     0.04    1.97
 -28454.948    64.500     0.90    2.06
 -28166.274    64.893     1.36    2.16
 -27877.578    64.705    -0.65    2.40
 -27588.861    64.363    -1.18    3.10
 -27300.121    64.099    -0.92    3.66
 -27011.360    63.732    -1.27    4.09
 -26722.578    63.503    -0.79    4.39
 -26433.773    63.018    -1.68    4.78
 -26144.947    61.928    -3.77    5.60
 -25856.099    61.197    -2.53    6.11
 -25567.230    60.572    -2.16    6.26
 -25278.338    59.787    -2.72    5.95
 -24989.425    58.348    -4.98    5.70
 -24700.491    58.205    -0.50    5.17
 -24411.534    58.378     0.60    5.42
 -24122.556    58.600     0.77    5.41
 -23833.555    58.608     0.03    5.18
 -23544.534    59.016     1.41    3.93
 -23255.490    59.347     1.14    3.41
 -22970.192    58.767    -2.03    4.03
 -22685.665    58.056    -2.50    4.36
 -22401.118    57.187    -3.05    4.68
 -22116.550    56.283    -3.18    4.72
 -21831.962    55.622    -2.32    4.84
 -21547.353    55.574    -0.17    5.12
 -21262.724    55.819     0.86    5.65
 -20978.075    55.091    -2.56    7.89
 -20693.405    51.952   -11.03   11.42
 -20408.714    47.696   -14.95   13.66
 -20124.003    42.512   -18.21   14.18
 -19839.272    36.944   -19.56   12.66
 -19554.520    31.632   -18.66    8.02
 -19269.748    28.187   -12.10    2.35
 -18984.955    27.326    -3.02    1.15
 -18700.142    26.810    -1.81    1.49
 -18415.308    26.192    -2.17    1.58
 -18130.454    25.565    -2.20    1.57
 -17845.579    25.110    -1.60    1.58
 -17560.684    25.080    -0.11    1.93
 -17275.768    25.477     1.39    2.46
 -16990.832    26.011     1.87    2.75
 -16705.875    26.539     1.85    2.80
 -16420.898    26.640     0.35    3.03
 -16135.900    26.148    -1.73    3.59
 -15850.881    25.279    -3.05    3.88
 -15565.842    24.384    -3.14    3.72
 -15280.783    23.002    -4.85    3.08
 -14995.703    22.365    -2.23    2.88
 -14710.602    22.267    -0.34    2.74
 -14425.481    22.549     0.99    2.97
 -14140.340    22.903     1.24    2.88
 -13855.177    22.982     0.28    2.96
 -13569.994    23.108     0.44    3.28
 -13284.791    23.533     1.49    3.42
 -12999.567    23.907     1.31    3.31
 -12714.323    24.272     1.28    3.45
 -12429.057    24.410     0.48    3.47
 -12143.772    24.769     1.26    3.58
 -11858.465    25.305     1.88    3.36
 -11573.138    25.914     2.13    3.12
 -11287.791    26.014     0.35    3.13
 -11002.422    26.053     0.14    2.95
 -10717.034    26.150     0.34    2.81
 -10431.624    26.319     0.59    2.56
 -10146.194    26.171    -0.52    2.51
  -9860.743    25.815    -1.25    2.28
  -9575.272    25.589    -0.79    2.47
  -9289.780    26.020     1.51    2.58
  -9004.267    26.118     0.34    2.68
  -8718.734    25.378    -2.59    3.15
  -8433.180    24.487    -3.12    4.12
  -8147.605    23.401    -3.80    4.51
  -7862.010    22.119    -4.49    6.40
  -7576.394    20.419    -5.95    7.84
  -7290.757    18.289    -7.45    8.69
  -7005.100    16.068    -7.77    9.05
  -6719.422    13.912    -7.55    8.90
  -6433.723    12.535    -4.82    8.65
  -6148.003    10.558    -6.92    7.61
  -5862.263     8.679    -6.58    6.04
  -5576.502     7.341    -4.68    4.23
  -5290.721     6.223    -3.91    0.86
  -5004.918     6.307     0.29    0.85
  -4719.095     6.436     0.45    0.78
  -4433.251     6.565     0.45    0.77
  -4147.387     6.521    -0.15    0.74
  -3861.502     6.558     0.13    0.74
  -3575.595     6.537    -0.07    0.76
  -3289.669     6.384    -0.54    1.03
  -3003.721     6.340    -0.15    1.22
  -2717.753     6.402     0.22    1.27
  -2431.764     6.659     0.90    1.47
  -2145.754     6.830     0.60    1.81
  -1859.723     6.926     0.34    1.79
  -1573.672     6.696    -0.80    2.12
  -1287.599     6.056    -2.24    2.89
  -1001.506     5.009    -3.66    3.66
   -715.393     3.785    -4.28    4.00
   -429.258     2.218    -5.47    3.58
   -143.102     1.849    -1.29    3.53
    143.074     1.593    -0.89    3.43
    429.271     2.294     2.45    3.75
    715.489     3.267     3.40    3.85
   1001.728     4.431     4.07    3.54
   1287.987     5.272     2.94    2.65
   1574.268     5.806     1.86    1.22
   1860.569     5.653    -0.54    1.13
   2146.891     5.583    -0.25    0.91
   2433.234     5.580    -0.01    0.94
   2719.598     5.604     0.08    1.01
   3005.983     5.668     0.22    1.09
   3292.388     5.671     0.01    1.15
   3578.815     5.878     0.72    1.42
   3865.262     6.050     0.60    1.53
   4151.730     6.096     0.16    1.54
   4438.219     6.259     0.57    1.73
   4724.729     6.349     0.31    2.19
   5011.260     6.318    -0.11    2.38
   5297.812     6.223    -0.33    2.67
   5584.385     6.029    -0.68    2.77
   5870.979     6.005    -0.09    2.79
   6157.593     5.819    -0.65    2.70
   6444.229     5.818    -0.00    2.40
   6730.885     6.018     0.70    2.10
   7017.563     6.245     0.79    1.77
   7304.261     6.723     1.67    1.02
   7590.980     6.854     0.46    0.97
   7877.721     6.945     0.32    1.10
   8164.482     6.907    -0.13    1.14
   8451.264     6.867    -0.14    1.27
   8738.067     6.912     0.16    1.45
   9024.891     6.819    -0.32    1.48
   9311.736     6.868     0.17    1.59
   9598.602     7.074     0.72    1.76
   9885.489     7.268     0.68    2.22
  10172.398     7.518     0.87    2.55
  10459.327     7.210    -1.07    2.49
  10746.277     7.105    -0.36    2.52
  11033.248     7.021    -0.29    2.49
  11320.240     6.314    -2.46    1.74
  11607.253     5.885    -1.49    0.82
  11894.287     5.848    -0.13    0.71
  12181.343     6.036     0.66    1.19
  12468.419     6.068     0.11    1.26
  12755.516     6.200     0.46    1.39
  13042.634     6.223     0.08    1.43
  13329.774     6.197    -0.09    1.45
  13616.934     6.140    -0.20    1.43
  13904.116     5.975    -0.58    1.30
  14191.318     5.823    -0.53    0.96
  14478.542     5.805    -0.06    1.26
  14765.787     5.125    -2.37    2.10
  15053.053     4.348    -2.70    2.67
  15340.340     4.121    -0.79    3.03
  15627.648     4.423     1.05    3.45
  15914.977     4.957     1.86    3.77
  16202.327     5.259     1.05    3.69
  16489.698     5.651     1.37    3.42
  16777.091     6.464     2.83    2.74
  17064.504     7.002     1.87    1.90
  17351.939     6.841    -0.56    1.81
  17639.395     6.819    -0.08    1.75
  17926.872     7.143     1.12    1.93
  18214.370     7.696     1.93    2.28
  18501.889     8.541     2.94    3.01
  18789.430     9.277     2.56    3.37
  19076.991     9.984     2.46    3.34
  19364.574    10.419     1.51    3.25
  19652.178    10.767     1.21    3.27
  19939.803    11.232     1.62    3.48
  20227.449    11.317     0.30    3.31
  20515.117    10.995    -1.12    2.97
  20802.805    10.888    -0.37    2.88
  21090.515    10.785    -0.36    2.80
  21378.246    11.357     1.99    3.18
  21665.998    11.532     0.61    2.98
  21953.772    11.451    -0.28    2.95
  22241.567    11.860     1.42    3.27
  22529.382    12.047     0.65    3.14
  22817.220    12.159     0.39    3.04
  23105.078    12.491     1.15    3.01
  23392.958    12.723     0.81    3.08
  23680.858    12.888     0.57    2.77
  23968.780    13.206     1.10    2.66
  24256.724    13.514     1.07    2.63
  24544.688    13.750     0.82    2.38
  24832.674    14.128     1.31    2.69
  25120.681    14.844     2.48    3.14
  25408.710    15.680     2.90    3.69
  25696.760    16.071     1.36    3.64
  25984.830    16.437     1.27    3.62
  26272.923    16.723     0.99    3.46
  26561.036    17.039     1.10    3.64
  26849.171    16.871    -0.58    3.29
  27137.327    16.894     0.08    2.98
  27425.505    16.943     0.17    2.82
  27713.704    16.687    -0.89    2.34
  28001.924    16.651    -0.12    2.11
  28290.165    16.519    -0.46    1.57
  28578.428    16.562     0.15    1.45
  28866.712    16.778     0.75    1.45
  29155.018    16.918     0.48    1.39
  29443.344    17.024     0.37    1.47
  29731.693    17.236     0.74    1.31
  30020.062    17.651     1.44    1.90
  30308.453    17.952     1.04    2.06
  30596.865    18.363     1.42    2.04
  30885.299    18.591     0.79    1.98
  31173.754    18.811     0.76    1.98
  31462.230    19.177     1.27    2.64
  31750.728    19.475     1.03    2.89
  32039.247    19.696     0.77    2.88
  32327.788    19.982     0.99    3.04
  32616.350    19.982     0.00    2.98
  32904.934    20.410     1.49    3.06
  33193.538    20.607     0.68    3.10
  33482.165    20.387    -0.76    2.73
  33770.812    19.888    -1.73    2.21
  34059.482    19.435    -1.57    1.74
  34348.172    19.112    -1.12    1.19
  34636.884    18.993    -0.41    1.28
  34925.618    18.562    -1.49    1.50
  35214.373    18.293    -0.93    1.71
  35503.149    18.181    -0.39    1.70
  35791.947    18.140    -0.14    1.59
  36080.766    18.236     0.33    1.59
  36369.607    18.482     0.85    1.45
  36658.469    18.803     1.11    1.09
  36947.353    18.956     0.53    0.83
  37236.258    18.913    -0.15    0.98
  37525.185    18.831    -0.28    1.06
  37814.134    18.669    -0.56    1.07
  38103.103    18.500    -0.59    1.28
  38392.095    18.749     0.86    1.83
  38681.108    19.539     2.73    2.74
  38965.870    20.089     1.93    3.03
  39250.416    20.659     2.00    3.23
  39534.981    21.387     2.56    3.24
  39819.567    21.960     2.01    3.22
  40104.173    22.634     2.37    3.17
  40388.799    22.971     1.18    3.10
  40673.446    22.750    -0.78    3.12
  40958.112    23.398     2.28    4.05
  41242.799    23.688     1.02    4.47
  41527.506    23.950     0.92    4.87
  41812.233    23.518    -1.52    5.45
  42096.981    23.091    -1.50    5.69
  42381.748    22.714    -1.32    5.98
  42666.536    21.723    -3.48    5.86
  42951.344    20.687    -3.64    5.83
  43236.172    20.268    -1.47    6.17
  43521.021    19.775    -1.73    6.14
  43805.889    19.201    -2.02    6.04
  44090.778    18.410    -2.77    5.49
  44375.687    17.659    -2.64    4.44
  44660.617    16.992    -2.34    2.98
  44945.567    16.592    -1.40    1.70
  45230.536    16.446    -0.51    1.30
  45515.527    16.660     0.75    1.16
  45800.537    16.491    -0.60    1.11
  46085.568    16.296    -0.68    1.07
  46370.619    16.335     0.14    1.09
  46655.690    16.326    -0.03    1.04
  46940.782    16.562     0.83    1.10
  47225.894    16.838     0.97    1.09
  47511.026    17.166     1.15    0.98
  47796.178    17.488     1.13    0.84
  48081.351    17.686     0.69    0.77
  48366.544    18.151     1.63    1.17
  48651.757    18.404     0.89    1.31
  48936.991    18.644     0.84    1.56
  49222.245    18.741     0.34    1.44
  49507.519    19.056     1.11    1.63
  49792.814    18.954    -0.36    1.30
  50078.129    18.827    -0.44    1.33
  50363.465    18.819    -0.03    1.27
  50648.820    18.705    -0.40    0.95
  50934.196    18.550    -0.54    0.98
  51219.593    18.366    -0.64    1.16
  51505.010    18.133    -0.82    1.20
  51790.447    17.910    -0.78    1.16
  52075.905    17.749    -0.56    1.17
  52361.382    17.625    -0.44    1.21
  52646.881    17.537    -0.31    1.33
  52932.400    17.425    -0.39    1.17
  53217.939    17.471     0.16    1.11
  53503.498    17.561     0.32    1.15
  53789.078    17.601     0.14    1.13
  54074.678    17.809     0.73    1.27
  54360.299    18.005     0.68    1.23
  54645.940    18.276     0.95    1.33
  54931.602    18.995     2.51    2.31
  55217.284    19.663     2.34    2.77
  55502.986    20.145     1.69    3.09
  55788.709    20.321     0.62    2.95
  56074.453    20.768     1.56    3.17
  56360.216    21.433     2.33    4.11
  56646.001    22.010     2.02    4.49
  56931.805    22.271     0.91    4.47
  57217.631    22.186    -0.30    4.39
  57503.476    21.919    -0.93    4.22
  57789.342    21.468    -1.58    3.73
  58075.229    20.986    -1.69    2.90
  58361.136    20.605    -1.33    1.78
  58647.064    20.651     0.16    1.41
  58933.012    20.792     0.49    1.29
  59218.980    20.960     0.59    1.28
  59504.969    21.404     1.55    1.58
  59790.979    21.696     1.02    1.59
  60077.009    22.414     2.51    2.33
  60363.060    22.977     1.97    2.31
  60649.131    23.404     1.49    2.30
  60935.222    23.935     1.86    2.43
  61221.335    24.577     2.24    2.94
  61507.467    25.276     2.44    2.99
  61793.621    25.829     1.93    3.06
  62079.795    26.457     2.20    3.13
  62365.989    26.973     1.80    3.02
  62652.204    27.375     1.40    2.72
  62938.439    27.594     0.76    2.64
  63224.696    27.732     0.48    2.64
  63510.972    28.050     1.11    2.62
  63797.269    28.419     1.29    2.76
  64083.587    29.127     2.47    3.03
  64369.926    29.688     1.96    3.35
  64656.285    30.210     1.82    3.64
  64942.664    31.089     3.07    3.74
  65229.065    31.616     1.84    3.67
  65515.485    31.918     1.05    3.66
  65801.927    32.107     0.66    3.36
  66088.389    32.232     0.44    3.23
  66374.872    32.606     1.31    3.12
  66661.375    32.840     0.82    3.22
  66947.899    33.180     1.19    3.28
  67234.443    33.404     0.78    3.15
  67521.009    34.009     2.11    3.32
  67807.595    34.901     3.12    3.36
  68094.201    35.092     0.67    3.31
  68380.828    35.065    -0.10    3.05
  68667.476    34.954    -0.39    2.87
  68954.145    34.669    -0.99    2.59
  69240.834    34.431    -0.83    1.94
  69527.544    34.214    -0.76    1.82
  69814.274    34.151    -0.22    2.03
  70101.026    34.460     1.08    2.46
  70387.798    34.678     0.76    2.67
  70674.590    34.776     0.34    2.83
  70961.404    34.732    -0.16    2.82
  71248.238    34.706    -0.09    2.66
  71535.093    34.804     0.34    2.65
  71821.968    35.107     1.06    2.65
  72108.864    35.482     1.31    2.61
  72395.781    35.766     0.99    2.43
  72682.719    36.244     1.67    2.46
  72969.678    36.884     2.23    2.52
  73256.657    37.564     2.37    2.66
  73543.657    38.188     2.18    2.61
  73830.678    38.784     2.08    2.76
  74117.719    39.425     2.23    2.80
  74404.781    40.038     2.14    2.62
  74691.864    40.553     1.79    2.50
  74978.968    40.887     1.16    2.48
  75266.093    41.102     0.75    2.28
  75553.238    41.196     0.33    2.15
  75840.404    41.562     1.27    2.22
  76127.591    41.930     1.28    2.25
  76414.799    42.125     0.68    2.37
  76702.028    42.253     0.45    2.52
  76989.277    42.732     1.67    2.71
  77276.547    43.307     2.00    3.07
  77563.838    43.944     2.22    3.26
  77851.150    44.428     1.69    3.31
  78138.483    44.723     1.03    3.22
  78425.836    45.029     1.07    3.00
  78713.211    44.957    -0.25    2.94
  79000.606    44.809    -0.52    2.91
  79288.022    44.507    -1.05    2.65
  79575.459    44.431    -0.27    2.50
  79862.917    44.553     0.43    2.44
  80150.395    44.589     0.12    2.24
  80437.895    44.928     1.18    2.38
  80725.415    45.372     1.55    2.51
  81012.957    45.882     1.77    2.59
  81300.519    46.205     1.12    2.54
  81588.102    46.493     1.00    2.42
  81875.706    46.581     0.31    2.29
  82163.331    46.521    -0.21    2.16
  82450.977    46.598     0.27    2.19
  82738.644    46.759     0.56    2.35
  83026.331    47.010     0.87    2.48
  83314.040    47.535     1.82    2.53
  83601.769    48.130     2.07    2.54
  83889.520    48.678     1.91    2.46
  84177.291    49.399     2.50    2.38
  84465.084    50.161     2.65    2.22
  84752.897    51.007     2.94    2.49
  85040.731    51.783     2.70    2.76
  85328.586    52.714     3.23    3.01
  85616.462    53.289     2.00    3.37
  85904.360    53.705     1.45    3.38
  86192.278    54.354     2.25    3.35
  86480.217    55.227     3.03    3.49
  86768.177    56.100     3.03    3.34
  87056.158    56.792     2.40    3.16
  87344.160    57.774     3.41    3.16
  87632.183    58.869     3.80    3.15
  87920.227    59.714     2.93    3.01
  88208.293    60.616     3.13    2.58
  88496.379    61.030     1.44    2.37
  88784.486    61.610     2.01    2.24
  89072.614    61.862     0.88    2.33
  89360.763    62.241     1.32    2.44
  89648.934    62.884     2.23    2.43
  89937.125    63.663     2.70    2.69
  90225.337    64.309     2.24    2.99
  90513.571    64.957     2.25    3.07
  90801.825    65.294     1.17    2.91
  91090.101    65.455     0.56    2.73
  91378.398    65.655     0.69    2.56
  91666.715    65.603    -0.18    2.23
  91955.054    65.723     0.42    2.17
  92243.414    65.872     0.52    2.04
  92531.795    66.214     1.19    2.31
  92820.197    67.024     2.81    3.26
  93108.620    67.960     3.25    3.77
  93397.065    68.616     2.27    3.86
  93685.530    69.191     2.00    3.87
  93974.016    68.911    -0.97    3.90
  94262.524    68.466    -1.54    3.98
  94551.053    67.521    -3.28    3.36
  94839.603    66.901    -2.15    2.84
  95128.174    66.616    -0.99    2.46
  95416.766    66.556    -0.21    2.52
  95705.379    66.401    -0.54    2.78
  95994.014    66.326    -0.26    2.91
  96282.670    66.687     1.25    3.32
  96571.346    66.643    -0.15    3.28
  96860.045    66.968     1.13    3.36
  97148.764    67.263     1.02    3.40
  97437.504    67.634     1.28    3.32
  97726.266    67.819     0.64    2.97
  98015.048    67.794    -0.09    2.78
  98303.852    67.723    -0.25    2.69
  98592.678    67.586    -0.47    2.55
  98881.524    67.449    -0.48    2.33
  99170.391    67.276    -0.60    2.19
  99459.280    66.973    -1.05    2.24
  99748.190    66.688    -0.99    2.08
 100037.122    66.497    -0.66    1.86
 100326.074    66.455    -0.14    1.74
 100614.779    66.286    -0.59    1.60
 100899.338    66.144    -0.50    1.51
 101183.916    66.072    -0.25    1.44
 101468.515    66.160     0.31    1.41
