# NaN NaN NaN ;Mean Elev.(m), Avg Gradient(m/km), RMS Gradient(m/km) - SRTM1     
#   19.403   0.038   2.760 ;Mean Elev.(m), Avg Gradient(m/km), RMS Gradient(m/km) - ASTER GDEM
#    8.034   0.000   2.031 ;Mean Elev.(m), Avg Gradient(m/km), RMS Gradient(m/km) - GMTED2010 
   2  65.652265  62.641329    17.137    17.214  6 54673.38556004 25.698
   3  65.651744  62.642585    -1.300    -1.313  7 54683.30120336 12.794
   4  65.649264  62.644360    18.933    17.631  6 54693.21684518 28.576
   5  65.650022  62.644313    -2.072    -2.089  6 54703.13248503 20.615
   6  65.652633  62.641374    18.728    17.185  6 54713.04813499 23.546
   7  65.658921  62.637112    11.226    10.860  7 54722.96378689 26.723
   8  65.659698  62.635052    12.420    12.438  7 54732.87943557 39.039
   9  65.661109  62.634789    16.808    17.057  8 54742.79508252 28.419
  10  65.660494  62.635647    19.856    16.911  7 54752.71072888 25.075
  11  65.660034  62.635755    18.087    16.839  7 54762.62637495 22.929
  12  65.659909  62.634520    19.338    16.852  7 54772.54201871 23.288
  13  65.663417  62.632593    12.650    12.670  8 54782.45766000 44.267
  14  65.663433  62.632951    14.225    14.285  7 54792.37329835 49.235
  15  65.659183  62.636219    14.446    14.450  7 54802.28893502 30.212
  16  65.655273  62.639401    14.933    14.826  7 54812.20457162 22.479
  17  65.652951  62.640858    14.894    14.896  6 54822.12021343 20.135
  18  65.654533  62.639311    15.349    15.400  7 54832.03585429 18.867
  19  65.655719  62.638244    15.269    15.262  6 54841.95150478 17.020
  20  65.656496  62.638483    15.219    15.177  6 54851.86715379 16.570
  21  65.652657  62.640786    15.732    15.659  7 54861.78280176 14.666
  22  65.653379  62.641234    15.712    15.697  7 54871.69845031 13.254
  23  65.653699  62.639950    15.685    15.683  6 54881.61409727 12.138
  24  65.658378  62.636132    15.059    15.152  7 54891.52974164 12.556
  25  65.663041  62.632482    14.645    14.656  7 54901.44538312 11.800
  26  65.665400  62.631803    14.894    14.896  7 54911.36102244 11.316
  27  65.661334  62.634687    17.467    17.469  7 54921.27665974 12.571
  28  65.657519  62.637604    14.827    15.716  7 54931.19229648 10.590
  29  65.656587  62.638125    12.539    12.556  7 54941.10793232 21.810
  30  65.658132  62.636728    14.206    14.169  7 54951.02356692 29.397
  31  65.662542  62.634145    17.009    16.978  7 54960.93920838 38.339
  32  65.661355  62.634524    17.011    17.013  7 54970.85485689 25.910
  33  65.658889  62.636787    17.310    17.268  8 54980.77050385 42.520
  34  65.653480  62.639782    87.627    87.575  7 54990.68615014  1.952
  35  65.654723  62.639425    19.755    20.846  7 55000.60179714 26.597
  36  65.655563  62.638628    17.279    17.251  7 55010.51744239 42.582
  37  65.658153  62.637517    18.303    17.216  7 55020.43308630 23.869
  38  65.655148  62.639274    19.623    20.841  7 55030.34872828 25.119
  39  65.652691  62.641467    18.975    18.473  7 55040.26436965 22.376
  40  65.651078  62.643289    18.829    17.497  6 55050.18000979 22.000
  41  65.652282  62.642366    18.614    17.360  7 55060.09564834 22.107
  42  65.656097  62.638720    13.846    13.828  7 55070.01128988 42.738
  43  65.663997  62.633403    13.743    13.730  7 55079.92694057 52.183
  44  65.664065  62.632336    17.076    15.779  7 55089.84258810 22.257
  45  65.662616  62.633964    12.905    12.854  7 55099.75823405 36.130
  46  65.657975  62.636981    20.900    21.052  7 55109.67387902 22.026
  47  65.659642  62.636589    15.410    15.084  7 55119.58952346 32.764
  48  65.662619  62.633840    14.654    15.203  7 55129.50516574 23.924
  49  65.664883  62.631203    12.467    12.400  8 55139.42080596 54.389
  50  65.663016  62.632140    11.822    11.805  7 55149.33644431 31.821
  51  65.657640  62.636539    12.297    12.258  7 55159.25208171 29.389
  52  65.652503  62.640946    13.048    12.531  7 55169.16771883 20.395
  53  65.651624  62.642513    15.920    14.545  7 55179.08335563 18.048
  54  65.653175  62.640751    15.490    15.849  7 55188.99900213 14.528
  55  65.654873  62.638885    15.299    15.342  7 55198.91465313 14.554
  56  65.654616  62.639046    15.053    15.354  6 55208.83030282 12.590
  57  65.654424  62.640319    15.348    15.376  6 55218.74595185 12.121
  58  65.653935  62.640513    15.430    15.594  6 55228.66160013 11.838
  59  65.656874  62.638289    13.439    13.804  6 55238.57724591 12.182
  60  65.659407  62.634912    13.585    13.633  7 55248.49288822 11.900
  61  65.666227  62.631057    11.434    11.439  7 55258.40852864 12.828
  62  65.664151  62.631737    13.632    13.777  8 55268.32416708 11.183
  63  65.661519  62.634508    14.404    15.093  7 55278.23980496 10.370
  64  65.655212  62.638207    17.490    17.498  7 55288.15544116  8.380
  65  65.654818  62.639162    12.974    10.928  7 55298.07107581 10.882
  66  65.660488  62.635882    15.256    15.522  7 55307.98671927 25.138
  67  65.662965  62.633075    13.854    13.827  8 55317.90236616 41.064
  68  65.661663  62.633207    15.861    15.905  7 55327.81801124 56.529
  69  65.659483  62.635789    20.528    22.478  7 55337.73365518 24.409
  70  65.655351  62.639237    18.396    17.024  6 55347.64929839 33.027
  71  65.653551  62.640759    18.551    17.080  6 55357.56494035 24.825
  72  65.653596  62.640442    19.727    20.697  7 55367.48058065 25.226
  73  65.653691  62.639974    19.711    20.676  7 55377.39621955 25.610
  74  65.653730  62.640571    19.752    20.768  7 55387.31185755 24.401
  75  65.652354  62.642224    17.585    17.601  7 55397.22749442 45.990
  76  65.652354  62.642701    18.140    16.834  7 55407.14313751 25.889
  77  65.653013  62.640629    16.360    16.507  6 55417.05878899 27.373
  78  65.659741  62.635862    16.902    16.584  8 55426.97443786 24.354
  79  65.665080  62.632366    15.795    15.525  7 55436.89008371 25.484
  80  65.665412  62.632108    13.683    13.718  7 55446.80572737 42.821
  81  65.659350  62.634989    13.092    13.191  7 55456.72136962 35.310
  82  65.658048  62.636826    20.094    19.916  7 55466.63701172 26.530
  83  65.657516  62.637260    14.455    12.624  7 55476.55265087 36.184
  84  65.660283  62.635701    12.543    12.571  7 55486.46828737 32.978
  85  65.659471  62.635039    12.699    12.768  7 55496.38392132 32.595
  86  65.659382  62.635967    15.997    15.968  7 55506.29955674 24.039
  87  65.655754  62.638068    12.299    12.354  7 55516.21520679 41.835
  88  65.654351  62.640064    12.306    12.287  7 55526.13085614 37.987
  89  65.652468  62.641021    12.430    12.429  6 55536.04650354 29.858
  90  65.654793  62.639830    12.588    12.542  6 55545.96214939 24.057
  91  65.654832  62.639243    12.575    12.584  7 55555.87779309 21.394
  92  65.655313  62.639326    12.363    12.368  6 55565.79343580 25.863
  93  65.654875  62.639920    12.114    12.059  7 55575.70907771 23.361
  94  65.654193  62.639669    11.910    11.915  6 55585.62471795 20.421
  95  65.656804  62.637932    11.849    11.880  6 55595.54035537 16.206
  96  65.659232  62.636372    11.773    11.802  8 55605.45598960 16.076
  97  65.659908  62.636309    11.625    11.586  7 55615.37162150 15.670
  98  65.657550  62.637669    11.494    11.462  6 55625.28726185 15.458
  99  65.656634  62.637923    11.363    11.375  6 55635.20291412 14.060
 100  65.659956  62.636786    11.450    11.435  7 55645.11856478 14.282
 101  65.661760  62.635452    17.179    17.273  7 55655.03421253 13.496
 102  65.660496  62.634873    13.565    13.046  7 55664.94985535 32.572
 103  65.660074  62.634772    13.830    13.768  7 55674.86549517 38.618
 104  65.660087  62.635804    16.743    16.617  7 55684.78113318 33.001
 105  65.655557  62.638958    18.218    17.130  7 55694.69676935 26.654
 106  65.651356  62.642134    17.330    17.332  7 55704.61240419 52.730
 107  65.651652  62.642321    18.333    17.018  7 55714.52805090 25.823
 108  65.652987  62.641258    18.565    17.271  6 55724.44370012 25.481
 109  65.652154  62.641060    16.898    16.946  6 55734.35934715 25.692
 110  65.653950  62.640611    19.469    20.638  7 55744.27499323 24.595
 111  65.654580  62.640137    19.786    20.286  6 55754.19063771 20.135
 112  65.655366  62.638823    14.654    14.613  7 55764.10628001 45.692
 113  65.659154  62.636286    12.408    12.665  8 55774.02191989 29.853
 114  65.660879  62.634759    18.434    18.554  8 55783.93755611 27.159
 115  65.661181  62.635690    19.234    18.432  7 55793.85318948 20.782
 116  65.655668  62.639028    19.578    19.291  7 55803.76882488 23.302
 117  65.654355  62.639745    13.357    12.718  6 55813.68447423 34.012
 118  65.656923  62.638211    18.921    20.443  6 55823.60012218 22.176
 119  65.661273  62.635791    18.275    22.317  7 55833.51576567 22.301
 120  65.658096  62.636094    21.904    22.274  7 55843.43140410 19.315
 121  65.656970  62.637502    23.096    22.254  7 55853.34703963 22.195
 122  65.652660  62.640813    18.832    20.306  7 55863.26267530 19.134
 123  65.653506  62.641035    12.127    12.131  7 55873.17832942 42.167
 124  65.653600  62.641081    11.693    11.709  7 55883.09397838 31.585
 125  65.652549  62.641162    11.745    11.768  7 55893.00962087 27.104
 126  65.651986  62.641637    11.711    11.744  6 55902.92525774 23.935
 127  65.652350  62.642481    11.704    11.645  7 55912.84089443 21.372
 128  65.652195  62.642057    12.373    11.814  7 55922.75654864 16.954
 129  65.652395  62.641076    11.581    11.544  7 55932.67220004 18.116
 130  65.657044  62.637699    11.321    11.354  6 55942.58784779 16.308
 131  65.663653  62.633489    11.601    11.264  7 55952.50349149 15.529
 132  65.663066  62.632676    11.220    11.235  7 55962.41913088 15.139
 133  65.661012  62.634507    11.605    11.238  7 55972.33476789 15.932
 134  65.655553  62.638674    11.133    11.134  6 55982.25040315 15.283
 135  65.653311  62.641033    11.198    10.850  7 55992.16603731 15.924
 136  65.655242  62.639242    12.347    12.498  7 56002.08168534 15.133
 137  65.660519  62.635125    12.486    12.791  8 56011.99733622 13.914
 138  65.662300  62.633428    10.854    10.829  7 56021.91298286 14.211
 139  65.660391  62.634976    12.413    12.607  7 56031.82862591 34.190
 140  65.654057  62.639246    13.083    13.115  6 56041.74426614 36.350
 141  65.653424  62.641451    16.119    16.169  6 56051.65990471 25.341
 142  65.652079  62.642616    21.823    22.226  7 56061.57554051 22.447
 143  65.653283  62.641663    22.910    22.348  7 56071.49117940 22.373
 144  65.655253  62.639767    17.922    16.565  6 56081.40683030 23.529
 145  65.653188  62.640278    17.454    16.170  7 56091.32247802 24.658
 146  65.652590  62.641359    16.412    14.297  6 56101.23812349 27.965
 147  65.652178  62.641270    14.042    13.771  6 56111.15375488 33.004
 148  65.655584  62.638766    12.800    12.814  6 56121.06939509 52.345
 149  65.661351  62.635258    12.299    12.269  7 56130.98503189 54.012
 150  65.661958  62.634451    22.818    22.271  7 56140.90066645 18.594
 151  65.660312  62.635359    18.916    22.152  7 56150.81631712 22.676
 152  65.654740  62.638749    20.039    20.521  7 56160.73196526 23.106
 153  65.653602  62.640066    17.896    16.628  6 56170.64761235 20.315
 154  65.656228  62.638285    18.248    20.248  6 56180.56325610 25.281
 155  65.659689  62.635453    11.069    11.052  7 56190.47889608 31.725
 156  65.660846  62.634469    22.074    20.766  7 56200.39453283 24.383
 157  65.658256  62.637409    21.945    22.384  7 56210.31016651 22.315
 158  65.651433  62.642844    19.315    20.155  6 56220.22579773 19.900
 159  65.650328  62.644620    16.090    16.142  6 56230.14144746 21.589
 160  65.651135  62.643370    11.230    11.221  7 56240.05710099 42.059
 161  65.652375  62.641160    11.502    11.486  6 56249.97275068 31.367
 162  65.655929  62.638918    11.739    11.745  7 56259.88839574 25.543
 163  65.655264  62.639535    11.659    11.676  6 56269.80403744 20.052
 164  65.654124  62.640772    11.880    11.654  7 56279.71967727 18.859
 165  65.652657  62.640787    11.675    11.577  6 56289.63532807 18.548
 166  65.656189  62.637754    11.941    11.294  7 56299.55097693 16.897
 167  65.662276  62.633559    11.903    11.349  8 56309.46662217 15.590
 168  65.663642  62.631928    11.441    10.956  7 56319.38226439 14.829
 169  65.662060  62.633727    10.903    10.775  7 56329.29790512 13.472
 170  65.657082  62.637748    12.339    12.832  6 56339.21354452 12.970
 171  65.654132  62.640607    11.238    10.720  7 56349.12918215 13.755
 172  65.653863  62.640421    11.649    10.866  6 56359.04481790 13.483
 173  65.658734  62.636142    12.678    12.591  7 56368.96046943 13.182
 175  65.659226  62.635722    17.644    17.613  7 56388.79176260 13.010
 176  65.652989  62.640300    10.691    10.635  7 56398.70740485 17.363
 177  65.651067  62.643010    12.562    11.362  7 56408.62304520 33.741
 178  65.650371  62.643564    14.476    14.516  6 56418.53868158 42.201
 179  65.650971  62.642768    18.128    16.876  6 56428.45431463 25.470
 180  65.653503  62.639901    17.369    17.399  6 56438.36996898 44.564
 181  65.656255  62.638420    20.768    20.599  7 56448.28562067 27.409
 182  65.655467  62.638970    17.820    17.854  7 56458.20126967 45.887
 183  65.654482  62.638775    20.133    20.530  6 56468.11691545 26.034
 184  65.660027  62.636206    17.719    17.719  7 56478.03255802 28.314
 185  65.662137  62.634275    20.828    21.420  7 56487.94819636 22.348
 186  65.660863  62.634618    17.925    17.899  7 56497.86383152 54.312
 187  65.657764  62.637089    17.638    17.622  7 56507.77946500 28.959
 188  65.653075  62.640760    16.503    16.527  6 56517.69510171 25.575
 189  65.653512  62.640802    14.160    14.129  6 56527.61075587 50.514
 190  65.655401  62.639434    13.303    13.260  6 56537.52640607 50.512
 192  65.661324  62.635335    20.824    22.151  7 56557.35769645 22.993
 193  65.659617  62.636911    19.981    20.449  7 56567.27333869 24.023
 194  65.651757  62.641504    20.343    20.319  7 56577.18897876 23.457
 195  65.649670  62.644266    12.160    12.070  6 56587.10461605 53.767
 196  65.649122  62.644669    12.502    12.255  6 56597.02025637 52.595
 197  65.653567  62.641276    13.354    13.405  6 56606.93590899 50.159
 198  65.654052  62.639599    14.657    14.682  6 56616.85155611 49.066
 199  65.654944  62.639107    15.191    15.125  6 56626.76719964 21.435
 200  65.653605  62.639886    15.595    15.511  7 56636.68284005 17.523
 201  65.655558  62.639471    15.753    15.739  6 56646.59848099 15.841
 202  65.657402  62.637190    15.392    15.427  7 56656.51413353 14.560
 203  65.662750  62.634048    14.995    15.026  7 56666.42978217 15.533
 204  65.663668  62.633514    14.785    14.792  7 56676.34542758 18.751
 205  65.661623  62.635052    14.962    14.896  7 56686.26107147 14.862
 206  65.656697  62.637850    15.684    15.649  6 56696.17671300 14.330
 207  65.655556  62.639300    15.921    15.915  7 56706.09235045 12.355
 208  65.653251  62.640248    16.223    16.168  7 56716.00798320 13.035
 210  65.658201  62.636761    17.227    17.229  7 56735.83928695  8.951
 211  65.655481  62.638765    17.510    17.518  6 56745.75493250  8.251
 212  65.653644  62.641088    17.416    17.448  6 56755.67057379  8.746
 213  65.651044  62.643134    12.493    12.482  7 56765.58620937 30.923
 214  65.650917  62.642841    14.027    13.873  7 56775.50184862 28.493
 215  65.653902  62.640071    16.085    16.085  6 56785.41750586 38.736
 216  65.656857  62.637965    17.604    17.548  6 56795.33315945 48.134
 217  65.656962  62.637344    20.998    20.813  7 56805.24880862 26.451
 218  65.658964  62.636623    20.952    20.702  7 56815.16445115 24.174
 219  65.658573  62.636126    18.946    18.118  7 56825.08008997 25.387
 220  65.660459  62.635307    61.073    61.191  7 56834.99572526 21.071
 221  65.658977  62.636562    19.817    17.873  8 56844.91135662 26.059
 223  65.656619  62.638080    17.878    17.949  7 56864.74265520 31.194
 224  65.656772  62.637747    17.255    17.291  7 56874.65830802 40.863
 225  65.658852  62.636539    15.471    15.303  7 56884.57395796 29.984
 226  65.659397  62.635712    20.285    22.393  7 56894.48960463 23.123
 227  65.659948  62.635581    13.877    13.887  7 56904.40524809 34.028
 228  65.656291  62.637611    20.213    20.058  7 56914.32088892 28.132
 229  65.653147  62.640254    13.705    13.728  6 56924.23652803 39.753
 230  65.652777  62.642053    14.994    15.055  6 56934.15216483 25.342
 231  65.651093  62.643436    13.831    13.865  6 56944.06779627 50.433
 232  65.651720  62.641857    13.656    13.695  7 56953.98344438 46.782
 233  65.655300  62.639272    13.767    13.742  6 56963.89909509 30.215
 234  65.655523  62.639016    14.134    14.144  7 56973.81474045 26.461
 235  65.654215  62.640142    14.727    14.743  6 56983.73038112 20.323
 236  65.654205  62.640590    15.182    15.208  6 56993.64601711 17.922
 237  65.654896  62.639476    14.749    14.748  6 57003.56165458 15.150
 238  65.658492  62.635749    14.991    14.933  7 57013.47731162 14.551
 239  65.663616  62.633468    15.125    15.082  7 57023.39296345 14.850
 240  65.661628  62.635424    14.430    14.361  7 57033.30861170 13.304
 241  65.654919  62.638949    15.221    15.276  7 57043.22425710 13.150
 242  65.655115  62.639449    15.428    15.431  7 57053.13990107 13.038
 243  65.654849  62.638700    15.066    15.077  6 57063.05554063 13.660
 244  65.656616  62.637883    14.945    15.086  7 57072.97117521 13.018
 245  65.654832  62.639876    14.849    14.995  7 57082.88680527 12.490
 246  65.652728  62.642123    15.068    15.006  6 57092.80245260 14.071
 247  65.651350  62.643418    17.447    17.471  6 57102.71810934  9.860
 248  65.650012  62.643508    17.349    17.368  6 57112.63376253 10.560
 249  65.652116  62.641371    12.150    11.396  6 57122.54941029 15.875
 250  65.654123  62.639048    15.362    15.778  6 57132.46505260 15.705
 251  65.654571  62.638815    14.132    14.105  7 57142.38068978 31.393
 252  65.653178  62.640809    18.360    18.380  7 57152.29632360 36.105
 253  65.650550  62.643396    17.211    17.142  7 57162.21195468 30.910
 254  65.652276  62.641449    17.932    17.957  7 57172.12761248 46.438
 255  65.659893  62.636778    22.298    22.703  7 57182.04326815 23.030
 256  65.661590  62.633872    17.901    17.919  7 57191.95891920 25.100
 257  65.661715  62.633479    18.705    18.714  7 57201.87456694 41.548
 258  65.659613  62.635800    19.453    18.490  7 57211.79020052 25.992
 259  65.654364  62.639493    19.750    18.686  7 57221.70584335 28.936
 260  65.652713  62.640684    19.880    18.857  7 57231.62148538 29.649
 261  65.653579  62.639851    18.632    18.619  6 57241.53712533 28.716
 262  65.654930  62.638647    20.335    21.321  7 57251.45276277 28.803
 263  65.654571  62.639738    19.102    17.728  6 57261.36839797 25.436
 264  65.650633  62.643497    16.059    15.697  7 57271.28403139 35.435
 265  65.649480  62.645133    16.761    16.992  6 57281.19968713 30.757
 266  65.651769  62.644163    20.334    20.833  6 57291.11534269 22.984
 267  65.652436  62.641648    18.073    16.409  6 57301.03099518 25.632
 268  65.659229  62.637004    14.438    14.400  7 57310.94664470 47.954
 269  65.658992  62.635604    14.567    14.481  7 57320.86228984 52.267
 270  65.659660  62.636202    14.674    14.661  8 57330.77793224 47.927
 271  65.654267  62.639612    16.679    16.674  7 57340.69357162 43.594
 272  65.654721  62.639126    15.756    15.790  7 57350.60922211 28.406
 273  65.661149  62.635630    16.109    16.086  7 57360.52486801 28.996
 274  65.660889  62.633535    16.260    16.245  7 57370.44051001 21.693
 275  65.663411  62.632933    16.169    16.176  7 57380.35614994 19.041
 276  65.658456  62.636934    15.940    15.949  8 57390.27178776 18.706
 277  65.651492  62.642055    16.118    16.083  7 57400.18742434 15.888
 278  65.650758  62.643581    16.187    16.183  6 57410.10306348 13.149
 279  65.653213  62.640862    16.594    16.667  7 57420.01871654 11.522
 280  65.655231  62.638335    16.411    16.445  7 57429.93436691 12.341
 281  65.657054  62.637785    16.198    16.246  7 57439.85001484 12.284
 282  65.653197  62.640729    17.293    17.308  6 57449.76566079 11.080
 283  65.650019  62.643356    17.668    17.697  6 57459.68130540 13.074
 284  65.650977  62.643578    17.601    17.614  6 57469.59694747 11.282
 285  65.652798  62.641871    14.840    14.816  6 57479.51258579 10.756
 286  65.654214  62.639912    14.376    14.597  7 57489.42822108 28.921
 287  65.655230  62.639462    14.976    14.745  7 57499.34385423 34.585
 288  65.652787  62.640877    18.537    18.531  7 57509.25949735 44.676
 289  65.653281  62.640658    18.905    17.512  6 57519.17515345 26.497
 290  65.653940  62.640079    17.785    17.774  6 57529.09080679 39.589
 291  65.659799  62.636788    22.279    22.745  7 57539.00645780 22.875
 292  65.661915  62.634284    18.298    18.322  7 57548.92210567 44.079
 293  65.663753  62.633105    18.366    18.391  7 57558.83775194 43.026
 294  65.660152  62.635522    19.025    18.183  7 57568.75339649 25.813
 295  65.655236  62.638990    18.258    18.227  7 57578.66904027 32.912
 296  65.652761  62.641010    17.937    17.959  7 57588.58468292 42.097
 297  65.652871  62.640713    19.767    20.492  7 57598.50032347 27.928
