#   41.782  -3.851   5.052 ;Mean Elev.(m), Avg Gradient(m/km), RMS Gradient(m/km) - SRTM1     
#   39.231  -4.776   6.258 ;Mean Elev.(m), Avg Gradient(m/km), RMS Gradient(m/km) - ASTER GDEM
#   41.970  -3.556   4.813 ;Mean Elev.(m), Avg Gradient(m/km), RMS Gradient(m/km) - GMTED2010 
   1  80.245548  59.326279    46.340    46.802  3 54663.22834914 40.596
   2  80.249527  59.329793    45.336    45.266 21 54673.14399495 42.240
   3  80.252330  59.332914   -13.333   -19.130 22 54683.05963909 14.121
   4  80.251020  59.332516    43.779    43.779 22 54692.97528106 47.839
   5  80.251587  59.330491   -17.411   -19.730 18 54702.89092049 19.462
   6  80.216110  59.313548    44.160    44.041  5 54712.80656389 38.253
   7  80.236980  59.321148   -12.243   -11.713  4 54722.72221764 13.991
   8  80.216704  59.313740    44.132    43.872  5 54732.63786322 38.570
   9  80.248399  59.329383    44.424    44.414 20 54742.55351521 55.339
  10  80.251269  59.332023    44.495    44.110 22 54752.46916264 33.499
  11  80.248471  59.330366    44.299    43.920 21 54762.38480867 37.573
  12  80.249473  59.328459    44.906    44.623 21 54772.30045253 33.909
  13  80.235474  59.320785    44.075    44.142  4 54782.21609125 41.364
  14  80.215180  59.311897    45.925    45.959  3 54792.13172667 39.986
  16  80.300558  59.348815    46.125    46.125  2 54811.96301390 23.925
  17  80.286366  59.343025    47.349    47.886  3 54821.87865343 21.752
  18  80.252667  59.329408    47.215    47.227 20 54831.79430046 20.391
  19  80.250072  59.329644    47.474    47.355 21 54841.70993884 19.860
  20  80.252648  59.333452    47.295    47.428 22 54851.62558854 20.403
  21  80.249068  59.334869    47.119    47.218 19 54861.54123707 19.075
  22  80.245796  59.334796    47.454    47.767 17 54871.45688548 17.915
  23  80.255157  59.336885    47.591    47.596 24 54881.37253372 16.907
  24  80.252704  59.332213    47.390    47.533 22 54891.28817667 16.526
  25  80.246408  59.327110    47.388    47.352 20 54901.20381623 16.930
  26  80.250703  59.329462    47.557    47.563 21 54911.11945590 15.924
  27  80.252074  59.331989    43.748    43.515 22 54921.03509409 16.854
  28  80.251775  59.332200    47.778    47.956 22 54930.95073121 22.712
  29  80.247796  59.327727    46.471    46.457 21 54940.86636599 39.867
  30  80.216924  59.310816    70.890    70.561  3 54950.78199499  5.358
  31  80.216699  59.308710    81.395    72.870  3 54960.69763488  6.351
  32  80.216002  59.310334    91.636    99.336  3 54970.61328366  5.828
  33  80.217368  59.313766    49.465    49.416  5 54980.52893179 32.915
  34  80.245761  59.327759    49.954    49.886 20 54990.44458358 52.158
  35  80.247908  59.329200    49.532    49.523 21 55000.36023111 47.149
  36  80.249584  59.329943    48.947    48.953 21 55010.27587669 42.121
  37  80.248380  59.329357    48.609    48.648 21 55020.19152019 47.355
  38  80.251302  59.331909    47.869    47.841 22 55030.10716323 54.821
  39  80.253675  59.334454    47.678    47.446 23 55040.02280552 34.880
  40  80.255877  59.335287    45.667    45.624 25 55049.93844615 47.663
  41  80.249255  59.329784    45.372    45.390 21 55059.85408298 54.523
  42  80.235447  59.320457    45.443    45.476  4 55069.76972080 47.219
  43  80.214504  59.310351    44.735    44.720  3 55079.68536693 49.396
  44  80.236161  59.320696    45.685    44.863  4 55089.60101787 34.434
  45  80.247443  59.328527    44.092    44.011 21 55099.51666642 45.834
  46  80.250975  59.332253    44.179    43.964 22 55109.43231324 34.638
  47  80.248876  59.330457    44.513    44.516 21 55119.34795741 48.835
  48  80.217304  59.314262    44.387    44.479  5 55129.26359441 48.218
  49  80.215360  59.311026    46.119    46.104  3 55139.17923380 48.612
  50  80.216101  59.311665    45.846    45.813  3 55149.09487259 38.276
  51  80.236308  59.322084    45.933    45.922  4 55159.01051401 34.586
  52  80.277784  59.340686    45.955    45.946  7 55168.92615815 23.427
  53  80.271466  59.337656    53.876    46.361  9 55178.84179402 22.403
  54  80.259292  59.332013    46.069    46.159 14 55188.75743782 19.413
  55  80.249603  59.329171    46.202    46.175 21 55198.67308715 17.329
  56  80.251204  59.332089    46.313    46.128 21 55208.58873748 16.639
  57  80.257873  59.337005    46.450    46.424 24 55218.50438809 16.795
  58  80.256585  59.336913    46.703    46.687 24 55228.42003654 15.867
  59  80.253989  59.334139    46.425    46.569 23 55238.33568146 15.514
  60  80.249654  59.329375    46.991    47.082 21 55248.25132238 14.774
  61  80.216615  59.313946    46.716    46.840  5 55258.16695673 14.186
  62  80.219988  59.315590    46.386    46.664  7 55268.08259584 15.033
  63  80.245814  59.327772    47.066    47.209 20 55277.99823800 14.499
  64  80.249318  59.329309    48.356    48.789 22 55287.91387540 13.173
  65  80.236508  59.321805    49.399    49.355  4 55297.82950771 10.876
  66  80.215405  59.310612    47.099    47.161  3 55307.74514629 29.243
  67  80.215798  59.310112    91.770    91.661  3 55317.66079256 17.709
  68  80.236232  59.319895    49.456    49.413  4 55327.57644105 34.463
  69  80.261295  59.332838    49.958    49.987 14 55337.49208968 40.360
  70  80.250895  59.330547    50.428    50.388 21 55347.40773255 35.576
  71  80.249291  59.330409    50.910    50.910 21 55357.32337491 55.119
  72  80.249494  59.330171    50.847    50.898 21 55367.23901534 35.226
  73  80.248798  59.329314    50.854    50.878 21 55377.15465410 50.352
  74  80.247486  59.328586    50.236    50.234 21 55387.07029189 38.536
  75  80.247585  59.328335    49.507    49.486 21 55396.98592892 35.132
  76  80.247576  59.327555    48.538    48.605 21 55406.90157135 35.486
  77  80.276149  59.338811    47.786    46.762  8 55416.81722654 36.488
  78  80.214977  59.312266    48.036    48.676  3 55426.73286501 30.591
  79  80.217128  59.312675    46.245    45.648  5 55436.64851032 34.158
  80  80.236885  59.321807    44.813    44.638  4 55446.56415722 40.946
  81  80.247290  59.327694    45.336    44.946 21 55456.47980237 34.597
  82  80.251071  59.330017    43.968    43.958 21 55466.39544576 52.634
  83  80.261767  59.333002    44.932    44.648 14 55476.31108674 34.952
  84  80.215065  59.311096    46.133    44.623  3 55486.22671588 33.743
  85  80.217660  59.310241    46.101    44.496  3 55496.14235016 32.870
  86  80.217646  59.310658    44.346    44.367  3 55506.05798532 31.554
  87  80.236118  59.321384    43.695    43.745  4 55515.97363890 45.395
  88  80.248509  59.328829    45.255    45.212 21 55525.88929055 29.264
  89  80.250339  59.330670    47.836    47.950 21 55535.80493847 20.816
  90  80.248899  59.330462    47.557    47.751 21 55545.72058374 19.045
  91  80.252528  59.332690    47.897    47.881 22 55555.63622803 18.543
  92  80.255648  59.334800    47.357    47.312 25 55565.55187144 17.168
  93  80.252679  59.333011    47.637    47.722 22 55575.46751317 16.935
  94  80.247969  59.328867    47.018    47.045 21 55585.38315276 16.862
  95  80.235543  59.320786    47.786    47.928  4 55595.29878778 16.167
  96  80.217098  59.311059    46.390    46.240  3 55605.21441877 15.580
  97  80.215602  59.309547    46.749    46.664  3 55615.13005023 14.825
  98  80.236143  59.318871    47.011    46.940  4 55625.04569340 14.579
  99  80.214700  59.311730    46.475    46.273  3 55634.96134264 14.427
 100  80.237181  59.321457    47.477    47.505  4 55644.87699601 13.893
 101  80.217275  59.312766    47.786    47.174  5 55654.79264021 11.252
 102  80.235986  59.319876    47.900    48.881  4 55664.70828559 35.135
 103  80.235300  59.319896    49.122    48.998  4 55674.62392537 32.725
 104  80.235712  59.321112    49.323    49.296  4 55684.53956389 31.522
 105  80.215856  59.313609    49.750    49.789  5 55694.45519821 38.826
 106  80.215155  59.312995   108.930   115.357  3 55704.37083385  2.718
 107  80.215916  59.313649    49.477    49.443  5 55714.28648050 37.906
 108  80.247685  59.328072    48.622    48.578 21 55724.20213448 36.796
 109  80.248371  59.329978    47.137    47.071 21 55734.11778190 40.861
 110  80.251291  59.332344    46.937    46.249 21 55744.03342826 34.235
 111  80.251279  59.331939    46.235    45.918 21 55753.94907246 33.695
 112  80.250665  59.329100    45.680    45.473 21 55763.86471396 45.439
 113  80.214817  59.311292    45.358    45.344  3 55773.78034743 41.733
 114  80.215843  59.309973    87.949    87.949  2 55783.69598318 11.991
 115  80.216515  59.310555    44.821    44.814  3 55793.61161683 48.967
 116  80.216098  59.311294    69.979    69.875  3 55803.52725297  5.139
 117  80.216624  59.312847    46.460    45.002  5 55813.44290312 33.561
 118  80.237795  59.320826    44.722    44.712  4 55823.35855413 49.641
 119  80.217617  59.310816    44.119    44.051  3 55833.27419416 39.916
 120  80.218157  59.310158    87.623    87.499  3 55843.18983311 18.679
 121  80.216275  59.310101    43.844    43.701  3 55853.10546877 38.360
 122  80.217126  59.312207    43.569    43.684  5 55863.02110495 46.159
 123  80.246491  59.327372    90.919    90.518 20 55872.93676369 22.119
 124  80.250820  59.329598    43.780    43.620 21 55882.85241332 34.492
 125  80.247195  59.327423    46.086    46.326 20 55892.76805525 26.726
 126  80.218821  59.314855    48.217    48.384  5 55902.68368793 20.557
 127  80.266228  59.334833    48.035    48.124 13 55912.59933124 19.503
 128  80.252382  59.331948    48.153    48.100 22 55922.51498397 19.137
 129  80.248962  59.330969    48.095    48.099 21 55932.43063512 18.042
 130  80.249167  59.328735    48.105    48.285 21 55942.34628217 18.090
 131  80.216966  59.312497    47.456    46.872  5 55952.26191998 17.836
 132  80.235380  59.319158    47.058    46.720  4 55962.17756202 17.306
 133  80.216814  59.312831    47.367    47.126  5 55972.09319673 17.326
 134  80.219584  59.315402    47.084    46.706  7 55982.00883327 17.255
 135  80.215323  59.312466    46.023    45.843  3 55991.92446688 17.138
 136  80.215958  59.311428    45.987    46.092  3 56001.84011374 16.681
 137  80.215759  59.310173    46.673    46.673  2 56011.75576335 10.010
 138  80.244167  59.322429    88.811    86.451  3 56021.67141381 14.052
 139  80.236198  59.321606    44.046    44.180  4 56031.58705640 43.084
 140  80.248395  59.329416    47.212    47.110 21 56041.50270001 34.321
 141  80.248082  59.330186    47.000    46.480 21 56051.41833920 37.414
 142  80.248274  59.328892    47.215    46.863 21 56061.33397540 32.722
 143  80.236947  59.321875    59.462    59.211  4 56071.24961181 22.425
 144  80.266910  59.335111    46.088    46.027 13 56081.16526698 49.800
 145  80.250446  59.330209    45.429    45.411 21 56091.08091273 49.025
 146  80.247871  59.330829    44.534    44.518 21 56100.99655806 53.241
 147  80.247755  59.330214    43.814    43.840 21 56110.91218921 47.636
 148  80.216898  59.314265    43.558    43.524  5 56120.82782376 49.257
 149  80.215202  59.309444    43.791    43.713  3 56130.74345879 47.145
 150  80.217097  59.308239    43.872    43.952  3 56140.65909278 46.954
 151  80.235459  59.319133    46.060    45.833  4 56150.57474700 36.831
 152  80.247439  59.327538    43.471    43.195 21 56160.49039848 39.330
 153  80.248781  59.329172    42.728    42.657 21 56170.40604650 48.791
 154  80.216811  59.314059    43.127    43.490  5 56180.32168529 30.410
 155  80.216062  59.311257    43.033    43.037  3 56190.23732457 38.923
 156  80.216181  59.310393    46.792    48.542  3 56200.15296120 28.517
 157  80.214829  59.311065    45.237    43.419  3 56210.06859537 32.328
 158  80.217052  59.313563    44.060    43.021  5 56219.98422821 37.078
 159  80.250459  59.329792    42.688    42.720 21 56229.89988273 41.192
 160  80.248664  59.329522    44.618    44.314 21 56239.81553576 38.752
 161  80.250447  59.329864    45.224    45.444 21 56249.73118532 29.025
 162  80.246416  59.327567    46.233    45.832 20 56259.64682922 23.660
 163  80.250243  59.329734    45.073    43.746 21 56269.56247186 27.172
 164  80.247731  59.329160    46.982    47.358 21 56279.47811185 20.090
 165  80.252736  59.332093    47.540    47.580 22 56289.39376360 17.079
 166  80.250859  59.329791    47.507    47.680 21 56299.30941164 16.911
 167  80.235728  59.321200    47.569    47.524  4 56309.22505361 15.844
 168  80.237249  59.320748    47.249    47.310  4 56319.14069569 15.161
 169  80.216161  59.313484    47.284    46.923  5 56329.05633370 15.516
 170  80.247474  59.328096    47.203    47.570 21 56338.97197853 16.400
 171  80.249771  59.328832    47.501    47.543 21 56348.88761677 16.415
 172  80.215208  59.311817    47.266    47.186  3 56358.80324639 14.092
 173  80.236448  59.320012    47.529    47.137  4 56368.71890000 13.473
 175  80.248795  59.328930    49.414    49.407 21 56388.55019558 11.797
 176  80.259668  59.335959    43.912    43.880 17 56398.46584101 31.263
 177  80.253339  59.334083    46.595    46.505 23 56408.38148123 43.231
 178  80.248606  59.330453    49.076    49.048 21 56418.29711712 35.528
 179  80.221528  59.316226    49.739    49.661  7 56428.21274522 39.360
 180  80.250952  59.329425    50.413    50.377 21 56438.12840360 37.863
 181  80.249413  59.330324    51.029    51.039 21 56448.04405479 35.257
 182  80.251755  59.332392    50.886    50.880 22 56457.95970426 33.856
 183  80.248899  59.330734    51.016    51.034 21 56467.87534945 55.406
 184  80.249375  59.329094    50.339    50.374 21 56477.79099092 36.820
 185  80.217256  59.313235    49.479    49.411  5 56487.70662373 38.489
 186  80.235393  59.319386    47.777    47.846  4 56497.62226163 50.155
 187  80.236198  59.319409    48.640    49.142  4 56507.53789598 33.576
 188  80.216551  59.311763    45.859    45.864  3 56517.45353041 30.876
 189  80.216553  59.313457    45.674    45.717  5 56527.36918512 37.349
 190  80.236092  59.321700    46.152    46.286  4 56537.28483823 50.827
 192  80.258730  59.331770    46.409    46.238 14 56557.11613150 31.020
 193  80.249731  59.329676    44.445    44.384 21 56567.03177290 44.918
 194  80.248552  59.330704    44.440    44.431 21 56576.94741407 48.027
 195  80.248570  59.330328    44.628    44.599 21 56586.86305169 53.379
 196  80.251016  59.329962    46.024    46.058 21 56596.77869165 33.181
 197  80.250880  59.330205    45.219    45.193 21 56606.69434355 40.282
 198  80.248020  59.329328    45.098    45.119 21 56616.60999023 46.235
 199  80.250051  59.330222    45.225    45.236 21 56626.52563420 34.090
 200  80.245703  59.327839    46.706    46.463 20 56636.44127444 25.310
 201  80.248211  59.327255    47.835    48.607  8 56646.35691516 21.269
 202  80.236551  59.322327    46.581    46.530  4 56656.27256584 19.234
 203  80.236743  59.322026    47.352    47.262  4 56666.18821383 18.121
 204  80.272090  59.337163    48.006    48.644  8 56676.10386438 17.726
 205  80.247735  59.328111    47.981    48.027 21 56686.01950502 17.093
 206  80.250506  59.329648    48.069    47.955 21 56695.93514755 16.638
 207  80.262199  59.333194    48.343    48.507 14 56705.85078661 17.759
 208  80.214930  59.311352    47.459    46.871  3 56715.76641159 16.908
 209  80.218719  59.314673    47.591    46.511  5 56725.68206583 17.809
 210  80.249805  59.330084    49.644    49.633 21 56735.59772031  8.866
 211  80.254822  59.334698    48.326    48.347 24 56745.51336765 10.997
 212  80.268361  59.340684    45.611    45.268 16 56755.42901171 29.229
 213  80.251591  59.331829    47.967    47.911 22 56765.34464535 40.963
 214  80.250075  59.329307    49.861    49.840 21 56775.26028359 37.909
 215  80.249561  59.330779    49.800    49.820 22 56785.17594053 34.722
 216  80.255516  59.335284    49.781    49.771 24 56795.09159475 34.147
 217  80.255400  59.336329    50.066    50.047 24 56805.00724399 52.092
 218  80.254806  59.334521    50.000    49.955 23 56814.92288582 40.658
 219  80.251020  59.330161    49.887    49.856 21 56824.83852355 41.403
 220  80.236536  59.321463    49.852    49.840  4 56834.75415590 42.225
 221  80.215587  59.311250    49.243    49.245  3 56844.66978415 52.241
 222  80.212431  59.311292    70.500    70.213  3 56854.58542880  5.362
 223  80.250017  59.329082    46.993    46.727 21 56864.50108846 34.286
 224  80.248071  59.329239    45.835    45.368 21 56874.41674144 34.369
 225  80.251429  59.330677    45.987    45.990 23 56884.33239190 33.364
 226  80.248014  59.329168    46.320    46.765 21 56894.24803817 31.270
 227  80.252033  59.331863    44.531    44.259 22 56904.16368244 37.831
 228  80.257764  59.336328    43.801    43.680 24 56914.07932498 44.076
 229  80.254798  59.336241    43.943    43.707 24 56923.99496429 44.795
 230  80.256236  59.335910    43.716    43.695 24 56933.91060134 47.466
 231  80.251389  59.330691    43.641    43.602 23 56943.82623186 45.356
 232  80.254102  59.330395    43.966    43.966 19 56953.74187926 42.426
 233  80.248466  59.328714    47.806    47.799 21 56963.65752869 42.149
 234  80.249674  59.330784    47.697    47.677 21 56973.57317459 27.678
 235  80.251260  59.332041    47.147    47.140 22 56983.48881613 22.751
 236  80.249709  59.329313    47.367    47.423 21 56993.40445209 19.887
 237  80.237696  59.320525    46.421    46.307  4 57003.32008676 19.107
 238  80.216255  59.311360    46.393    46.653  3 57013.23574023 17.933
 239  80.236429  59.320900    47.397    47.427  4 57023.15139461 18.234
 240  80.250844  59.329707    47.940    47.945 21 57033.06704564 17.655
 241  80.251446  59.331804    47.746    47.619 22 57042.98269217 16.834
 242  80.247898  59.330009    47.827    47.935 21 57052.89833545 15.330
 243  80.247479  59.327377    47.968    47.967 21 57062.81397445 13.313
 244  80.216746  59.312568    48.299    48.241  5 57072.72960386 15.229
 245  80.235722  59.320047    47.914    47.738  4 57082.64523701 14.676
 246  80.248865  59.328913    48.406    48.436 21 57092.56088653 13.524
 247  80.256196  59.336012    50.234    50.164 24 57102.47654541  9.290
 248  80.257483  59.337354    49.890    49.851 24 57112.39219935 11.395
 249  80.249831  59.332031    48.843    49.226 22 57122.30784562 13.144
 250  80.250766  59.330118    46.216    45.840 21 57132.22348757 35.739
 251  80.247869  59.327972    49.547    49.547 21 57142.13912419 42.994
 252  80.247497  59.328206    50.383    50.406 21 57152.05475821 36.281
 253  80.249954  59.328436    51.513    51.569 21 57161.97038919 41.370
 254  80.250450  59.329327    51.606    51.579 21 57171.88604662 30.682
 255  80.236186  59.321997    51.514    51.533  4 57181.80169869 35.042
 256  80.216912  59.312758    51.500    51.505  5 57191.71734618 54.382
 257  80.236394  59.321658    50.904    50.886  4 57201.63299688 55.031
 258  80.251271  59.330146    49.443    49.448 21 57211.54863358 35.690
 259  80.248023  59.330488    47.669    47.407 21 57221.46427727 34.907
 260  80.252556  59.331938    45.264    45.275 22 57231.37992051 44.882
 261  80.250820  59.329526    45.345    44.961 21 57241.29556015 38.945
 262  80.236233  59.321581    44.639    44.637  4 57251.21119519 41.109
 263  80.236081  59.321415    45.983    45.376  4 57261.12683058 32.627
 264  80.246891  59.327139    44.381    44.350 20 57271.04246645 49.985
 265  80.252713  59.333058    44.379    44.131 22 57280.95812308 43.352
 266  80.254856  59.335043    44.553    44.219 24 57290.87377867 35.084
 267  80.249675  59.331676    47.010    46.488 22 57300.78942984 33.443
 268  80.250977  59.330146    46.041    45.878 21 57310.70507818 37.594
 269  80.250654  59.329745    45.446    45.466 21 57320.62072326 51.230
 270  80.249446  59.330749    45.539    45.529 22 57330.53636588 44.986
 271  80.251681  59.332979    44.739    44.690 21 57340.45200690 39.569
 272  80.257545  59.335692    45.176    45.143 24 57350.36765829 30.541
 273  80.267358  59.337122    45.553    45.537 12 57360.28330469 27.662
 276  80.216708  59.314116    45.928    45.817  5 57390.03021724 20.554
 277  80.249393  59.328663    46.770    46.785 21 57399.94585970 18.879
 278  80.255239  59.330434    47.033    47.001 17 57409.86149918 18.887
 279  80.260994  59.332738    47.555    47.563 16 57419.77715241 18.373
 280  80.250733  59.328950    47.531    47.571 21 57429.69280083 17.432
 281  80.249901  59.330503    47.099    47.152 21 57439.60844872 17.439
 282  80.254464  59.334828    46.861    47.027 23 57449.52409646 19.995
 283  80.257878  59.337550    48.821    48.824 24 57459.43974254 16.389
 284  80.256824  59.335969    44.312    44.005 24 57469.35538451 22.019
 285  80.259756  59.334058    45.492    44.719 16 57479.27102272 17.333
 286  80.217038  59.313537    45.511    45.342  5 57489.18665111 36.458
 287  80.216199  59.311380    49.291    49.355  3 57499.10228373 37.815
 288  80.215732  59.312129    94.239    96.980  3 57509.01792650  5.423
 289  80.249195  59.328416    50.083    50.099 21 57518.93358758 38.476
 290  80.251084  59.330023    50.524    50.515 21 57528.84924093 55.976
 291  80.247501  59.327380    50.462    50.450 21 57538.76489019 48.929
 292  80.216852  59.313513    50.019    50.122  5 57548.68053286 51.859
 293  80.236370  59.321728    49.282    49.406  4 57558.59618185 37.680
 294  80.250166  59.329197    47.892    47.878 21 57568.51182946 33.564
 295  80.252422  59.331738    46.795    46.813 22 57578.42747481 48.232
 296  80.251321  59.331667    47.611    46.955 21 57588.34311806 31.707
 297  80.253068  59.331677    46.556    46.522 22 57598.25875897 50.180
