# NaN NaN NaN ;Mean Elev.(m), Avg Gradient(m/km), RMS Gradient(m/km) - SRTM1     
#    7.821   0.244   2.674 ;Mean Elev.(m), Avg Gradient(m/km), RMS Gradient(m/km) - ASTER GDEM
#   11.020  -0.399   2.042 ;Mean Elev.(m), Avg Gradient(m/km), RMS Gradient(m/km) - GMTED2010 
   1  66.476431  62.344897    19.532    19.545  6 54659.32573790 44.617
   2  66.475198  62.344594    18.513    18.588  6 54669.24138392 40.419
   3  66.474854  62.345746   -12.848   -12.761  6 54679.15702815 12.093
   4  66.473399  62.346559    18.400    18.549  6 54689.07267104 30.632
   5  66.474906  62.346895   -10.533   -10.114  6 54698.98831203 15.704
   6  66.473968  62.345129    14.121    14.155  6 54708.90395537 52.595
   7  66.477384  62.344711    -3.356    -2.535  5 54718.81960711 17.498
   8  66.477699  62.343650    16.246    18.053  5 54728.73525595 29.894
   9  66.477569  62.343950    18.129    18.092  6 54738.65090340 28.241
  10  66.478307  62.345507    13.983    13.993  6 54748.56655103 40.841
  11  66.473936  62.345559    18.248    18.259  6 54758.48219775 27.026
  12  66.477529  62.346377    16.683    17.907  6 54768.39784306 30.207
  13  66.476896  62.344470    17.257    18.080  6 54778.31348430 34.825
  14  66.477901  62.342894    13.936    13.943  6 54788.22912325 34.524
  15  66.478130  62.342462    15.596    15.567  6 54798.14476115 49.852
  16  66.478490  62.343480    15.556    15.560  6 54808.06039911 41.388
  17  66.478197  62.344312    15.833    15.811  6 54817.97603645 32.570
  18  66.475145  62.344797    15.575    15.582  6 54827.89168671 26.841
  19  66.476614  62.346056    15.205    15.218  6 54837.80732588 21.685
  20  66.473432  62.346503    15.904    15.861  6 54847.72297492 17.433
  21  66.474187  62.348064    15.599    15.996  7 54857.63862395 17.557
  22  66.473497  62.349041    16.677    16.846  6 54867.55427290 16.560
  23  66.472454  62.348494    16.922    16.619  7 54877.46992099 15.946
  24  66.472532  62.346810    17.085    17.675  6 54887.38556601 14.683
  25  66.477533  62.346213    16.847    17.583  6 54897.30120820 14.740
  26  66.475758  62.344847    17.702    17.552  6 54907.21684700 15.066
  27  66.474211  62.344559    17.498    18.121  6 54917.13248466 13.330
  28  66.477692  62.345755    14.729    15.084  6 54927.04812277 15.814
  29  66.477063  62.344885    13.316    13.410  6 54936.96375963 18.687
  30  66.479342  62.343877    14.538    14.433  6 54946.87939492 30.917
  31  66.479919  62.341874    17.129    17.111  6 54956.79502827 32.302
  32  66.480336  62.342127    19.229    19.271  6 54966.71067689 26.916
  33  66.477893  62.342679    18.839    18.812  5 54976.62632440 25.113
  34  66.476156  62.343900    18.872    18.834  6 54986.54197209 26.685
  35  66.475670  62.344871    18.756    18.767  6 54996.45761998 25.155
  36  66.477165  62.345915    18.700    18.750  6 55006.37326641 29.926
  37  66.473928  62.345631    18.724    18.684  6 55016.28891005 29.373
  38  66.476133  62.347125    18.517    18.523  6 55026.20455292 26.839
  39  66.473430  62.347615    17.996    18.079  6 55036.12019472 48.961
  40  66.473025  62.347405    18.265    18.462  6 55046.03583577 30.023
  41  66.473073  62.345370    17.528    17.810  6 55055.95147482 31.755
  42  66.477383  62.343440    18.411    18.401  5 55065.86711197 24.438
  43  66.479150  62.343050    15.140    15.043  5 55075.78276092 50.356
  44  66.479382  62.344021    18.110    18.013  6 55085.69840889 23.497
  45  66.476244  62.344896    15.526    15.761  6 55095.61405498 30.310
  46  66.477125  62.345966    15.748    16.002  6 55105.52970125 33.615
  47  66.475346  62.344973    16.680    17.992  6 55115.44534680 32.765
  48  66.477712  62.344130    16.699    16.568  6 55125.36099034 29.402
  49  66.477972  62.343092    13.708    13.676  6 55135.27663103 35.146
  50  66.478025  62.342972    13.129    13.115  5 55145.19226961 46.206
  51  66.478607  62.344169    13.660    13.692  6 55155.10790761 39.773
  52  66.477259  62.344593    13.856    13.841  5 55165.02354558 37.172
  53  66.475279  62.344242    13.879    13.858  6 55174.93918317 27.466
  54  66.477415  62.344205    13.593    13.589  6 55184.85482341 23.332
  55  66.476419  62.345010    13.382    13.376  6 55194.77047449 21.805
  56  66.474986  62.346628    13.580    13.517  6 55204.68612439 15.570
  57  66.472340  62.347959    13.954    13.484  6 55214.60177353 15.760
  58  66.472022  62.348404    13.377    13.565  6 55224.51742232 15.430
  59  66.475639  62.347681    13.391    13.270  6 55234.43306954 15.143
  60  66.477134  62.345031    13.523    13.570  6 55244.34871308 15.397
  61  66.478758  62.343667    13.978    13.102  5 55254.26435375 13.587
  62  66.477771  62.344135    13.417    13.590  5 55264.17999245 13.481
  63  66.475496  62.345442    14.171    13.784  6 55274.09563014 13.285
  64  66.477809  62.346413    14.531    14.032  6 55284.01126766 13.794
  65  66.477986  62.344269    17.907    18.073  5 55293.92690316  8.446
  66  66.479052  62.341662    12.305    12.344  5 55303.84254016 18.664
  67  66.480541  62.341448    14.125    14.096  5 55313.75818767 32.963
  68  66.478543  62.342440    18.565    18.672  5 55323.67383302 25.149
  69  66.477578  62.344634    18.457    18.457  6 55333.58947737 30.236
  70  66.476543  62.346072    18.663    18.612  6 55343.50512150 33.427
  71  66.476460  62.345977    18.530    18.423  6 55353.42076511 31.366
  72  66.474210  62.344678    18.655    18.612  6 55363.33640624 31.724
  73  66.477977  62.345591    18.738    18.660  6 55373.25204630 29.762
  74  66.474183  62.345404    18.776    18.813  6 55383.16768419 31.101
  75  66.476054  62.346744    19.128    19.025  6 55393.08332195 29.861
  76  66.476979  62.346323    18.517    18.422  6 55402.99895796 25.700
  77  66.476148  62.344724    18.801    18.818  5 55412.91460960 53.838
  78  66.477399  62.342788    18.027    17.973  6 55422.83025856 51.048
  79  66.479704  62.342092    16.932    16.985  6 55432.74590515 31.026
  80  66.477644  62.342981    17.632    18.178  5 55442.66154971 28.269
  81  66.476264  62.344917    16.167    16.792  5 55452.57719302 29.451
  82  66.476749  62.346328    13.898    13.877  6 55462.49283569 38.558
  83  66.476911  62.344801    16.290    17.831  5 55472.40847618 30.982
  84  66.478147  62.342334    14.664    13.647  5 55482.32411381 32.441
  85  66.480956  62.341043    18.128    18.152  5 55492.23974946 23.087
  86  66.480910  62.341484    13.959    13.906  5 55502.15538329 48.827
  87  66.477225  62.343402    16.599    16.230  5 55512.07102831 29.052
  88  66.474239  62.345239    13.442    13.418  6 55521.98667775 44.469
  89  66.474152  62.346037    13.358    13.323  6 55531.90232603 35.951
  90  66.476868  62.346162    13.648    13.679  6 55541.81797287 25.071
  91  66.473800  62.344997    13.622    13.596  6 55551.73361700 24.831
  92  66.474464  62.346244    13.539    13.542  6 55561.64926037 23.652
  93  66.472156  62.346877    14.242    13.477  6 55571.56490271 20.008
  94  66.474161  62.347213    13.125    13.121  6 55581.48054429 19.621
  95  66.475023  62.344867    13.176    13.155  6 55591.39618232 19.240
  96  66.479122  62.342315    12.825    12.817  6 55601.31181738 19.397
  97  66.483107  62.341077    12.651    12.649  5 55611.22745034 19.617
  98  66.480948  62.340809    12.568    12.546  5 55621.14308231 19.079
  99  66.478499  62.343590    12.829    12.666  6 55631.05873514 17.448
 100  66.478001  62.345198    14.060    14.517  6 55640.97438595 16.926
 101  66.477532  62.344230    13.135    12.959  5 55650.89003382 17.846
 102  66.478898  62.342328    12.923    12.859  5 55660.80567809 47.031
 103  66.480701  62.341906    14.027    14.079  5 55670.72131928 33.756
 104  66.479237  62.342684    18.079    17.953  6 55680.63695862 40.694
 105  66.475660  62.343823    18.698    18.609  6 55690.55259603 28.287
 106  66.477027  62.345387    18.673    18.655  6 55700.46823236 23.004
 107  66.476167  62.345049    18.740    18.709  5 55710.38387209 35.544
 108  66.475430  62.344806    18.807    18.803  6 55720.29952216 29.529
 109  66.476589  62.345475    18.706    18.696  6 55730.21517025 44.993
 110  66.473703  62.345375    18.250    18.174  6 55740.13081652 42.859
 111  66.473162  62.345921    17.665    17.533  6 55750.04646181 47.245
 112  66.476641  62.346436    18.018    18.182  6 55759.96210507 26.553
 113  66.477522  62.344995    17.425    17.541  6 55769.87774504 26.909
 114  66.479258  62.342923    17.448    18.006  6 55779.79338171 26.760
 115  66.480558  62.341434    18.049    18.050  6 55789.70901590 20.080
 116  66.481372  62.341432    15.831    15.939  6 55799.62464910 23.952
 117  66.479706  62.343030    17.804    17.944  5 55809.54029628 24.139
 118  66.477666  62.344095    16.450    16.842  5 55819.45594526 30.518
 119  66.476981  62.343356    14.289    14.283  6 55829.37158971 42.398
 120  66.479138  62.342029    14.090    14.030  5 55839.28722989 43.215
 121  66.481235  62.341286    16.986    17.587  6 55849.20286701 25.411
 122  66.481183  62.341937    17.884    17.902  6 55859.11850200 23.233
 123  66.479066  62.344311    15.459    15.212  6 55869.03415070 22.185
 124  66.476038  62.345844    12.839    12.832  6 55878.94980190 39.711
 125  66.476382  62.346364    13.102    13.131  6 55888.86544666 31.897
 126  66.475366  62.345172    12.977    12.970  6 55898.78108534 29.000
 127  66.476205  62.344245    13.042    13.029  6 55908.69671934 24.845
 128  66.475036  62.344957    13.057    13.025  6 55918.61236870 20.172
 129  66.476286  62.346184    13.090    13.067  6 55928.52802199 18.933
 130  66.477200  62.345971    13.139    12.922  6 55938.44367155 16.803
 131  66.476209  62.344073    13.322    13.376  6 55948.35931584 16.710
 132  66.478946  62.343395    13.583    13.572  6 55958.27495607 15.848
 133  66.477949  62.342707    13.147    13.183  6 55968.19059345 15.792
 134  66.477830  62.343157    12.364    12.355  6 55978.10623009 16.224
 135  66.478073  62.343305    12.680    12.378  5 55988.02186605 15.708
 136  66.479886  62.343361    13.381    13.405  6 55997.93750617 15.278
 137  66.478084  62.342766    13.918    13.865  5 56007.85315703 14.641
 138  66.479744  62.342949    19.088    19.054  5 56017.76880413  8.937
 139  66.478975  62.343573    12.155    12.166  6 56027.68444821 45.529
 140  66.475272  62.344090    16.088    16.225  6 56037.60009042 33.118
 141  66.476047  62.345423    17.784    17.524  5 56047.51573122 33.026
 142  66.476932  62.345980    17.595    17.772  6 56057.43136916 36.880
 143  66.478011  62.345280    18.000    17.996  6 56067.34700263 26.902
 144  66.477253  62.345603    17.876    17.983  6 56077.26265189 34.597
 145  66.473090  62.345415    17.527    17.711  6 56087.17830033 44.364
 146  66.475236  62.346476    17.521    17.633  6 56097.09394697 31.068
 147  66.476939  62.346243    16.925    17.227  6 56107.00959123 28.854
 148  66.476946  62.344393    14.591    14.459  6 56116.92522076 40.394
 149  66.478568  62.342798    16.859    17.852  5 56126.84085834 24.116
 150  66.479287  62.341584    13.122    13.083  5 56136.75649209 39.193
 151  66.479414  62.342555    13.648    12.708  5 56146.67213653 29.891
 152  66.478073  62.343827    12.656    12.554  5 56156.58778607 35.697
 153  66.477691  62.344618    13.141    12.132  6 56166.50343475 40.639
 154  66.477487  62.344116    15.086    16.007  6 56176.41908092 31.560
 155  66.477255  62.342941    15.314    15.432  6 56186.33472208 29.003
 156  66.478358  62.342489    13.447    12.471  6 56196.25035967 41.058
 157  66.478985  62.343198    12.451    12.422  5 56206.16599428 40.007
 158  66.479234  62.344422    15.539    16.527  6 56216.08162736 34.790
 159  66.476929  62.344939    16.911    17.825  6 56225.99726721 29.585
 160  66.475964  62.345462    12.808    12.881  6 56235.91292232 49.325
 161  66.477772  62.345906    12.539    12.482  6 56245.82857381 33.975
 162  66.473928  62.344956    13.052    13.068  6 56255.74421956 28.593
 163  66.475097  62.346091    13.168    13.052  6 56265.65986221 21.743
 164  66.473632  62.346263    13.305    13.310  6 56275.57550285 18.606
 165  66.475603  62.346193    14.381    14.542  6 56285.49114906 18.033
 166  66.475634  62.344329    13.434    12.697  6 56295.40679941 18.336
 167  66.477646  62.342897    12.980    12.721  5 56305.32244584 16.352
 168  66.479614  62.343280    13.680    13.316  6 56315.23808889 15.641
 169  66.476465  62.344117    13.309    12.660  6 56325.15372954 15.417
 170  66.473780  62.344802    13.056    13.071  6 56335.06936934 15.402
 171  66.476865  62.345032    12.867    12.735  5 56344.98500862 14.142
 172  66.479877  62.343601    13.053    12.991  6 56354.90064537 13.455
 173  66.480044  62.342469    13.644    13.592  6 56364.81629028 13.595
 174  66.480028  62.343471    13.146    13.183  6 56374.73193919 12.829
 176  66.474310  62.346968    18.429    18.659  7 56394.56322891 11.172
 177  66.472235  62.346940    12.049    12.046  6 56404.47887072 29.731
 178  66.474048  62.346381    14.241    14.250  6 56414.39450979 41.503
 179  66.475043  62.344334    18.267    18.265  6 56424.31014370 32.571
 180  66.476496  62.344684    18.523    18.550  6 56434.22578975 30.889
 181  66.473343  62.345502    18.705    18.764  6 56444.14144167 30.242
 182  66.473572  62.347231    19.565    19.624  7 56454.05709144 54.816
 183  66.473982  62.346910    18.885    18.955  6 56463.97273819 31.294
 184  66.475006  62.344841    19.018    19.010  6 56473.88838135 32.004
 185  66.478300  62.342832    19.834    19.778  6 56483.80402134 52.692
 186  66.478832  62.341999    19.794    19.747  6 56493.71965798 39.480
 187  66.479343  62.343165    19.103    19.080  5 56503.63529267 25.406
 188  66.476355  62.343492    18.732    18.726  6 56513.55092540 39.049
 189  66.476587  62.344400    18.564    18.604  5 56523.46657552 25.797
 190  66.477050  62.343686    17.251    17.291  6 56533.38222749 25.875
 192  66.477128  62.342961    15.455    14.113  6 56553.21352044 28.828
 193  66.474843  62.344772    16.253    16.490  6 56563.12916315 30.304
 194  66.473216  62.346859    15.132    15.415  6 56573.04480465 35.038
 195  66.473746  62.347616    13.437    13.490  7 56582.96044401 38.987
 196  66.474839  62.345670    13.266    13.233  6 56592.87607863 29.787
 197  66.474921  62.344564    14.034    14.017  6 56602.79173003 42.455
 198  66.476522  62.344870    14.780    14.823  6 56612.70737938 36.688
 199  66.477915  62.346421    16.087    16.066  6 56622.62302464 49.946
 200  66.476301  62.346921    15.749    15.781  6 56632.53866663 32.979
 201  66.475706  62.345808    16.109    16.099  6 56642.45430415 28.715
 202  66.476952  62.344285    16.148    16.173  5 56652.36995407 25.890
 203  66.479352  62.343179    15.955    15.968  5 56662.28560385 24.212
 204  66.479569  62.343024    15.673    15.640  5 56672.20125056 27.569
 205  66.475259  62.344013    17.032    17.141  6 56682.11689525 18.251
 206  66.474941  62.345720    16.815    16.730  6 56692.03253832 16.382
 207  66.475625  62.345828    17.188    17.838  6 56701.94817734 16.303
 208  66.477033  62.343749    18.156    18.100  5 56711.86381123 17.136
 209  66.478716  62.343261    17.425    18.080  5 56721.77945670 17.422
 210  66.477601  62.344081    17.099    17.017  6 56731.69510815 17.454
 211  66.476440  62.346582    19.220    19.219  6 56741.61075616  8.420
 212  66.473172  62.348042    18.586    18.492  6 56751.52639960 11.092
 213  66.473232  62.348168    18.708    18.660  7 56761.44203808 10.329
 214  66.473084  62.345766    14.813    14.817  6 56771.35766954 26.706
 215  66.474825  62.345571    18.075    18.026  6 56781.27332482 35.863
 216  66.473764  62.345441    19.039    18.981  6 56791.18897940 31.551
 217  66.474151  62.346835    18.897    18.888  7 56801.10463120 34.623
 218  66.473139  62.347481    19.266    19.238  7 56811.02027569 36.390
 219  66.475533  62.347530    19.986    19.773  6 56820.93591584 35.028
 220  66.477871  62.345635    19.560    19.466  6 56830.85155170 28.437
 221  66.478854  62.342717    19.406    19.353  6 56840.76718408 30.447
 222  66.479865  62.341738    19.403    19.307  5 56850.68281996 27.291
 223  66.476497  62.343229    19.224    19.182  6 56860.59847433 29.496
 224  66.475619  62.345681    19.407    19.397  6 56870.51412832 44.871
 225  66.474900  62.346602    18.657    18.680  6 56880.42977945 27.446
 226  66.473272  62.345622    17.598    17.534  6 56890.34542663 32.586
 227  66.473693  62.344835    18.476    18.616  6 56900.26107114 33.968
 228  66.473170  62.345427    18.072    18.434  6 56910.17671357 34.030
 229  66.474160  62.347222    18.090    18.387  7 56920.09235455 34.865
 230  66.472433  62.347911    16.343    16.570  6 56930.00799301 31.919
 231  66.474617  62.347728    17.898    18.219  6 56939.92362694 29.442
 232  66.472988  62.345482    18.446    18.419  6 56949.83926390 29.830
 233  66.475178  62.345420    15.238    15.317  6 56959.75491626 46.324
 234  66.476826  62.345732    14.894    14.928  6 56969.67056359 44.017
 235  66.477548  62.346065    15.872    15.866  6 56979.58620698 35.247
 236  66.477016  62.345699    16.261    16.245  6 56989.50184578 30.498
 237  66.477677  62.344219    16.068    16.051  5 56999.41747829 25.321
 238  66.478509  62.344052    15.567    15.580  6 57009.33313095 21.961
 239  66.476634  62.343102    14.857    14.846  6 57019.24878325 22.915
 240  66.478559  62.344037    14.090    14.065  6 57029.16443296 20.715
 241  66.476981  62.344856    13.868    13.785  5 57039.08008059 19.282
 242  66.475400  62.345571    15.298    14.498  6 57048.99572585 16.749
 243  66.477452  62.346080    14.359    13.716  6 57058.91136747 18.465
 244  66.477030  62.344843    13.699    13.691  6 57068.82700302 17.166
 245  66.476693  62.343778    13.633    13.653  6 57078.74263434 17.650
 246  66.477305  62.344195    15.847    16.106  6 57088.65827007 16.463
 247  66.475212  62.346441    19.091    19.136  6 57098.57392854 13.631
 248  66.474859  62.348277    18.119    17.944  6 57108.48958418 12.821
 249  66.473413  62.347758    19.473    19.625  6 57118.40523428  7.682
 250  66.474737  62.346892    13.710    13.431  6 57128.32087848 18.807
 251  66.473324  62.345313    14.493    14.562  6 57138.23651682 29.383
 252  66.477342  62.345684    18.671    18.664  6 57148.15215198 36.255
 253  66.476399  62.344546    19.341    19.353  5 57158.06778390 38.731
 254  66.475482  62.344031    19.020    19.035  6 57167.98343108 30.502
 255  66.476734  62.344318    19.763    19.711  5 57177.89908733 27.203
 256  66.476973  62.343941    20.312    20.327  5 57187.81473936 45.579
 257  66.477694  62.344260    20.655    20.673  6 57197.73038746 44.657
 258  66.474884  62.344322    20.148    20.117  6 57207.64602165 31.105
 259  66.475092  62.345314    20.674    20.694  6 57217.56166653 29.922
 260  66.475704  62.345581    20.793    20.827  5 57227.47731035 30.293
 261  66.476109  62.345137    20.510    20.546  6 57237.39295196 32.118
 262  66.477534  62.344859    19.986    20.058  6 57247.30859026 28.623
 263  66.478309  62.345101    19.006    18.973  6 57257.22422595 28.332
 264  66.476940  62.345631    17.651    17.646  6 57267.13986022 53.010
 265  66.475066  62.346524    17.475    17.547  7 57277.05550647 33.045
 266  66.474376  62.347119    15.998    15.967  7 57286.97116298 44.661
 267  66.474078  62.346458    16.259    15.859  6 57296.88681649 52.453
 268  66.476558  62.346199    18.426    18.424  6 57306.80246669 27.033
 269  66.476852  62.346378    15.745    15.683  6 57316.71811300 31.778
 270  66.474862  62.346612    16.174    16.306  7 57326.63375592 51.632
 271  66.473672  62.346553    16.435    16.329  6 57336.54939685 48.140
 272  66.474279  62.346059    17.155    17.186  6 57346.46504421 37.811
 273  66.477638  62.345438    17.437    17.464  6 57356.38069170 32.370
 274  66.477748  62.344057    17.661    17.665  5 57366.29633517 31.357
 275  66.478253  62.344014    17.536    17.554  6 57376.21197547 26.262
 276  66.476825  62.344548    17.291    17.344  5 57386.12761370 21.530
 277  66.477183  62.345123    17.068    17.070  6 57396.04325148 20.732
 278  66.477233  62.344487    16.657    16.647  6 57405.95888804 19.829
 279  66.477735  62.344196    17.007    16.581  5 57415.87453765 13.522
 280  66.477736  62.344577    16.183    16.088  6 57425.79018884 14.708
 281  66.477637  62.346311    15.679    15.679  6 57435.70583727 14.204
 282  66.473176  62.347591    18.695    18.747  6 57445.62148362 12.636
 283  66.472376  62.348831    18.120    18.099  6 57455.53712953 13.394
 284  66.472451  62.348084    18.599    18.549  6 57465.45277326 15.031
 285  66.476831  62.346308    17.825    18.108  6 57475.36841345 14.444
 286  66.477460  62.343832    14.863    14.894  5 57485.28404975 41.624
 287  66.478759  62.343435    15.777    15.263  6 57495.19968364 31.398
 288  66.476342  62.343560    18.610    18.639  6 57505.11531602 31.840
 289  66.475799  62.345581    18.714    18.725  5 57515.03097254 28.090
 290  66.476369  62.345450    19.401    19.355  6 57524.94662657 53.149
 291  66.477408  62.343800    19.393    19.388  6 57534.86227814 29.836
 292  66.479036  62.343012    19.990    20.000  6 57544.77792695 47.139
 293  66.478822  62.343843    19.046    19.039  6 57554.69357359 29.876
 294  66.477608  62.345755    18.864    18.948  6 57564.60921882 29.618
 295  66.474759  62.346516    19.930    19.997  7 57574.52486319 33.332
 296  66.476697  62.346809    19.358    19.363  6 57584.44050747 25.032
 297  66.478096  62.345915    18.586    18.756  6 57594.35614954 28.618
