-147119.150   149.964     0.00    8.67
-146832.346   150.609     2.25    8.87
-146545.553   151.191     2.03    9.23
-146258.770   151.594     1.41    8.77
-145971.997   152.611     3.55    8.71
-145685.235   151.641    -3.38    9.37
-145398.483   149.676    -6.85    9.30
-145111.742   146.623   -10.65   10.16
-144825.011   143.291   -11.62   10.07
-144538.290   141.231    -7.19    9.56
-144251.579   138.839    -8.34    8.94
-143964.879   136.801    -7.11    8.07
-143678.190   135.595    -4.21    7.99
-143391.510   135.000    -2.08    7.69
-143104.841   135.283     0.99    7.51
-142818.183   134.995    -1.01    7.42
-142531.534   134.305    -2.41    7.22
-142244.897   133.416    -3.10    7.54
-141958.269   131.218    -7.67    7.64
-141671.652   128.387    -9.87    8.13
-141385.045   124.693   -12.89    9.01
-141098.448   120.673   -14.02    9.39
-140811.862   116.854   -13.33    9.08
-140525.286   113.221   -12.67    9.28
-140238.721   109.950   -11.42    9.91
-139952.166   107.336    -9.12   10.55
-139665.621   104.693    -9.22    9.85
-139379.086   102.931    -6.15   10.23
-139092.562   100.820    -7.37    9.51
-138806.048    98.646    -7.59    8.45
-138519.545    96.186    -8.59    7.26
-138233.051    93.626    -8.93    7.10
-137946.568    91.233    -8.35    6.91
-137660.096    90.722    -1.78    6.67
-137373.634    91.350     2.19    7.12
-137087.182    93.186     6.41    7.51
-136800.740    94.491     4.56    7.74
-136514.309    95.541     3.67    7.43
-136227.888    95.064    -1.67    7.95
-135941.477    92.932    -7.44    9.36
-135655.077    88.770   -14.53    9.43
-135368.687    84.187   -16.00    8.60
-135082.307    80.193   -13.95    8.43
-134795.938    76.652   -12.36    8.29
-134509.579    73.140   -12.27    9.00
-134223.230    69.678   -12.09    9.66
-133936.892    65.130   -15.88    9.72
-133650.564    62.474    -9.28    9.84
-133364.246    59.503   -10.38   10.03
-133077.938    57.596    -6.66    9.93
-132791.641    55.205    -8.35    9.23
-132505.354    52.742    -8.60    8.61
-132219.077    50.824    -6.70    8.51
-131932.811    48.757    -7.22    7.44
-131646.555    47.074    -5.88    5.85
-131360.309    46.618    -1.59    5.52
-131074.074    46.633     0.05    5.98
-130787.849    47.120     1.70    6.15
-130501.634    48.300     4.12    6.29
-130215.429    48.768     1.64    6.00
-129929.235    50.104     4.67    7.23
-129643.051    51.482     4.82    8.72
-129356.877    53.335     6.47    9.77
-129070.714    56.557    11.26   11.09
-128784.560    59.536    10.41   10.58
-128498.417    62.057     8.81   10.39
-128212.285    64.254     7.68    9.68
-127926.163    65.977     6.02    8.49
-127640.050    66.436     1.60    8.26
-127353.949    66.192    -0.85    7.82
-127067.857    65.664    -1.85    7.58
-126781.776    65.850     0.65    6.72
-126495.705    66.641     2.77    6.47
-126209.644    68.602     6.85    7.58
-125923.594    71.984    11.83    9.25
-125637.554    76.138    14.52   10.08
-125351.524    81.136    17.47   10.00
-125065.504    85.857    16.51    8.84
-124779.495    89.760    13.65    6.74
-124493.496    91.972     7.74    5.42
-124207.507    92.457     1.70    4.83
-123921.528    90.781    -5.86    7.23
-123635.560    87.073   -12.97   10.15
-123349.602    82.871   -14.69   11.32
-123063.654    77.403   -19.12   11.24
-122777.716    72.865   -15.87    9.34
-122491.789    69.321   -12.39    6.86
-122205.872    67.372    -6.81    4.96
-121919.965    66.702    -2.34    5.16
-121634.068    66.454    -0.87    5.30
-121348.182    66.276    -0.62    5.57
-121062.306    65.778    -1.74    5.50
-120776.440    65.178    -2.10    5.78
-120490.584    64.458    -2.52    6.45
-120204.739    63.824    -2.22    7.05
-119918.904    63.379    -1.56    7.31
-119633.079    63.928     1.92    8.53
-119347.264    63.423    -1.77    8.75
-119061.460    64.220     2.79    9.72
-118775.665    65.157     3.28    9.72
-118489.881    66.992     6.42    9.77
-118204.108    69.163     7.60    9.74
-117918.344    71.753     9.06    9.15
-117632.591    74.407     9.29    8.06
-117346.848    75.931     5.33    6.49
-117061.115    75.454    -1.67    6.77
-116775.392    72.683    -9.70    9.03
-116489.680    67.633   -17.67   11.15
-116203.978    62.401   -18.32   11.66
-115918.286    56.542   -20.51   11.16
-115632.604    51.577   -17.38    9.23
-115346.932    47.757   -13.37    7.57
-115061.271    45.291    -8.63    6.16
-114775.620    43.487    -6.32    5.43
-114489.979    42.543    -3.30    4.67
-114204.348    41.646    -3.14    4.25
-113918.728    41.009    -2.23    4.44
-113633.118    39.615    -4.88    4.58
-113347.518    38.773    -2.95    4.64
-113061.928    37.854    -3.22    4.62
-112776.348    36.917    -3.28    4.38
-112490.779    35.928    -3.46    4.12
-112205.219    35.624    -1.07    4.21
-111919.670    35.765     0.49    4.56
-111634.131    35.897     0.46    5.06
-111348.603    36.215     1.11    5.66
-111063.084    36.802     2.06    6.11
-110777.576    37.217     1.45    5.89
-110492.078    37.879     2.32    5.48
-110206.590    38.421     1.90    4.81
-109921.112    38.641     0.77    4.03
-109635.645    38.451    -0.66    3.46
-109350.187    38.208    -0.85    3.01
-109064.740    38.291     0.29    2.91
-108779.303    38.839     1.92    3.05
-108493.876    39.462     2.18    3.65
-108208.460    40.782     4.62    4.81
-107923.053    42.637     6.50    6.01
-107637.072    45.172     8.87    6.97
-107349.374    48.796    12.60    7.87
-107061.687    52.760    13.78    8.08
-106774.011    56.264    12.18    8.31
-106486.347    60.223    13.76    7.00
-106198.693    62.586     8.21    6.19
-105911.051    64.817     7.76    5.07
-105623.420    66.357     5.36    4.32
-105335.800    68.017     5.77    4.36
-105048.192    69.753     6.04    4.08
-104760.594    71.077     4.60    3.74
-104473.008    72.298     4.25    3.37
-104185.433    73.528     4.28    2.84
-103897.869    74.087     1.94    2.55
-103610.316    73.646    -1.53    2.46
-103322.774    73.148    -1.73    2.89
-103035.244    72.275    -3.04    3.13
-102747.724    71.372    -3.14    3.30
-102460.216    70.887    -1.69    3.36
-102172.719    71.357     1.63    3.99
-101885.233    72.077     2.50    4.33
-101597.758    73.468     4.84    4.19
-101310.294    74.271     2.79    3.75
-101022.842    74.703     1.50    3.61
-100735.400    74.762     0.20    3.82
-100447.970    74.320    -1.53    4.22
-100160.551    73.297    -3.56    4.58
 -99873.143    71.386    -6.65    6.27
 -99585.746    70.022    -4.75    7.11
 -99298.360    67.800    -7.73    8.61
 -99010.985    65.744    -7.15    9.07
 -98723.622    64.431    -4.57    9.46
 -98436.270    63.054    -4.79    9.77
 -98148.928    62.117    -3.26    9.65
 -97861.598    61.105    -3.52    9.33
 -97574.279    59.835    -4.42    9.02
 -97286.971    58.846    -3.44    8.63
 -96999.674    56.956    -6.58    7.66
 -96712.389    55.876    -3.76    6.75
 -96425.114    54.622    -4.36    5.57
 -96137.851    53.372    -4.35    4.59
 -95850.598    53.379     0.02    4.98
 -95563.357    53.809     1.50    5.89
 -95276.127    55.416     5.59    7.80
 -94988.908    57.725     8.04    9.14
 -94701.700    60.720    10.43   10.22
 -94414.503    64.890    14.52   11.58
 -94127.318    68.162    11.39   11.37
 -93840.143    72.134    13.83   11.55
 -93552.980    74.928     9.73   10.71
 -93265.827    77.313     8.31    9.79
 -92978.686    78.943     5.68    8.81
 -92691.556    79.750     2.81    7.70
 -92404.436    80.724     3.39    7.28
 -92117.328    81.507     2.73    6.57
 -91830.231    81.995     1.70    6.22
 -91543.146    82.498     1.75    5.44
 -91256.071    82.865     1.28    5.11
 -90969.007    83.993     3.93    4.77
 -90681.954    85.201     4.21    4.21
 -90394.913    86.379     4.11    4.01
 -90107.882    87.693     4.58    3.59
 -89820.863    89.055     4.74    3.58
 -89533.855    90.507     5.06    3.37
 -89246.857    91.048     1.89    3.45
 -88959.871    91.463     1.45    3.55
 -88672.896    91.417    -0.16    3.77
 -88385.932    91.153    -0.92    4.11
 -88098.979    90.365    -2.75    4.42
 -87812.037    88.925    -5.02    4.70
 -87525.106    87.387    -5.36    5.05
 -87238.186    85.201    -7.62    5.65
 -86951.278    82.980    -7.74    5.89
 -86664.380    80.432    -8.88    6.16
 -86377.493    77.386   -10.62    5.94
 -86090.618    74.245   -10.95    5.67
 -85803.753    71.299   -10.27    5.48
 -85516.900    68.269   -10.56    5.68
 -85230.057    65.528    -9.56    6.20
 -84943.226    61.756   -13.15    6.99
 -84656.406    57.760   -13.93    7.50
 -84369.596    54.408   -11.69    8.31
 -84082.798    49.606   -16.75    9.01
 -83796.011    45.431   -14.56    9.42
 -83509.235    40.452   -17.36    9.96
 -83222.470    35.380   -17.69    9.64
 -82935.716    30.914   -15.57    9.18
 -82648.973    26.790   -14.38    7.47
 -82362.241    24.631    -7.53    6.30
 -82075.520    23.776    -2.98    5.97
 -81788.810    24.681     3.15    7.36
 -81502.111    28.147    12.09    9.76
 -81215.423    32.036    13.57   11.00
 -80928.746    37.069    17.56   11.26
 -80642.080    40.980    13.64    9.75
 -80355.425    43.513     8.84    8.25
 -80068.782    44.707     4.17    7.64
 -79782.149    44.920     0.74    7.60
 -79495.527    44.635    -1.00    8.23
 -79208.916    42.992    -5.73    8.52
 -78922.317    41.695    -4.52    9.42
 -78635.728    40.433    -4.41   10.17
 -78349.150    37.980    -8.56   10.73
 -78062.583    36.121    -6.48   11.04
 -77776.028    33.910    -7.72   10.18
 -77489.483    32.676    -4.31    8.63
 -77202.949    30.974    -5.94    7.44
 -76916.427    30.437    -1.87    7.00
 -76629.915    31.039     2.10    7.47
 -76343.414    31.997     3.34    7.76
 -76056.925    33.487     5.20    8.38
 -75770.446    33.394    -0.32    8.04
 -75483.978    33.089    -1.07    7.81
 -75197.522    32.865    -0.78    6.98
 -74911.076    33.157     1.02    6.97
 -74624.641    33.343     0.65    6.94
 -74338.217    34.517     4.10    7.05
 -74051.805    35.889     4.79    6.81
 -73765.403    38.350     8.59    6.75
 -73479.012    40.235     6.58    7.60
 -73192.632    41.645     4.93    8.49
 -72906.264    43.085     5.03    9.14
 -72619.906    45.094     7.02    9.86
 -72333.559    47.494     8.38   10.64
 -72047.223    50.828    11.64   11.86
 -71760.898    53.439     9.12   12.69
 -71474.584    57.976    15.85   13.17
 -71188.281    62.468    15.69   12.13
 -70901.989    65.591    10.91    9.27
 -70615.708    67.857     7.92    7.28
 -70329.438    69.865     7.01    5.45
 -70043.179    71.459     5.57    5.37
 -69756.931    72.824     4.77    4.74
 -69470.694    73.614     2.76    4.97
 -69184.468    75.004     4.86    5.25
 -68898.252    76.939     6.76    5.12
 -68612.048    78.796     6.49    4.49
 -68325.855    80.320     5.32    4.10
 -68039.672    81.784     5.12    3.47
 -67753.501    83.313     5.34    3.66
 -67467.340    85.483     7.58    4.79
 -67181.191    88.070     9.04    6.16
 -66895.052    90.477     8.41    6.57
 -66608.925    93.228     9.61    6.64
 -66322.808    96.328    10.83    5.80
 -66036.702    98.615     7.99    4.84
 -65750.607   100.169     5.43    3.97
 -65464.523   101.297     3.94    3.51
 -65178.450   102.537     4.33    3.34
 -64892.388   103.865     4.64    3.23
 -64606.337   104.886     3.57    3.41
 -64320.297   105.984     3.84    3.20
 -64034.268   107.128     4.00    3.16
 -63748.250   108.603     5.16    3.20
 -63462.242   110.051     5.06    2.89
 -63176.246   111.593     5.39    3.17
 -62890.260   112.933     4.69    3.33
 -62604.286   114.058     3.93    3.27
 -62318.322   114.910     2.98    3.13
 -62032.370   115.703     2.78    2.71
 -61746.428   116.350     2.26    2.75
 -61460.497   116.596     0.86    3.04
 -61174.577   117.033     1.53    3.82
 -60888.668   117.388     1.24    3.97
 -60602.770   117.831     1.55    5.01
 -60316.882   118.813     3.43    5.73
 -60031.006   119.777     3.37    5.64
 -59745.141   120.111     1.17    5.53
 -59459.286   120.044    -0.23    5.25
 -59173.442   119.657    -1.35    5.13
 -58887.610   119.268    -1.36    4.93
 -58601.788   117.723    -5.41    4.58
 -58315.977   116.314    -4.93    3.94
 -58030.177   115.154    -4.06    4.03
 -57744.388   113.480    -5.86    4.32
 -57458.610   112.186    -4.53    4.96
 -57172.842   110.143    -7.15    5.61
 -56887.086   107.698    -8.56    5.92
 -56601.340   105.017    -9.38    6.48
 -56315.605   101.959   -10.70    7.05
 -56029.882    98.688   -11.45    7.96
 -55744.169    95.762   -10.24    8.53
 -55458.467    92.425   -11.68   10.04
 -55172.776    88.920   -12.27   11.10
 -54887.095    85.788   -10.96   12.22
 -54601.426    81.538   -14.88   13.21
 -54315.767    77.343   -14.69   14.09
 -54030.120    73.044   -15.05   13.92
 -53744.483    69.203   -13.45   12.55
 -53458.857    65.628   -12.51   10.66
 -53173.242    62.091   -12.39    8.47
 -52887.638    59.284    -9.83    7.26
 -52602.045    56.607    -9.37    7.00
 -52316.462    53.703   -10.17    6.91
 -52030.891    51.425    -7.98    6.24
 -51745.330    49.034    -8.37    4.71
 -51459.780    47.051    -6.94    3.30
 -51174.241    46.087    -3.38    2.87
 -50888.713    44.893    -4.18    3.74
 -50603.196    43.342    -5.43    4.56
 -50317.690    41.409    -6.77    5.59
 -50032.194    39.068    -8.20    6.06
 -49746.709    36.842    -7.80    6.14
 -49461.236    34.357    -8.71    5.81
 -49175.773    32.656    -5.96    4.66
 -48890.321    32.053    -2.11    3.91
 -48604.879    31.602    -1.58    3.82
 -48319.449    31.365    -0.83    4.06
 -48034.029    31.207    -0.55    4.49
 -47748.620    31.133    -0.26    4.41
 -47463.222    31.622     1.71    4.75
 -47177.835    31.673     0.18    4.60
 -46892.459    31.021    -2.28    4.51
 -46607.094    30.491    -1.86    4.09
 -46321.739    30.748     0.90    3.62
 -46036.395    31.228     1.68    3.49
 -45750.211    31.683     1.59    2.78
 -45462.444    31.602    -0.28    2.62
 -45174.689    31.676     0.26    2.64
 -44886.946    31.639    -0.13    2.79
 -44599.215    30.846    -2.75    3.31
 -44311.496    29.580    -4.40    3.42
 -44023.788    28.574    -3.50    3.06
 -43736.092    28.142    -1.50    2.96
 -43448.408    28.009    -0.46    2.90
 -43160.736    28.298     1.00    2.57
 -42873.076    28.335     0.13    2.52
 -42585.428    28.221    -0.40    2.67
 -42297.791    27.708    -1.79    2.59
 -42010.167    27.636    -0.25    2.72
 -41722.554    27.828     0.67    3.26
 -41434.953    28.283     1.58    3.59
 -41147.363    28.523     0.83    3.63
 -40859.786    28.271    -0.87    3.82
 -40572.220    28.797     1.83    3.45
 -40284.667    28.990     0.67    3.51
 -39997.125    28.656    -1.16    3.47
 -39709.594    27.799    -2.98    3.14
 -39422.076    26.763    -3.60    3.93
 -39134.570    25.583    -4.10    5.77
 -38847.075    23.565    -7.02    7.65
 -38559.592    20.433   -10.90    8.82
 -38272.121    17.437   -10.42    8.95
 -37984.662    14.517   -10.16    8.43
 -37697.214    11.598   -10.15    6.75
 -37409.778     9.850    -6.08    4.77
 -37122.354     8.567    -4.46    2.42
 -36834.942     8.141    -1.48    1.08
 -36547.542     8.061    -0.28    1.01
 -36260.154     8.081     0.07    1.01
 -35972.777     8.120     0.14    1.07
 -35685.412     8.054    -0.23    1.50
 -35398.059     7.472    -2.02    2.33
 -35110.717     7.365    -0.37    2.55
 -34823.388     7.104    -0.91    2.91
 -34536.070     6.818    -1.00    3.30
 -34248.764     6.283    -1.86    3.54
 -33961.470     5.742    -1.88    3.67
 -33674.187     4.763    -3.41    3.73
 -33386.917     4.276    -1.70    3.61
 -33099.658     3.938    -1.18    3.51
 -32812.411     4.183     0.85    3.65
 -32525.175     5.069     3.08    3.89
 -32237.952     5.971     3.14    3.92
 -31950.740     6.897     3.22    3.73
 -31663.540     7.789     3.11    3.30
 -31376.352     8.380     2.06    2.79
 -31089.175     8.771     1.36    2.37
 -30802.010     9.386     2.14    1.43
 -30514.857     9.512     0.44    1.43
 -30227.716     9.663     0.53    1.38
 -29940.587     9.850     0.65    1.32
 -29653.469     9.839    -0.04    1.35
 -29366.363     9.960     0.42    1.41
 -29079.269     9.986     0.09    1.34
 -28792.186    10.029     0.15    1.33
 -28505.115    10.089     0.21    1.53
 -28218.056     9.936    -0.53    1.82
 -27931.009    10.036     0.35    2.02
 -27643.973    10.298     0.91    1.96
 -27356.950    10.335     0.13    2.01
 -27069.938    10.529     0.67    2.04
 -26782.937     9.468    -3.70    3.72
 -26495.949     7.895    -5.48    5.12
 -26208.972     5.948    -6.78    5.80
 -25922.007     4.572    -4.80    5.68
 -25635.053     4.643     0.25    5.74
 -25348.112     5.107     1.62    5.90
 -25061.182     6.215     3.86    5.95
 -24774.263     8.096     6.56    5.43
 -24487.357    10.104     7.00    3.98
 -24200.462    11.335     4.29    1.63
 -23913.579    11.486     0.53    1.58
 -23626.707    11.320    -0.58    1.66
 -23339.848    11.184    -0.47    1.67
 -23053.000    10.993    -0.67    1.70
 -22766.164    10.891    -0.36    1.69
 -22479.339    10.794    -0.34    1.63
 -22192.526    10.596    -0.69    1.60
 -21905.725    10.477    -0.42    1.56
 -21618.936    10.409    -0.24    1.52
 -21332.158    10.403    -0.02    1.36
 -21045.392    10.350    -0.18    1.16
 -20758.637    10.418     0.24    0.99
 -20471.895    10.843     1.48    1.36
 -20185.164    11.824     3.42    2.61
 -19898.444    13.508     5.87    4.24
 -19611.737    15.810     8.03    5.55
 -19325.041    18.357     8.88    5.83
 -19038.357    20.923     8.95    5.09
 -18751.684    22.979     7.17    3.72
 -18465.023    24.372     4.86    2.14
 -18178.374    25.087     2.49    1.38
 -17891.737    25.131     0.15    1.40
 -17605.111    25.165     0.12    1.40
 -17318.497    25.177     0.04    1.35
 -17031.894    24.494    -2.38    3.52
 -16745.303    21.545   -10.29    8.44
 -16458.724    19.747    -6.28    9.67
 -16172.157    18.865    -3.08   10.11
 -15885.601    18.116    -2.61   10.33
 -15599.057    18.478     1.26    9.85
 -15312.524    19.365     3.09    9.09
 -15026.004    21.891     8.82    6.29
 -14739.494    23.703     6.33    1.14
 -14452.997    23.861     0.55    1.15
 -14166.511    23.824    -0.13    1.10
 -13880.037    23.894     0.25    1.12
 -13593.574    23.857    -0.13    1.10
 -13307.123    23.820    -0.13    1.05
 -13020.684    23.839     0.06    1.01
 -12734.256    23.832    -0.02    0.98
 -12447.840    23.920     0.31    0.95
 -12161.436    23.981     0.21    0.94
 -11875.043    24.046     0.22    0.90
 -11588.662    24.156     0.39    0.94
 -11302.293    24.254     0.34    1.03
 -11015.935    24.448     0.68    0.98
 -10729.589    24.666     0.76    1.12
 -10443.255    24.914     0.87    1.17
 -10156.932    25.143     0.80    1.18
  -9870.620    25.350     0.72    1.21
  -9584.321    25.553     0.71    1.17
  -9298.033    25.712     0.56    1.24
  -9011.756    25.887     0.61    1.32
  -8725.492    25.828    -0.21    1.44
  -8439.238    25.661    -0.58    1.53
  -8152.997    25.569    -0.32    1.69
  -7866.767    25.372    -0.69    1.68
  -7580.549    25.264    -0.38    1.65
  -7294.342    25.163    -0.35    1.66
  -7008.147    25.059    -0.37    1.50
  -6721.963    24.944    -0.40    1.44
  -6435.791    24.891    -0.18    1.37
  -6149.631    24.791    -0.35    1.35
  -5863.483    24.759    -0.11    1.31
  -5577.345    24.718    -0.14    1.34
  -5291.220    24.651    -0.23    1.33
  -5005.106    24.598    -0.18    1.30
  -4719.004    24.604     0.02    1.29
  -4432.913    24.645     0.15    1.24
  -4146.834    24.582    -0.22    1.17
  -3860.767    24.686     0.36    1.27
  -3574.711    24.613    -0.26    1.26
  -3288.666    24.698     0.30    1.31
  -3002.634    24.794     0.33    1.36
  -2716.612    24.846     0.18    1.31
  -2430.603    24.831    -0.05    1.37
  -2144.605    23.283    -5.41    5.73
  -1858.618    20.060   -11.27    9.49
  -1572.643    15.741   -15.10   11.71
  -1286.680    11.592   -14.51   12.28
  -1000.729     7.429   -14.56   11.41
   -714.788     3.645   -13.23    9.17
   -428.860     1.261    -8.34    6.18
   -142.943     2.106     2.95    7.14
    142.963     5.135    10.60    9.72
    428.857     8.291    11.04   10.77
    714.739    11.535    11.35   10.96
   1000.610    14.992    12.10    9.94
   1286.469    18.539    12.41    7.62
   1572.316    21.263     9.53    3.24
   1858.153    21.507     0.85    2.62
   2143.977    21.402    -0.37    2.58
   2429.790    21.275    -0.44    2.56
   2715.591    21.162    -0.39    2.56
   3001.381    21.054    -0.38    2.57
   3287.160    20.996    -0.20    2.70
   3572.927    19.710    -4.50    5.51
   3858.682    19.372    -1.18    5.58
   4144.425    19.133    -0.84    5.51
   4430.158    19.032    -0.35    5.03
   4715.878    18.313    -2.51    4.66
   5001.587    17.585    -2.55    4.12
   5287.285    16.162    -4.98    4.27
   5572.971    14.415    -6.11    4.48
   5858.646    12.077    -8.18    5.22
   6144.309     9.861    -7.76    5.26
   6429.960     8.986    -3.06    4.95
   6715.600     8.820    -0.58    4.86
   7001.228     8.959     0.48    4.66
   7286.845     9.401     1.55    4.33
   7572.451    10.156     2.64    3.66
   7858.044    11.237     3.79    2.07
   8143.627    11.524     1.00    1.19
   8429.198    11.462    -0.22    1.19
   8714.757    11.491     0.10    1.17
   9000.305    11.570     0.28    1.17
   9285.841    11.732     0.57    1.19
   9571.366    11.876     0.50    1.20
   9856.879    12.014     0.48    1.15
  10142.381    12.012    -0.01    1.17
  10427.871    11.964    -0.17    1.12
  10713.350    11.970     0.02    1.13
  10998.817    11.812    -0.55    1.20
  11284.273    11.774    -0.13    1.19
  11569.717    11.729    -0.16    1.19
  11855.150    11.701    -0.10    1.15
  12140.571    11.709     0.03    1.14
  12425.981    11.794     0.30    1.20
  12711.380    11.765    -0.10    1.17
  12996.766    11.688    -0.27    1.08
  13282.142    11.664    -0.09    1.08
  13567.506    11.638    -0.09    1.08
  13852.858    11.922     1.00    1.61
  14138.199    13.312     4.87    4.08
  14423.528    15.520     7.74    6.31
  14708.846    18.135     9.16    7.40
  14994.153    21.168    10.63    7.73
  15279.448    24.357    11.18    7.05
  15564.732    26.365     7.04    5.01
  15850.004    27.683     4.62    3.11
  16136.402    27.289    -1.38    2.89
  16424.246    27.065    -0.78    2.71
  16712.076    27.176     0.38    2.65
  16999.895    26.719    -1.58    2.76
  17287.701    25.876    -2.93    3.18
  17575.494    24.883    -3.45    3.87
  17863.275    24.227    -2.28    3.99
  18151.043    24.074    -0.53    4.03
  18438.798    23.887    -0.65    4.17
  18726.542    23.604    -0.99    4.21
  19014.272    23.098    -1.76    4.37
  19301.991    22.485    -2.13    4.76
  19589.696    21.922    -1.96    4.88
  19877.390    20.948    -3.39    4.62
  20165.070    20.532    -1.45    4.33
  20452.739    20.426    -0.37    4.43
  20740.394    20.947     1.81    4.97
  21028.038    21.979     3.59    5.01
  21315.668    23.306     4.61    4.09
  21603.287    23.824     1.80    3.38
  21890.892    23.227    -2.08    3.69
  22178.486    23.044    -0.64    3.90
  22466.067    22.898    -0.51    4.07
  22753.635    22.083    -2.84    3.93
  23041.191    21.786    -1.03    3.76
  23328.734    21.794     0.03    3.86
  23616.265    21.446    -1.21    4.28
  23903.784    20.790    -2.28    4.94
  24191.290    19.182    -5.59    5.63
  24478.783    17.269    -6.65    5.78
  24766.264    15.577    -5.89    5.49
  25053.733    14.133    -5.03    4.72
  25341.189    12.688    -5.02    3.07
  25628.633    12.126    -1.96    1.72
  25916.064    13.388     4.39    3.88
  26203.483    15.031     5.72    5.42
  26490.889    16.820     6.22    6.15
  26778.283    18.452     5.68    6.04
  27065.665    20.668     7.71    5.88
  27353.034    22.722     7.15    4.89
  27640.390    23.771     3.65    3.79
  27927.734    23.721    -0.17    3.22
  28215.066    22.963    -2.64    3.22
  28502.385    22.463    -1.74    3.33
  28789.692    21.757    -2.46    3.56
  29076.987    21.127    -2.19    3.64
  29364.269    20.787    -1.18    3.73
  29651.538    20.221    -1.97    3.86
  29938.795    20.102    -0.42    3.84
  30226.040    20.623     1.81    3.86
  30513.272    20.943     1.11    3.84
  30800.492    21.456     1.79    3.63
  31087.699    21.666     0.73    3.48
  31374.894    22.197     1.85    3.18
  31662.077    22.408     0.73    2.99
  31949.247    22.342    -0.23    2.99
  32236.405    22.153    -0.66    3.08
  32523.550    22.282     0.45    3.09
  32810.683    22.157    -0.44    3.42
  33097.804    21.968    -0.66    3.56
  33384.912    21.524    -1.54    3.51
  33672.008    21.313    -0.73    3.65
  33959.091    21.508     0.68    3.81
  34246.162    21.313    -0.68    3.68
  34533.221    21.123    -0.66    3.55
  34820.267    21.210     0.31    3.61
  35107.301    23.206     6.95    5.59
  35394.322    25.544     8.15    6.96
  35681.331    27.922     8.29    7.68
  35968.328    30.681     9.61    7.63
  36255.312    33.577    10.09    6.39
  36542.284    36.245     9.30    4.07
  36829.244    38.060     6.32    2.88
  37116.191    39.566     5.25    3.85
  37403.125    42.648    10.74    7.90
  37690.048    48.009    18.68   13.87
  37976.958    54.648    23.14   17.73
  38263.855    63.123    29.54   20.55
  38550.741    72.328    32.09   21.27
  38837.614    82.638    35.94   21.06
  39124.474    93.292    37.14   19.71
  39411.322   103.403    35.25   19.26
  39698.158   109.522    21.33   18.69
  39984.982   116.456    24.18   17.71
  40271.793   121.387    17.19   14.61
  40558.592   122.471     3.78   13.07
  40845.378   120.107    -8.24   15.43
  41132.152   114.827   -18.41   18.99
  41418.914   107.857   -24.31   21.14
  41705.663   100.529   -25.56   22.62
  41992.400    94.297   -21.73   19.56
  42279.125    92.270    -7.07   17.13
  42565.837    92.487     0.76   16.10
  42852.538    97.742    18.33   17.99
  43139.225   102.773    17.55   19.18
  43425.901   109.839    24.65   18.58
  43712.564   117.006    25.00   14.26
  43999.214   121.087    14.24   11.88
  44285.853   124.711    12.64   11.38
  44572.479   129.125    15.40   12.20
  44859.093   134.463    18.62   12.81
  45145.694   138.985    15.78   12.04
  45432.283   144.781    20.22   12.55
  45718.860   150.514    20.01   12.23
  46005.424   155.476    17.31   11.55
  46291.977   159.054    12.49    9.15
  46578.517   160.486     5.00    7.78
  46865.044   160.996     1.78    7.71
  47151.559   160.839    -0.55    9.17
  47438.062   161.794     3.33    9.51
  47724.553   163.153     4.74   10.06
  48011.031   165.696     8.88   11.32
  48297.497   170.445    16.58   10.76
  48583.951   175.130    16.36    7.15
  48870.393   177.104     6.89    4.90
  49156.822   176.327    -2.71    5.99
  49443.239   172.817   -12.26   10.32
  49729.643   170.072    -9.59   11.59
  50016.036   168.000    -7.24   11.38
  50302.416   165.372    -9.17    9.90
  50588.783   164.490    -3.08    8.70
  50875.139   164.824     1.17    8.40
  51161.482   166.739     6.69    8.45
  51447.813   168.883     7.49    8.44
  51734.132   169.873     3.46    8.88
  52020.438   171.460     5.54    8.45
  52306.732   172.480     3.56    7.18
  52593.014   172.633     0.54    7.21
  52879.283   170.865    -6.18    7.93
  53165.541   167.865   -10.48   10.01
  53451.786   163.190   -16.33   13.00
  53738.019   160.002   -11.14   13.34
  54024.239   158.933    -3.73   14.17
  54310.447   160.194     4.41   15.66
  54596.643   163.711    12.29   16.19
  54882.827   166.661    10.31   16.55
  55168.999   171.087    15.47   14.96
  55455.158   175.577    15.69   12.78
  55741.305   178.513    10.26   10.83
  56027.440   181.465    10.32    9.02
  56313.562   182.350     3.09    8.62
  56599.673   184.420     7.23    7.31
  56885.771   185.459     3.63    6.69
  57171.856   186.946     5.20    6.04
  57457.930   188.055     3.88    4.82
