-129330.149   674.811     0.00   47.30
-129043.853   692.624    62.22   58.48
-128757.562   705.029    43.33   62.30
-128471.275   709.968    17.25   59.93
-128184.992   711.220     4.37   65.07
-127898.712   705.566   -19.75   74.94
-127612.437   695.933   -33.65   84.17
-127326.165   685.855   -35.20   87.58
-127039.898   669.579   -56.86   87.02
-126753.634   662.870   -23.44   87.13
-126467.375   664.114     4.35   85.14
-126181.119   669.696    19.50   73.48
-125894.868   669.311    -1.34   55.34
-125608.620   662.588   -23.49   41.25
-125322.376   650.328   -42.83   39.71
-125036.137   635.356   -52.31   51.39
-124749.901   621.633   -47.94   64.18
-124463.669   614.232   -25.86   73.23
-124177.441   609.787   -15.53   82.95
-123891.217   614.248    15.59   79.91
-123604.997   614.576     1.15   77.37
-123318.781   613.749    -2.89   67.93
-123032.569   605.559   -28.62   67.00
-122746.361   591.892   -47.75   74.58
-122460.157   570.225   -75.71   88.47
-122173.957   551.678   -64.81   88.36
-121887.761   526.876   -86.66   90.21
-121601.569   493.433  -116.86  100.86
-121315.380   465.773   -96.65  108.03
-121029.196   436.714  -101.54  115.08
-120743.016   408.995   -96.86  116.39
-120456.839   383.206   -90.12  112.67
-120170.667   366.208   -59.40  100.18
-119884.498   347.784   -64.38   92.83
-119598.334   330.835   -59.23   85.44
-119312.173   309.156   -75.76   80.84
-119026.017   289.249   -69.57   78.73
-118739.864   267.447   -76.19   76.62
-118453.715   244.983   -78.51   69.67
-118167.571   218.348   -93.09   61.10
-117881.430   197.148   -74.09   49.90
-117595.293   181.281   -55.45   35.83
-117309.160   170.838   -36.50   27.91
-117023.031   160.865   -34.86   16.97
-116736.906   156.117   -16.59   10.19
-116450.785   156.833     2.51   13.44
-116164.668   159.487     9.28   16.44
-115878.555   159.815     1.14   16.68
-115592.446   159.335    -1.68   16.37
-115306.341   160.968     5.71   15.23
-115020.239   163.479     8.78   14.32
-114734.142   164.516     3.62   13.98
-114448.049   165.469     3.33   13.52
-114161.960   171.162    19.90   17.53
-113875.874   181.995    37.87   22.56
-113589.793   194.403    43.37   26.55
-113303.715   208.365    48.81   30.47
-113017.642   222.401    49.06   33.01
-112731.572   234.286    41.55   31.52
-112445.506   243.538    32.34   27.70
-112159.445   252.403    30.99   23.94
-111873.387   259.913    26.26   24.50
-111587.333   269.505    33.53   27.33
-111301.283   277.329    27.35   26.58
-111015.237   281.629    15.03   23.18
-110729.195   285.781    14.52   20.05
-110443.157   288.073     8.01   17.96
-110157.123   286.566    -5.27   19.35
-109871.093   279.573   -24.45   23.02
-109585.067   267.023   -43.88   30.40
-109299.045   250.717   -57.01   40.55
-109013.027   231.191   -68.27   49.26
-108727.012   212.682   -64.71   47.91
-108440.879   197.523   -52.98   39.31
-108153.935   185.790   -40.89   27.78
-107866.996   178.989   -23.70   20.40
-107580.061   174.595   -15.31   21.20
-107293.131   170.156   -15.47   24.88
-107006.205   164.640   -19.23   27.15
-106719.285   155.029   -33.50   25.89
-106432.369   145.132   -34.49   19.87
-106145.457   135.312   -34.23   16.01
-105858.551   128.183   -24.85   16.65
-105571.649   122.491   -19.84   17.17
-105284.752   116.637   -20.40   17.12
-104997.860   109.458   -25.03   17.33
-104710.972   101.363   -28.22   16.85
-104424.089    91.827   -33.24   16.08
-104137.211    84.250   -26.41   16.79
-103850.337    77.420   -23.81   16.73
-103563.469    69.315   -28.25   14.44
-103276.605    62.628   -23.31   12.15
-102989.745    56.026   -23.01    9.97
-102702.891    51.118   -17.11    8.66
-102416.041    47.295   -13.33    7.45
-102129.196    44.036   -11.36    5.77
-101842.355    42.230    -6.30    3.66
-101555.519    42.082    -0.52    3.08
-101268.688    42.283     0.70    3.02
-100981.862    42.555     0.95    2.92
-100695.040    42.802     0.86    2.76
-100408.223    42.857     0.19    2.87
-100121.411    42.433    -1.48    3.50
 -99834.604    41.715    -2.50    3.80
 -99547.801    41.293    -1.47    3.58
 -99261.003    41.150    -0.50    3.65
 -98974.210    42.128     3.41    4.43
 -98687.421    44.545     8.43    6.56
 -98400.637    47.676    10.92    8.30
 -98113.858    49.401     6.02    7.86
 -97827.084    49.962     1.95    7.58
 -97540.314    49.788    -0.61    7.56
 -97253.549    49.476    -1.09    7.76
 -96966.789    48.482    -3.46    7.61
 -96680.033    46.444    -7.11    6.28
 -96393.282    44.948    -5.22    3.82
 -96106.536    44.633    -1.10    3.20
 -95819.794    44.913     0.98    3.59
 -95533.058    45.549     2.22    3.40
 -95246.326    45.196    -1.23    3.83
 -94959.598    44.238    -3.34    4.54
 -94672.876    44.066    -0.60    4.61
 -94386.158    44.159     0.32    4.82
 -94099.444    43.626    -1.86    4.94
 -93812.736    42.892    -2.56    4.94
 -93526.032    42.769    -0.43    4.95
 -93239.333    43.919     4.01    5.47
 -92952.638    45.531     5.62    5.35
 -92665.949    46.739     4.21    5.70
 -92379.264    48.360     5.65    6.30
 -92092.584    50.841     8.65    5.77
 -91805.908    53.146     8.04    5.41
 -91519.237    55.360     7.72    5.71
 -91232.571    57.290     6.73    6.65
 -90945.909    60.045     9.61    6.89
 -90659.253    62.505     8.58    6.19
 -90372.601    63.529     3.57    5.66
 -90085.953    64.104     2.00    5.45
 -89799.311    64.454     1.22    4.90
 -89512.673    64.104    -1.22    4.65
 -89226.039    62.906    -4.18    5.02
 -88939.411    60.581    -8.11    6.60
 -88652.787    56.437   -14.46   10.56
 -88366.168    50.653   -20.18   15.15
 -88079.554    43.596   -24.62   18.82
 -87792.944    37.147   -22.50   18.51
 -87506.339    31.977   -18.04   15.79
 -87219.738    28.781   -11.15   13.18
 -86933.143    27.409    -4.79   10.59
 -86646.552    27.403    -0.02    9.99
 -86359.966    28.852     5.06   10.02
 -86073.384    31.633     9.71    7.21
 -85786.807    33.739     7.35    5.90
 -85500.235    34.538     2.79    5.55
 -85213.668    34.285    -0.88    5.10
 -84927.105    33.687    -2.09    4.59
 -84640.547    33.038    -2.26    3.90
 -84353.994    33.164     0.44    3.25
 -84067.445    34.192     3.59    3.86
 -83780.901    36.073     6.56    5.97
 -83494.362    39.444    11.76    8.79
 -83207.827    43.670    14.75   10.98
 -82921.298    49.401    20.00   12.44
 -82634.772    55.419    21.00   12.13
 -82348.252    61.054    19.67   10.49
 -82061.736    65.563    15.74    8.60
 -81775.225    69.246    12.86    6.59
 -81488.719    71.574     8.13    4.71
 -81202.217    72.302     2.54    3.89
 -80915.720    71.685    -2.15    4.59
 -80629.228    70.752    -3.26    5.20
 -80342.740    69.584    -4.08    5.08
 -80056.257    68.577    -3.52    4.11
 -79769.779    67.579    -3.48    3.07
 -79483.306    67.093    -1.70    2.32
 -79196.837    67.094     0.01    2.22
 -78910.373    67.813     2.51    2.00
 -78623.913    68.961     4.01    2.76
 -78337.459    71.069     7.36    4.29
 -78051.008    73.600     8.84    5.82
 -77764.563    77.033    11.98    7.58
 -77478.122    81.454    15.44    9.08
 -77191.686    86.458    17.47   10.38
 -76905.255    92.199    20.04   11.12
 -76618.829    97.849    19.72   11.03
 -76332.407   103.039    18.12    9.99
 -76045.989   107.822    16.70    8.28
 -75759.577   111.713    13.59    7.04
 -75473.169   115.385    12.82    6.19
 -75186.766   118.383    10.47    5.80
 -74900.367   120.912     8.83    5.45
 -74613.974   122.912     6.98    4.85
 -74327.585   124.393     5.17    3.91
 -74041.200   125.342     3.31    3.24
 -73754.820   125.335    -0.02    3.51
 -73468.445   124.383    -3.32    4.36
 -73182.075   122.703    -5.87    5.23
 -72895.709   119.797   -10.15    6.44
 -72609.348   116.892   -10.14    7.09
 -72322.992   113.354   -12.36    7.76
 -72036.641   109.165   -14.63    8.10
 -71750.294   105.491   -12.83    8.10
 -71463.951   102.295   -11.16    7.79
 -71177.614    99.083   -11.22    7.96
 -70891.281    96.906    -7.60    8.88
 -70604.953    94.203    -9.44    9.27
 -70318.629    92.991    -4.23    9.81
 -70032.311    92.214    -2.71   10.11
 -69745.996    90.836    -4.81   10.34
 -69459.687    89.954    -3.08    9.59
 -69173.382    89.255    -2.44    8.45
 -68887.082    87.373    -6.57    7.77
 -68600.787    85.231    -7.48    8.57
 -68314.496    81.885   -11.69    9.31
 -68028.210    78.619   -11.41    9.59
 -67741.929    77.503    -3.90    9.75
 -67455.652    79.331     6.38   11.42
 -67169.380    82.148     9.84   12.65
 -66883.113    85.228    10.76   12.41
 -66596.850    89.087    13.48    9.55
 -66310.592    90.983     6.62    6.24
 -66024.339    89.682    -4.55    7.38
 -65738.090    85.919   -13.15   10.13
 -65451.846    80.769   -17.99   11.62
 -65165.607    75.321   -19.03   12.23
 -64879.372    69.745   -19.48   11.91
 -64593.142    64.234   -19.25   10.37
 -64306.917    59.526   -16.45    8.40
 -64020.697    56.148   -11.80    7.12
 -63734.481    53.494    -9.27    5.93
 -63448.270    51.823    -5.84    4.98
 -63162.063    50.768    -3.69    4.89
 -62875.861    49.898    -3.04    4.58
 -62589.664    49.426    -1.65    4.32
 -62303.472    49.776     1.22    4.95
 -62017.284    49.975     0.70    5.31
 -61731.101    49.851    -0.43    5.31
 -61444.922    49.232    -2.16    5.59
 -61158.748    48.185    -3.66    5.46
 -60872.579    47.653    -1.86    5.09
 -60586.415    47.094    -1.95    4.81
 -60300.255    46.131    -3.37    4.74
 -60014.100    45.223    -3.17    4.49
 -59727.950    44.566    -2.30    4.25
 -59441.804    44.212    -1.24    4.49
 -59155.663    43.437    -2.71    4.79
 -58869.526    42.338    -3.84    4.88
 -58583.395    41.335    -3.50    5.43
 -58297.267    40.264    -3.74    5.95
 -58011.145    39.026    -4.33    6.59
 -57725.027    38.034    -3.47    7.28
 -57438.914    37.510    -1.83    7.46
 -57152.806    37.107    -1.41    7.32
 -56866.702    36.906    -0.70    6.95
 -56580.603    36.783    -0.43    6.52
 -56294.509    36.769    -0.05    5.82
 -56008.419    36.543    -0.79    5.10
 -55722.334    36.199    -1.20    4.74
 -55436.254    35.469    -2.55    4.50
 -55150.178    34.962    -1.77    4.24
 -54864.107    34.502    -1.61    4.06
 -54578.040    34.541     0.14    4.50
 -54291.979    34.423    -0.41    4.83
 -54005.922    34.010    -1.44    4.94
 -53719.869    33.462    -1.92    4.79
 -53433.822    33.133    -1.15    4.63
 -53147.779    33.238     0.37    4.54
 -52861.740    33.610     1.30    4.56
 -52575.706    34.045     1.52    4.56
 -52289.677    34.192     0.52    4.28
 -52003.653    33.833    -1.25    3.41
 -51717.633    33.726    -0.37    2.98
 -51431.618    33.391    -1.17    2.74
 -51145.608    32.753    -2.23    2.46
 -50859.602    31.893    -3.01    2.53
 -50573.601    30.815    -3.77    2.67
 -50287.605    29.941    -3.06    2.82
 -50001.613    29.034    -3.17    2.78
 -49715.626    28.444    -2.06    2.70
 -49429.643    28.226    -0.76    2.88
 -49143.666    27.830    -1.38    2.97
 -48857.692    27.027    -2.81    3.44
 -48571.724    26.128    -3.14    3.74
 -48285.760    25.448    -2.38    3.63
 -47999.801    24.536    -3.19    3.30
 -47713.847    23.560    -3.42    3.20
 -47427.897    22.703    -3.00    3.60
 -47141.952    21.508    -4.18    4.47
 -46856.011    19.762    -6.11    5.56
 -46569.856    17.496    -7.92    5.90
 -46282.834    15.339    -7.51    5.37
 -45995.817    13.255    -7.26    5.46
 -45708.806    11.391    -6.50    5.52
 -45421.800     9.626    -6.15    5.23
 -45134.800     8.654    -3.39    5.03
 -44847.805     7.926    -2.53    4.84
 -44560.815     7.458    -1.63    4.52
 -44273.831     7.106    -1.23    4.32
 -43986.852     6.983    -0.43    4.86
 -43699.879     6.948    -0.12    5.25
 -43412.911     6.441    -1.77    5.02
 -43125.949     5.465    -3.40    4.03
 -42838.992     4.771    -2.42    3.68
 -42552.041     3.920    -2.97    2.96
 -42265.095     3.246    -2.35    2.54
 -41978.154     2.682    -1.97    1.99
 -41691.219     2.189    -1.72    1.72
 -41404.289     1.682    -1.77    1.36
 -41117.365     1.100    -2.03    0.97
 -40830.446     0.866    -0.82    0.92
 -40543.533     0.712    -0.54    0.84
 -40256.625     0.591    -0.42    0.73
 -39969.723     0.682     0.32    0.71
 -39682.825     0.947     0.93    0.72
 -39395.934     1.106     0.55    0.58
 -39109.048     1.128     0.08    0.52
 -38822.167     1.048    -0.28    0.60
 -38535.292     0.989    -0.21    0.63
 -38248.422     0.872    -0.41    0.64
 -37961.558     0.759    -0.40    0.62
 -37674.699     0.600    -0.55    0.65
 -37387.845     0.426    -0.61    0.65
 -37100.997     0.332    -0.33    0.59
 -36814.154     0.385     0.18    0.93
 -36527.317     0.483     0.34    1.29
 -36240.485     0.712     0.80    1.63
 -35953.659     1.004     1.02    1.83
 -35666.838     1.331     1.14    2.00
 -35380.023     1.835     1.76    2.26
 -35093.213     2.533     2.44    2.53
 -34806.408     3.113     2.02    2.63
 -34519.609     3.624     1.78    2.59
 -34232.815     3.822     0.69    2.59
 -33946.027     3.666    -0.54    2.82
 -33659.244     3.281    -1.34    2.99
 -33372.466     2.662    -2.16    2.92
 -33085.694     2.101    -1.95    2.75
 -32798.928     2.112     0.04    2.81
 -32512.167     2.250     0.48    2.94
 -32225.411     2.523     0.95    3.14
 -31938.661     2.998     1.65    3.18
 -31651.916     3.764     2.67    3.08
 -31365.176     4.235     1.64    2.85
 -31078.442     4.238     0.01    2.69
 -30791.714     3.738    -1.74    2.84
 -30504.991     3.017    -2.51    2.89
 -30218.273     2.194    -2.87    2.76
 -29931.560     1.524    -2.34    2.47
 -29644.854     0.969    -1.93    2.15
 -29358.152     0.775    -0.68    1.98
 -29071.456     1.059     0.99    2.39
 -28784.766     1.444     1.34    2.76
 -28498.080     1.919     1.66    3.11
 -28211.401     2.019     0.35    3.02
 -27924.726     2.126     0.37    3.01
 -27638.057     2.335     0.73    3.03
 -27351.394     2.721     1.35    3.03
 -27064.736     3.296     2.01    3.00
 -26778.083     3.646     1.22    2.91
 -26491.436     4.011     1.27    2.80
 -26204.794     4.574     1.97    2.50
 -25918.158     4.961     1.35    2.07
 -25631.527     4.664    -1.04    2.04
 -25344.901     4.217    -1.56    2.25
 -25058.281     3.517    -2.44    2.47
 -24771.666     2.639    -3.06    2.52
 -24485.057     1.666    -3.40    2.26
 -24198.453     0.933    -2.56    1.71
 -23911.855     0.595    -1.18    1.47
 -23625.262     0.557    -0.13    1.48
 -23338.674     0.804     0.86    1.71
 -23052.092     1.169     1.27    1.96
 -22765.515     1.624     1.59    2.12
 -22478.944     1.793     0.59    2.16
 -22192.378     2.206     1.44    2.37
 -21905.817     2.591     1.34    2.35
 -21619.262     3.099     1.77    2.22
 -21332.713     3.550     1.58    2.09
 -21046.168     3.947     1.39    2.01
 -20759.629     4.185     0.83    2.10
 -20473.096     4.011    -0.61    2.38
 -20186.568     3.307    -2.46    2.62
 -19900.045     2.562    -2.60    2.77
 -19613.528     1.863    -2.44    2.73
 -19327.016     1.820    -0.15    2.88
 -19040.510     2.040     0.77    2.88
 -18754.009     2.048     0.03    2.79
 -18467.513     2.160     0.39    2.74
 -18181.023     2.106    -0.19    2.73
 -17894.538     2.017    -0.31    2.74
 -17608.059     1.648    -1.29    2.67
 -17321.585     0.698    -3.32    1.75
 -17035.117     0.101    -2.08    0.73
 -16748.653     0.276     0.61    1.10
 -16462.196     0.552     0.96    1.50
 -16175.743     0.904     1.23    1.85
 -15889.297     1.274     1.29    2.06
 -15602.855     1.649     1.31    2.24
 -15316.419     1.770     0.42    2.22
 -15029.988     1.729    -0.14    2.18
 -14743.563     1.307    -1.47    2.02
 -14457.143     1.099    -0.73    1.86
 -14170.729     1.017    -0.29    1.71
 -13884.320     0.941    -0.27    1.50
 -13597.916     1.019     0.27    1.49
 -13311.518     1.191     0.60    1.47
 -13025.125     1.444     0.89    1.53
 -12738.737     1.542     0.34    1.50
 -12452.355     1.556     0.05    1.53
 -12165.979     1.562     0.02    1.52
 -11879.607     1.626     0.22    1.46
 -11593.242     1.766     0.49    1.46
 -11306.881     1.809     0.15    1.46
 -11020.526     1.752    -0.20    1.46
 -10734.176     1.721    -0.11    1.52
 -10447.832     1.653    -0.24    1.38
 -10161.493     1.496    -0.55    1.35
  -9875.160     1.430    -0.23    1.33
  -9588.832     1.469     0.14    1.29
  -9302.509     1.533     0.22    1.23
  -9016.192     1.567     0.12    1.21
  -8729.880     1.628     0.21    1.20
  -8443.574     1.703     0.26    1.19
  -8157.273     1.682    -0.07    1.07
  -7870.977     1.798     0.41    1.01
  -7584.687     1.822     0.08    0.98
  -7298.402     1.892     0.24    1.02
  -7012.122     1.926     0.12    0.99
  -6725.848     1.855    -0.25    0.92
  -6439.579     1.898     0.15    1.00
  -6153.316     1.787    -0.39    1.02
  -5867.058     1.648    -0.49    1.13
  -5580.806     1.515    -0.46    1.20
  -5294.559     1.419    -0.34    1.19
  -5008.317     1.394    -0.09    1.22
  -4722.081     1.479     0.30    1.24
  -4435.850     1.661     0.64    1.20
  -4149.624     1.919     0.90    1.16
  -3863.404     2.091     0.60    1.05
  -3577.189     2.187     0.34    1.07
  -3290.980     2.180    -0.02    1.10
  -3004.776     2.241     0.21    1.09
  -2718.577     2.354     0.39    1.11
  -2432.384     2.332    -0.08    1.14
  -2146.196     2.206    -0.44    1.13
  -1860.014     1.927    -0.98    1.28
  -1573.836     1.610    -1.11    1.35
  -1287.665     1.198    -1.44    1.31
  -1001.498     0.811    -1.35    1.18
   -715.338     0.437    -1.31    0.95
   -429.182     0.143    -1.03    0.62
   -143.032    -0.031    -0.61    0.21
    143.113     0.048     0.28    0.66
    429.252     0.241     0.67    1.30
    715.386     0.631     1.36    2.09
   1001.515     0.788     0.55    2.00
   1287.638     0.862     0.26    1.73
   1573.756     1.224     1.27    2.18
   1859.868     2.725     5.25    5.02
   2145.975     3.822     3.84    5.95
   2432.077     4.472     2.27    5.93
   2718.173     4.825     1.23    5.62
   3004.264     5.149     1.13    5.30
   3290.350     5.789     2.24    4.99
   3576.430     5.838     0.17    4.69
   3862.505     5.735    -0.36    4.80
   4148.574     5.354    -1.33    4.94
   4434.638     4.812    -1.89    4.78
   4720.697     4.168    -2.25    4.59
   5006.750     3.220    -3.31    4.27
   5292.798     2.034    -4.15    3.67
   5578.841     1.041    -3.47    2.80
   5864.878     0.462    -2.02    1.85
   6150.910     0.696     0.82    2.76
   6436.936     1.600     3.16    4.36
   6722.957     1.810     0.73    4.47
   7008.973     2.533     2.53    5.27
   7294.983     3.780     4.36    6.59
   7580.988     5.199     4.96    7.50
   7866.987     6.124     3.23    8.18
   8152.981     6.612     1.71    8.54
   8438.970     6.451    -0.56    8.63
   8724.954     6.342    -0.38    8.79
   9010.932     4.573    -6.18    7.83
   9296.904     2.738    -6.42    6.21
   9582.872     0.833    -6.66    3.16
   9868.833     0.032    -2.80    0.78
  10154.790    -0.059    -0.32    0.00
  10440.741    -0.059     0.00    0.00
  10726.687    -0.059     0.00    0.00
  11012.627    -0.059     0.00    0.00
  11298.563    -0.059     0.00    0.00
  11584.492    -0.059     0.00    0.00
  11870.417    -0.059     0.00    0.00
  12156.335    -0.059     0.00    0.00
  12442.249    -0.059     0.00    0.00
  12728.157    -0.059     0.00    0.00
  13014.060    -0.059     0.00    0.00
  13299.958    -0.059     0.00    0.00
  13585.850    -0.059     0.00    0.00
  13871.737    -0.059     0.00    0.00
  14157.618    -0.059     0.00    0.00
  14443.494    -0.059     0.00    0.00
  14729.365     0.020     0.28    0.47
  15015.230     0.607     2.05    2.40
  15301.428     1.542     3.27    3.64
  15588.531     2.851     4.56    4.65
  15875.628     3.933     3.77    5.04
  16162.719     4.755     2.86    5.16
  16449.804     4.983     0.79    5.13
  16736.882     4.766    -0.76    5.15
  17023.955     3.933    -2.90    4.87
  17311.021     2.941    -3.46    4.19
  17598.081     2.219    -2.51    3.58
  17885.135     1.574    -2.25    2.81
  18172.182     2.094     1.81    3.37
  18459.224     3.741     5.73    4.44
  18746.259     5.703     6.84    5.16
  19033.288     7.492     6.23    5.09
  19320.311     9.248     6.12    4.56
  19607.328    10.408     4.04    4.28
  19894.338    11.542     3.95    3.96
  20181.343    11.299    -0.85    4.36
  20468.341    10.192    -3.86    5.29
  20755.333     9.466    -2.53    5.52
  21042.319     8.149    -4.59    5.68
  21329.299     6.822    -4.63    5.50
  21616.272     5.316    -5.25    4.91
  21903.240     4.221    -3.81    3.80
  22190.201     4.076    -0.50    3.54
  22477.156     4.941     3.01    4.22
  22764.105     6.433     5.20    4.78
  23051.048     8.419     6.92    4.75
  23337.984     9.875     5.08    4.10
  23624.915    10.504     2.19    3.52
  23911.839    10.507     0.01    3.25
  24198.757     9.948    -1.95    3.53
  24485.669     9.178    -2.68    3.57
  24772.575     8.250    -3.23    3.60
  25059.474     7.372    -3.06    3.65
  25346.368     6.593    -2.72    3.54
  25633.255     5.977    -2.15    3.52
  25920.136     4.854    -3.91    3.19
  26207.011     3.851    -3.50    2.91
  26493.880     3.059    -2.76    2.64
  26780.743     2.183    -3.05    2.09
  27067.599     1.509    -2.35    1.55
  27354.450     1.094    -1.44    1.32
  27641.294     0.947    -0.51    1.18
  27928.132     1.078     0.46    1.26
  28214.964     1.444     1.28    1.57
  28501.790     1.857     1.44    1.72
  28788.609     2.192     1.17    1.65
  29075.423     2.394     0.70    1.61
  29362.230     2.341    -0.19    1.56
  29649.031     2.220    -0.42    1.42
  29935.826     2.111    -0.38    1.35
  30222.615     2.026    -0.29    1.28
  30509.398     1.977    -0.17    1.27
  30796.174     2.052     0.26    1.30
  31082.945     2.256     0.71    1.42
  31369.709     2.539     0.99    1.59
  31656.467     2.683     0.50    1.74
  31943.219     3.068     1.34    1.96
  32229.965     4.318     4.36    4.12
  32516.705     6.455     7.45    7.78
  32803.438     9.071     9.12   10.34
  33090.165    12.491    11.93   12.27
  33376.887    16.419    13.70   13.22
  33663.602    20.647    14.74   12.67
  33950.311    24.614    13.84   10.89
  34237.013    26.955     8.16    9.26
  34523.710    28.251     4.52    7.31
  34810.401    29.563     4.58    5.36
  35097.085    30.136     2.00    4.12
  35383.763    30.071    -0.23    3.59
  35670.435    30.269     0.69    2.98
  35957.101    30.100    -0.59    3.10
  36243.761    29.300    -2.79    4.35
  36530.415    28.176    -3.92    5.04
  36817.062    27.395    -2.73    5.31
  37103.704    27.231    -0.57    5.61
  37390.339    26.832    -1.39    6.10
  37676.968    25.643    -4.15    6.60
  37963.591    24.286    -4.74    6.30
  38250.208    23.483    -2.80    6.02
  38536.819    23.526     0.15    6.67
  38823.423    23.955     1.50    7.20
  39110.022    24.504     1.92    7.57
  39396.614    25.465     3.35    6.95
  39683.200    26.912     5.05    5.30
  39969.780    27.379     1.63    4.50
  40256.354    26.955    -1.48    4.63
  40542.922    25.982    -3.40    4.56
  40829.483    24.427    -5.43    5.08
  41116.039    22.091    -8.15    6.55
  41402.588    20.523    -5.47    6.66
  41689.132    20.047    -1.66    6.80
  41975.669    20.031    -0.06    7.04
  42262.200    20.861     2.90    6.58
  42548.725    21.840     3.42    6.54
  42835.243    23.570     6.04    5.68
  43121.756    25.787     7.74    4.29
  43408.262    26.883     3.83    3.83
  43694.763    26.861    -0.08    3.71
  43981.257    26.750    -0.39    3.71
  44267.745    26.566    -0.64    3.98
  44554.227    26.506    -0.21    3.93
  44840.703    25.716    -2.76    4.01
  45127.173    24.927    -2.76    4.19
  45413.636    23.374    -5.42    4.55
  45700.094    22.373    -3.49    4.22
  45986.545    22.198    -0.61    3.97
  46272.990    22.166    -0.11    4.31
  46559.429    22.067    -0.34    4.57
  46845.862    22.039    -0.10    4.45
  47132.289    22.556     1.81    4.35
  47418.710    23.226     2.34    4.11
  47705.125    23.724     1.74    3.94
  47991.533    23.954     0.81    3.95
  48277.936    24.235     0.98    3.64
  48564.332    24.696     1.61    2.94
  48850.722    24.458    -0.83    3.24
  49137.106    23.232    -4.28    3.86
  49423.484    22.107    -3.93    3.84
  49709.856    21.530    -2.01    3.96
  49996.222    21.430    -0.35    4.12
  50282.581    21.304    -0.44    4.03
  50568.935    21.415     0.39    4.00
  50855.282    21.796     1.33    3.79
  51141.623    22.032     0.83    3.71
  51427.959    21.912    -0.42    3.40
  51714.288    22.027     0.40    3.62
  52000.610    21.626    -1.40    3.85
  52286.927    20.885    -2.59    4.43
  52573.238    20.975     0.31    4.80
  52859.543    22.203     4.29    4.44
  53145.841    22.969     2.68    4.26
  53432.133    23.075     0.37    4.18
  53718.420    23.506     1.50    4.14
  54004.700    23.821     1.10    4.17
  54290.974    24.233     1.44    3.79
  54577.242    24.962     2.55    3.10
  54863.504    25.033     0.25    3.05
  55149.759    24.583    -1.57    3.17
  55436.009    24.325    -0.90    3.44
  55722.252    24.288    -0.13    3.34
