# NaN NaN NaN ;Mean Elev.(m), Avg Gradient(m/km), RMS Gradient(m/km) - SRTM1     
#  -12.550  -2.387   5.433 ;Mean Elev.(m), Avg Gradient(m/km), RMS Gradient(m/km) - ASTER GDEM
#    4.080  -1.027   4.415 ;Mean Elev.(m), Avg Gradient(m/km), RMS Gradient(m/km) - GMTED2010 
   1  65.757092  66.136169     6.020     6.152 13 54663.38900973 39.164
   2  65.729542  66.137358     6.030     5.805 21 54673.30465212 27.336
   3  65.732595  66.138555     0.826     1.258 21 54683.22029589 27.189
   4  65.733498  66.139222     4.612     4.765 21 54693.13593817 40.203
   5  65.733222  66.138606     1.857     2.261 21 54703.05157788 30.378
   6  65.730178  66.136695     4.417     4.529 21 54712.96722686 39.093
   7  65.731393  66.134889     4.264     4.299 22 54722.88287783 36.190
   8  65.733025  66.134137     4.458     4.522 22 54732.79852638 33.638
   9  65.733541  66.134984     3.868     3.923 21 54742.71417327 36.249
  10  65.731554  66.135848     2.938     2.567 22 54752.62981971 41.070
  11  65.732151  66.135652     4.632     4.648 21 54762.54546603 37.123
  12  65.732258  66.134191     3.373     2.999 21 54772.46110983 27.125
  13  65.729330  66.133061     2.905     2.902 22 54782.37675044 43.315
  14  65.729262  66.133106     2.406     2.388 22 54792.29238885 37.507
  15  65.733051  66.134583     2.622     2.422 21 54802.20802654 19.357
  16  65.732129  66.136003     3.030     2.743 22 54812.12366367 18.886
  17  65.731297  66.136539     3.535     2.701 21 54822.03930555 14.436
  18  65.733642  66.135990     3.486     3.175 21 54831.95495782 14.608
  19  65.732748  66.136005     3.676     3.412 21 54841.87059637 14.586
  20  65.732499  66.137110     3.706     3.394 21 54851.78624529 14.177
  21  65.730058  66.138772     3.761     3.681 21 54861.70189364 14.535
  22  65.731811  66.139494     3.153     3.069 21 54871.61754240 12.854
  23  65.733803  66.138234     3.647     3.389 21 54881.53318949 12.752
  24  65.732234  66.135654     3.611     3.607 22 54891.44883300 12.381
  25  65.732670  66.133500     3.835     3.697 22 54901.36447378 12.931
  26  65.731637  66.133653     3.659     3.568 21 54911.28011269 12.104
  27  65.731731  66.135293     4.140     4.053 21 54921.19575058 11.801
  28  65.732438  66.136475     4.330     3.965 21 54931.11138792 11.619
  29  65.731226  66.135769     5.601     5.388 21 54941.02702371 12.517
  30  65.731898  66.133909     7.081     5.968 22 54950.94265802 10.186
  31  65.732826  66.132492     3.386     3.365 22 54960.85829870 35.527
  32  65.730710  66.133165     5.166     5.159 22 54970.77394715 30.674
  33  65.732608  66.134939     6.851     6.911 21 54980.68959478 32.646
  34  65.731505  66.136529     8.497     9.066 22 54990.60524186 31.302
  35  65.731631  66.136674     7.627     6.836 21 55000.52088883 30.329
  36  65.732827  66.136348     6.211     6.443 21 55010.43653413 33.058
  37  65.731527  66.136089     6.425     6.171 21 55020.35217763 28.512
  38  65.732293  66.137040     5.844     5.770 21 55030.26782014 25.921
  39  65.732311  66.138391     5.098     5.132 20 55040.18346194 31.497
  40  65.736146  66.139093     4.660     4.699 21 55050.09910270 35.965
  41  65.734482  66.137916     4.480     4.460 21 55060.01474084 37.306
  42  65.732596  66.135360     3.903     3.721 21 55069.93038134 40.814
  43  65.731487  66.133105     3.715     3.824 22 55079.84603065 36.451
  44  65.731444  66.132949     3.895     3.869 21 55089.76167811 32.141
  45  65.730216  66.134635     3.955     3.848 21 55099.67732431 32.547
  46  65.729673  66.136350     4.198     4.356 21 55109.59297007 39.755
  47  65.732683  66.136025     4.059     4.292 21 55119.50861473 28.642
  48  65.730137  66.133956     3.057     2.723 22 55129.42425636 26.350
  49  65.731919  66.132017     2.772     2.734 21 55139.33989637 47.887
  50  65.730742  66.132390     1.772     1.788 21 55149.25553488 36.997
  51  65.730593  66.134720     1.644     1.632 22 55159.17117313 30.096
  52  65.731561  66.136876     1.783     1.850 22 55169.08681117 20.727
  53  65.732994  66.137475     2.072     1.957 21 55179.00244826 17.252
  54  65.733154  66.136560     2.159     2.036 21 55188.91809426 15.662
  55  65.732387  66.136160     2.069     1.978 21 55198.83374481 14.949
  56  65.728914  66.136963     2.529     2.314 21 55208.74939422 14.907
  57  65.732311  66.138259     2.145     2.117 20 55218.66504375 14.055
  58  65.733370  66.138402     2.266     2.166 21 55228.58069227 13.284
  59  65.734575  66.137027     1.982     1.893 21 55238.49633776 13.139
  60  65.731603  66.134628     2.286     2.250 21 55248.41197932 12.848
  61  65.731765  66.132919     2.376     2.253 22 55258.32761876 12.268
  62  65.732682  66.133061     3.453     3.218 22 55268.24325750 13.089
  63  65.731132  66.134712     3.437     3.233 22 55278.15889566 13.217
  64  65.733176  66.135870     3.980     3.897 21 55288.07453289 13.940
  65  65.731300  66.135695     4.152     4.176 21 55297.99016740 15.348
  66  65.731340  66.133945     7.409     6.385 22 55307.90580981  6.791
  67  65.729061  66.132572     2.748     2.724 22 55317.82145595 36.560
  68  65.730613  66.132859     4.548     4.521 22 55327.73710133 38.616
  69  65.732356  66.134758     7.532     6.901 22 55337.65274596 30.105
  70  65.731525  66.136705     7.163     6.384 21 55347.56838990 29.454
  71  65.733762  66.137410     7.221     6.261 21 55357.48403249 28.220
  72  65.733655  66.137137     6.273     5.894 21 55367.39967282 27.295
  73  65.729248  66.136773     5.168     5.307 21 55377.31531131 28.171
  74  65.734359  66.136991     5.342     5.415 21 55387.23094983 28.705
  75  65.730721  66.137664     5.389     5.395 21 55397.14658663 38.667
  76  65.734064  66.137652     5.252     5.296 21 55407.06222987 48.988
  77  65.732955  66.136441     5.026     5.080 21 55416.97788092 44.323
  78  65.732734  66.134380     5.020     5.053 22 55426.89352863 41.238
  79  65.733380  66.133059     4.897     4.899 22 55436.80917372 30.958
  80  65.733060  66.133263     4.751     4.761 22 55446.72481738 31.387
  81  65.732216  66.134470     4.107     4.150 21 55456.64046052 36.327
  82  65.729843  66.135547     4.309     4.421 21 55466.55610283 41.108
  83  65.733554  66.135194     4.440     4.493 21 55476.47174254 34.435
  84  65.729790  66.133950     3.075     2.700 22 55486.38737841 39.471
  85  65.729859  66.132852     3.039     2.804 22 55496.30301245 32.004
  86  65.730362  66.133502     3.799     3.888 21 55506.21864788 29.852
  87  65.732059  66.135106     3.114     3.109 21 55516.13429855 42.131
  88  65.729659  66.136778     1.940     2.027 21 55526.04994793 30.464
  89  65.730382  66.137374     1.504     1.565 21 55535.96559559 23.287
  90  65.734427  66.137119     1.690     1.776 21 55545.88124142 21.619
  91  65.730448  66.137088     1.844     1.888 21 55555.79688469 21.525
  92  65.730099  66.137464     1.995     2.016 21 55565.71252737 18.065
  93  65.733192  66.137498     1.933     1.975 21 55575.62816975 19.237
  94  65.731997  66.136567     1.930     1.988 21 55585.54381002 19.251
  95  65.732582  66.135025     2.194     2.014 22 55595.45944718 19.039
  96  65.730031  66.133877     2.129     1.949 21 55605.37508086 18.627
  97  65.729865  66.133670     2.115     1.856 22 55615.29071266 17.574
  98  65.730323  66.134380     2.341     2.026 21 55625.20635316 12.822
  99  65.729782  66.134942     2.379     2.028 21 55635.12200541 13.004
 100  65.730669  66.134920     2.476     2.187 21 55645.03765562 12.619
 101  65.731968  66.134289     2.509     2.453 21 55654.95330309 12.708
 102  65.730808  66.133621     7.811     6.545 21 55664.86894580 10.145
 103  65.731499  66.133593     3.241     3.215 21 55674.78458570 39.578
 104  65.732245  66.134479     4.676     4.660 21 55684.70022396 35.769
 105  65.730841  66.135810     6.416     6.473 22 55694.61586083 33.794
 106  65.732291  66.136836     7.515     6.572 21 55704.53149661 29.550
 107  65.729917  66.137128     6.087     6.144 21 55714.44714304 42.931
 108  65.733965  66.137072     5.728     5.850 21 55724.36279246 27.162
 109  65.734576  66.137344     5.493     5.621 21 55734.27843962 28.317
 110  65.729112  66.137800     5.034     5.132 21 55744.19408496 32.722
 111  65.732607  66.137462     4.821     4.776 21 55754.10972961 38.657
 112  65.731549  66.136049     4.574     4.723 21 55764.02537156 36.707
 113  65.730754  66.134254     4.508     4.554 22 55773.94101073 32.464
 114  65.729630  66.133121     4.524     4.603 22 55783.85664651 32.781
 115  65.731503  66.133752     4.377     4.530 22 55793.77228014 34.849
 116  65.732601  66.135099     4.500     4.516 21 55803.68791644 36.108
 117  65.733784  66.135692     4.530     4.511 21 55813.60356622 32.286
 118  65.731429  66.134971     4.606     4.718 22 55823.51921373 37.822
 119  65.732103  66.133700     2.974     2.768 21 55833.43485679 47.048
 120  65.732665  66.133120     4.548     4.562 22 55843.35049569 31.460
 121  65.729829  66.134000     4.483     4.519 22 55853.26613123 35.426
 122  65.732658  66.135758     3.324     3.224 21 55863.18176768 27.783
 123  65.733425  66.136945     1.969     1.979 21 55873.09742177 39.894
 124  65.733913  66.137124     1.473     1.563 21 55883.01307074 34.654
 125  65.728771  66.136878     1.437     1.525 21 55892.92871283 23.082
 126  65.731419  66.136757     1.517     1.561 21 55902.84435004 22.504
 127  65.729000  66.137446     1.557     1.613 21 55912.75998638 22.235
 128  65.733082  66.138015     1.581     1.637 21 55922.67564099 21.845
 129  65.730680  66.137659     1.666     1.579 21 55932.59129216 20.354
 130  65.732209  66.135693     1.449     1.456 21 55942.50693941 20.028
 131  65.730440  66.133395     1.799     1.580 22 55952.42258203 19.920
 132  65.733314  66.132510     1.695     1.604 22 55962.33822168 19.059
 133  65.730724  66.133693     2.055     1.730 22 55972.25385878 17.298
 134  65.731238  66.135678     2.152     1.750 21 55982.16949491 17.745
 135  65.733010  66.136285     1.361     1.313 21 55992.08512959 17.319
 136  65.730759  66.135222     1.577     1.241 22 56002.00077679 17.133
 137  65.730451  66.133343     2.683     2.410 22 56011.91642667 17.983
 138  65.729711  66.132841     4.276     4.178 22 56021.83207286 18.264
 139  65.731570  66.134176     6.341     5.518 21 56031.74771642  8.032
 140  65.731671  66.136485     5.079     5.040 22 56041.66335774 12.405
 141  65.732645  66.137877     3.744     3.724 21 56051.57899678 27.216
 142  65.734098  66.137867     5.613     5.597 21 56061.49463308 34.713
 143  65.734542  66.136794     6.131     6.099 21 56071.41027173 29.773
 144  65.731520  66.136328     5.243     5.338 22 56081.32592204 30.915
 145  65.729428  66.136935     5.027     5.061 21 56091.24156980 35.149
 146  65.733262  66.137925     4.658     4.682 21 56101.15721573 38.356
 147  65.728799  66.137706     4.647     4.735 21 56111.07284668 37.511
 148  65.732207  66.135769     4.473     4.536 22 56120.98848660 35.186
 149  65.733491  66.133345     2.684     2.458 22 56130.90412261 48.428
 150  65.731783  66.132397     4.085     4.400 22 56140.81975674 32.436
 151  65.732558  66.133681     3.523     3.830 22 56150.73540777 35.444
 152  65.729975  66.135865     3.945     4.283 21 56160.65105662 30.633
 153  65.732750  66.136720     4.423     4.459 21 56170.56670434 25.785
 154  65.731459  66.135513     4.031     4.266 21 56180.48234772 34.867
 155  65.732635  66.133626     4.562     4.546 21 56190.39798735 28.734
 156  65.729662  66.132994     4.395     4.492 22 56200.31362370 32.430
 157  65.731719  66.134611     4.168     4.129 21 56210.22925809 35.307
 158  65.729131  66.137178     3.954     3.911 21 56220.14489021 35.701
 159  65.731668  66.138758     2.731     2.240 21 56230.06054018 29.592
 160  65.731062  66.138349     1.591     1.610 21 56239.97619340 42.664
 161  65.729373  66.137209     1.263     1.291 21 56249.89184259 34.980
 162  65.730943  66.136255     1.556     1.596 21 56259.80748725 31.556
 163  65.734364  66.136626     1.533     1.554 21 56269.72312943 27.967
 164  65.730975  66.137319     1.638     1.598 21 56279.63876926 21.427
 165  65.733621  66.137351     1.540     1.590 21 56289.55442043 18.688
 166  65.731174  66.135723     1.403     1.440 21 56299.47006854 19.054
 167  65.730235  66.133546     1.389     1.418 22 56309.38571281 18.041
 168  65.731530  66.132475     1.497     1.376 22 56319.30135488 18.215
 169  65.731679  66.133700     1.316     1.351 21 56329.21699589 17.969
 170  65.732958  66.135731     1.205     1.197 21 56339.13263616 15.723
 171  65.732186  66.136851     1.143     1.172 21 56349.04827417 15.673
 172  65.730807  66.135905     1.450     1.232 21 56358.96390956 15.250
 173  65.732128  66.134041     1.348     1.246 21 56368.87956029 14.753
 175  65.729790  66.135108     2.113     1.870 21 56388.71085319 14.387
 176  65.729404  66.137536     9.101     9.901 21 56398.62649651  6.826
 177  65.732563  66.138935     3.951     3.705 21 56408.54213770 12.981
 178  65.733825  66.138585     2.974     2.706 21 56418.45777444 39.814
 179  65.729598  66.137361     4.955     4.905 21 56428.37340686 42.375
 180  65.734241  66.136405     8.001     8.777 21 56438.28906114 28.546
 181  65.731150  66.136500     5.738     5.551 21 56448.20471212 31.731
 182  65.734599  66.136985     5.806     5.759 21 56458.12036151 27.506
 183  65.731407  66.136626     5.565     5.651 22 56468.03600701 27.440
 184  65.732273  66.135418     5.820     5.735 21 56477.95164884 53.658
 185  65.731773  66.133861     5.119     5.314 21 56487.86728672 33.919
 186  65.731954  66.133441     5.615     5.587 22 56497.78292209 46.589
 187  65.731036  66.134261     5.425     5.448 21 56507.69855613 48.802
 188  65.729643  66.135796     5.168     5.137 21 56517.61419345 42.499
 189  65.731662  66.136373     4.525     4.541 21 56527.52984789 41.303
 190  65.732603  66.135912     4.193     4.255 21 56537.44549799 36.282
 192  65.731627  66.134714     3.964     4.101 22 56557.27678748 32.672
 193  65.731239  66.135865     4.452     4.468 21 56567.19242999 25.345
 194  65.730034  66.137779     3.627     3.270 21 56577.10807108 23.848
 195  65.734053  66.138833     2.125     2.204 21 56587.02370916 39.096
 196  65.733028  66.138585     2.552     2.512 21 56596.93934926 41.311
 197  65.730764  66.137471     2.606     2.646 21 56606.85500091 34.462
 198  65.732826  66.136680     2.808     2.824 21 56616.77064804 31.321
 199  65.732987  66.136544     2.654     2.651 21 56626.68629154 29.931
 200  65.731977  66.136589     2.151     2.136 22 56636.60193218 22.238
 201  65.730203  66.136147     1.967     1.963 21 56646.51757270 21.566
 202  65.732837  66.135064     2.245     2.160 21 56656.43322517 18.694
 203  65.731097  66.133993     2.470     2.285 21 56666.34887290 17.977
 204  65.732282  66.133987     2.550     2.084 21 56676.26451827 15.660
 205  65.730168  66.134898     2.566     2.356 21 56686.18016224 15.441
 206  65.732085  66.135845     2.594     2.263 21 56696.09580459 15.030
 207  65.733598  66.136069     2.814     2.408 21 56706.01144236 14.208
 208  65.733279  66.135585     3.046     2.887 21 56715.92707511 14.438
 209  65.729616  66.135213     3.558     3.499 21 56725.84272823 14.388
 210  65.731242  66.135750     4.856     4.991 21 56735.75837784 13.921
 211  65.734877  66.137213     4.624     4.723 21 56745.67402425 14.237
 212  65.732766  66.138372     4.906     5.103 21 56755.58966587 13.637
 213  65.734856  66.138479     1.607     1.689 21 56765.50530222 19.217
 214  65.728971  66.137800     2.368     2.314 21 56775.42094077 12.384
 215  65.731296  66.137186     3.374     3.402 21 56785.33659771 37.117
 216  65.731587  66.137091     6.625     6.667 21 56795.25225083 41.270
 217  65.734323  66.137072     7.903     6.740 21 56805.16790018 31.603
 218  65.731388  66.136509     7.154     6.402 21 56815.08354214 30.328
 219  65.731808  66.135288     7.967     7.884 22 56824.99918093 29.671
 220  65.730509  66.134273     6.582     6.609 21 56834.91481579 39.984
 221  65.730203  66.134277     6.333     6.379 21 56844.83044737 28.523
 222  65.731591  66.135068     6.052     6.107 21 56854.74609276 27.804
 223  65.733885  66.135876     6.036     6.175 21 56864.66174660 28.046
 224  65.731795  66.136025     5.582     5.642 21 56874.57739932 32.738
 225  65.731977  66.135654     5.577     5.577 21 56884.49304909 36.116
 226  65.732017  66.135231     4.694     4.678 22 56894.40869574 40.259
 227  65.731826  66.135558     4.312     4.473 21 56904.32433918 36.400
 228  65.732623  66.136805     4.381     4.539 21 56914.23998064 33.977
 229  65.729632  66.138223     4.447     4.449 21 56924.15562000 39.091
 230  65.733123  66.138836     4.554     4.550 21 56934.07125731 36.852
 231  65.733067  66.138350     3.952     4.118 21 56943.98688901 23.487
 232  65.731982  66.137162     3.420     3.386 21 56953.90253656 44.851
 233  65.731962  66.136442     2.863     2.792 21 56963.81818668 33.186
 234  65.732057  66.136815     2.522     2.498 21 56973.73383206 22.641
 235  65.730206  66.137457     2.867     2.620 21 56983.64947290 24.033
 236  65.734017  66.136978     3.055     2.924 21 56993.56510944 22.495
 237  65.731664  66.135300     3.339     3.177 22 57003.48074643 21.554
 238  65.731106  66.133639     3.195     3.145 21 57013.39640283 18.797
 239  65.732468  66.133469     2.989     2.947 21 57023.31205411 16.805
 240  65.731960  66.135178     2.606     2.447 21 57033.22770264 14.339
 241  65.734091  66.136734     2.436     2.306 21 57043.14334912 13.935
 242  65.734584  66.136936     2.709     2.413 21 57053.05899309 13.991
 243  65.731796  66.135757     2.657     2.688 21 57062.97463230 13.295
 244  65.733269  66.134891     3.179     2.895 21 57072.89026672 13.608
 245  65.732340  66.135636     3.331     3.184 21 57082.80589704 12.817
 246  65.729661  66.137716     3.555     3.618 21 57092.72154432 13.817
 247  65.730654  66.139492    11.079    11.024 21 57102.63720149 11.258
 248  65.733314  66.139556    10.657    10.669 21 57112.55285517 11.286
 249  65.729427  66.138038     7.791     6.578 21 57122.46850230 11.412
 250  65.732126  66.136271     6.024     5.440 22 57132.38414453 11.534
 251  65.732399  66.135892     5.580     5.378 21 57142.29978171 10.659
 252  65.732427  66.136917     4.293     4.228 21 57152.21541582 37.492
 253  65.731818  66.137773     6.896     6.793 21 57162.13104706 36.604
 254  65.730445  66.137190     6.444     6.468 21 57172.04670431 33.634
 255  65.730223  66.135257     6.498     6.615 21 57181.96235874 29.713
 256  65.733272  66.133447     6.454     6.469 22 57191.87800959 28.411
 257  65.732878  66.133515     6.333     6.349 22 57201.79365725 26.496
 258  65.731263  66.135246     5.947     6.087 21 57211.70929118 31.041
 259  65.731306  66.137056     6.302     6.303 21 57221.62493497 27.297
 260  65.728980  66.137363     6.615     6.525 21 57231.54057719 27.948
 261  65.729845  66.136468     6.550     6.642 21 57241.45621719 28.857
 262  65.732116  66.135358     6.753     6.696 21 57251.37185471 28.724
 263  65.729373  66.135912     6.863     6.829 21 57261.28748985 50.103
 264  65.730440  66.137804     6.577     6.575 21 57271.20312409 52.516
 265  65.733837  66.139630     5.361     5.291 20 57281.11878015 42.239
 266  65.735852  66.139748     4.487     4.379 21 57291.03443553 38.472
 267  65.730380  66.138145     4.459     4.592 21 57300.95008717 32.633
 268  65.732281  66.135877     3.308     3.211 22 57310.86573577 33.875
 269  65.730240  66.135004     4.090     3.956 21 57320.78138064 44.239
 270  65.732396  66.135855     4.513     4.386 21 57330.69702329 48.552
 271  65.732934  66.137354     3.959     3.996 21 57340.61266367 32.417
 272  65.732922  66.137241     3.463     3.489 21 57350.52831410 29.257
 273  65.731578  66.135404     3.037     3.037 21 57360.44395906 28.246
 274  65.732074  66.133246     3.041     3.056 21 57370.35960103 26.019
 275  65.729528  66.133136     3.080     3.071 22 57380.27524045 25.589
 276  65.730936  66.135092     3.105     3.062 22 57390.19087918 23.145
 277  65.734207  66.137222     2.889     2.868 21 57400.10651712 20.906
 278  65.729927  66.137849     3.036     2.835 21 57410.02215585 19.293
 279  65.728940  66.136698     2.961     2.863 21 57419.93780823 17.352
 280  65.732853  66.135692     2.802     2.706 21 57429.85345848 20.226
 281  65.732025  66.136256     2.825     2.741 22 57439.76910611 19.755
 282  65.731452  66.138096     2.964     2.897 21 57449.68475270 14.700
 283  65.733822  66.139461     3.057     3.205 20 57459.60039817 15.434
 284  65.735297  66.139324     4.410     4.316 21 57469.51604041 12.310
 285  65.730404  66.137721     5.554     5.293 21 57479.43167804  8.801
 286  65.732964  66.135909     6.988     5.893 21 57489.34731329 10.104
 287  65.731237  66.135259     4.825     4.688 22 57499.26294615 10.550
 288  65.733079  66.135991     4.200     4.191 21 57509.17858955 34.069
 289  65.729947  66.136754     5.875     5.882 21 57519.09424520 31.457
 290  65.730757  66.136788     6.770     6.888 21 57529.00989840 42.032
 291  65.730905  66.135452     7.532     6.985 22 57538.92554848 31.551
 292  65.730760  66.134000     6.365     6.391 22 57548.84119586 34.733
 293  65.730992  66.133649     6.866     6.770 22 57558.75684191 49.661
 294  65.733272  66.134984     6.341     6.356 21 57568.67248732 26.495
 295  65.731835  66.136713     6.541     6.539 21 57578.58813186 51.722
 296  65.729522  66.137613     5.960     5.868 21 57588.50377485 29.016
 297  65.729971  66.137224     5.429     5.546 21 57598.41941550 35.720
