#   36.536  -0.038   2.128 ;Mean Elev.(m), Avg Gradient(m/km), RMS Gradient(m/km) - SRTM1     
#   44.516  -0.372   3.006 ;Mean Elev.(m), Avg Gradient(m/km), RMS Gradient(m/km) - ASTER GDEM
#   35.128  -0.034   1.540 ;Mean Elev.(m), Avg Gradient(m/km), RMS Gradient(m/km) - GMTED2010 
   1  78.948973  59.940513    42.766    42.742  4 54660.26168500 49.853
   2  78.949460  59.941320    45.428    45.653  4 54670.17733095 27.827
   3  78.948446  59.942430   -26.437   -26.349  4 54680.09297497  5.381
   4  78.946036  59.942243    39.803    39.826  4 54690.00861751 45.622
   5  78.947541  59.941911   -25.465   -25.333  4 54699.92425814 10.476
   6  78.949287  59.940797    39.609    39.575  4 54709.83990310 49.173
   7  78.948350  59.939589   -14.930   -16.689  4 54719.75555414 10.662
   8  78.948640  59.939399    39.051    39.072  4 54729.67120288 43.561
   9  78.948354  59.940208    41.460    39.496  3 54739.58685021 30.586
  10  78.945623  59.940357    39.856    39.837  4 54749.50249728 46.899
  11  78.946799  59.941646    44.929    45.009  4 54759.41814466 27.711
  12  78.947044  59.941246    41.690    40.870  4 54769.33378941 28.270
  13  78.949796  59.940680    42.720    43.666  4 54779.24943098 31.532
  14  78.949252  59.938768    40.873    40.877  4 54789.16506951 43.445
  15  78.949492  59.938430    40.932    40.930  4 54799.08070717 33.438
  16  78.948669  59.938609    40.518    40.416  4 54808.99634479 33.451
  17  78.949188  59.939200    39.721    39.700  4 54818.91198214 29.559
  18  78.947028  59.939820    39.874    39.761  4 54828.82763406 23.787
  19  78.948619  59.941847    43.426    43.452  4 54838.74327325 20.103
  20  78.947316  59.943374    43.206    43.454  5 54848.65892248 20.250
  21  78.946195  59.944859    39.954    38.989  5 54858.57457128 23.691
  22  78.945368  59.945712    43.608    43.691  5 54868.49022020 18.991
  23  78.947021  59.945564    43.694    43.741  5 54878.40586839 17.775
  24  78.945764  59.942671    43.891    43.759  4 54888.32151285 16.219
  25  78.949087  59.941917    43.832    43.712  4 54898.23715467 16.401
  26  78.949195  59.941723    43.632    43.586  4 54908.15279366 16.572
  27  78.948310  59.942054    39.391    38.927  4 54918.06843129 13.987
  28  78.945723  59.941018    40.250    40.341  4 54927.98406838 28.307
  29  78.949838  59.940836    40.172    40.189  4 54937.89970550 34.522
  30  78.949339  59.937977    44.114    44.129  4 54947.81534011 45.372
  31  78.950404  59.936105    44.524    44.517  4 54957.73097507 49.682
  32  78.951549  59.937537    44.841    44.828  4 54967.64662383 46.846
  33  78.948937  59.938466    44.889    44.982  3 54977.56227126 32.837
  34  78.948771  59.940210    39.667    39.665  4 54987.47791909 19.203
  35  78.948884  59.941040    45.021    44.842  4 54997.39356699 30.696
  36  78.945755  59.940272    44.726    44.740  4 55007.30921265 28.825
  37  78.946045  59.941082    44.671    44.430  4 55017.22485669 32.022
  38  78.948067  59.943244    43.562    43.543  4 55027.14049959 37.823
  39  78.945763  59.943882    43.761    44.128  5 55037.05614137 34.096
  40  78.946045  59.943666    42.507    41.785  5 55046.97178225 32.778
  41  78.946372  59.940949    42.385    41.666  4 55056.88742090 32.495
  42  78.950114  59.938512    41.122    41.027  4 55066.80305753 46.401
  43  78.949923  59.937791    41.418    40.168  4 55076.71870764 33.291
  44  78.948310  59.938834    42.414    42.179  4 55086.63435544 32.639
  45  78.947569  59.941059    39.564    39.530  4 55096.55000193 34.848
  46  78.946807  59.941941    39.560    39.502  4 55106.46564793 30.918
  47  78.946270  59.940794    40.713    39.576  4 55116.38129329 30.274
  48  78.948720  59.939562    44.530    44.656  4 55126.29693656 28.999
  49  78.950029  59.938603    40.412    40.379  4 55136.21257729 41.183
  50  78.950701  59.938972    41.458    41.401  4 55146.12821600 44.298
  51  78.948088  59.939418    41.492    41.470  4 55156.04385360 43.451
  52  78.946911  59.939855    41.205    41.217  4 55165.95949142 36.005
  53  78.949111  59.940452    40.603    40.604  4 55175.87512929 30.976
  54  78.948681  59.939239    43.626    43.489  4 55185.79077057 21.022
  55  78.948925  59.940571    43.754    43.646  4 55195.70642178 17.943
  56  78.946091  59.942084    43.548    43.642  4 55205.62207154 17.724
  57  78.945463  59.944463    43.370    43.401  5 55215.53772104 17.581
  58  78.946544  59.945679    43.544    43.537  5 55225.45337004 15.979
  59  78.946897  59.943817    43.345    43.393  5 55235.36901646 16.204
  60  78.946384  59.940015    43.611    43.491  4 55245.28465919 16.131
  61  78.949611  59.939165    43.620    43.650  4 55255.20029978 14.622
  62  78.948971  59.939937    43.601    43.616  4 55265.11593858 13.952
  63  78.949216  59.942332    43.361    43.306  4 55275.03157675 13.632
  64  78.946167  59.941435    44.769    44.798  4 55284.94721342 10.820
  65  78.948663  59.939521    44.829    44.845  3 55294.86284869 11.137
  66  78.951501  59.937133    44.310    44.273  4 55304.77848697  9.497
  67  78.951444  59.936508    41.548    39.792  3 55314.69413405 34.232
  68  78.949517  59.937669    44.592    44.530  3 55324.60977950 32.089
  69  78.946952  59.939582    45.069    45.110  4 55334.52542380 31.981
  70  78.947645  59.941828    45.460    45.422  4 55344.44106819 31.417
  71  78.945679  59.941006    45.934    45.939  4 55354.35671124 39.529
  72  78.947158  59.940753    46.407    46.401  4 55364.27235257 40.358
  73  78.946801  59.940206    46.382    46.374  4 55374.18799197 34.637
  74  78.947033  59.940882    46.213    46.194  4 55384.10363032 33.098
  75  78.946564  59.941306    45.735    45.733  4 55394.01926770 38.051
  76  78.948856  59.941481    45.228    45.225  4 55403.93490542 31.725
  77  78.946746  59.939644    43.023    43.017  4 55413.85055660 39.142
  78  78.948864  59.938333    41.772    41.719  3 55423.76620529 35.982
  79  78.949417  59.937161    41.353    41.254  3 55433.68185131 38.184
  80  78.948858  59.938413    40.721    40.731  4 55443.59749600 48.563
  81  78.949351  59.941151    41.302    39.882  4 55453.51313972 32.771
  82  78.948460  59.942335    41.695    40.809  4 55463.42878233 32.662
  83  78.948685  59.940752    42.739    42.652  4 55473.34442246 30.221
  85  78.951747  59.936114    41.765    40.025  3 55493.17569484 29.556
  86  78.951910  59.936399    43.065    44.457  3 55503.09132865 30.612
  87  78.949104  59.938772    39.185    39.255  3 55513.00697556 30.485
  88  78.946703  59.940916    39.920    39.861  4 55522.92262510 40.476
  89  78.946325  59.941864    40.146    40.147  4 55532.83827313 27.919
  90  78.946045  59.941258    44.513    44.592  4 55542.75391930 18.657
  91  78.947084  59.941414    43.918    44.132  4 55552.66956373 19.435
  92  78.947907  59.942797    44.126    44.068  4 55562.58520712 17.347
  93  78.946880  59.943339    43.967    44.023  5 55572.50084960 17.667
  94  78.946474  59.942560    43.956    43.927  4 55582.41649074 17.622
  95  78.948940  59.940725    44.166    44.088  4 55592.33212868 17.117
  96  78.950195  59.937525    43.968    44.063  4 55602.24776300 16.363
  97  78.951703  59.935727    44.103    44.020  4 55612.16339532 16.342
  98  78.951797  59.935882    43.583    43.755  3 55622.07902949 16.716
  99  78.950204  59.938779    44.147    43.946  4 55631.99468247 15.604
 100  78.948217  59.939748    43.864    43.981  4 55641.91033295 15.364
 101  78.948984  59.939482    44.686    44.711  4 55651.82598072 10.604
 102  78.950800  59.938184    40.799    40.818  4 55661.74162451 28.450
 103  78.951028  59.937588    40.625    40.602  4 55671.65726515 42.380
 104  78.951050  59.938614    44.515    44.511  4 55681.57290453 48.116
 105  78.947907  59.939095    45.109    44.949  4 55691.48854192 33.624
 106  78.947015  59.939542    45.435    45.435  4 55701.40417790 32.295
 107  78.947502  59.939845    45.288    45.278  4 55711.31981939 52.765
 108  78.948059  59.940632    44.712    44.691  4 55721.23546938 53.621
 109  78.945731  59.940492    43.946    43.458  4 55731.15111685 33.715
 110  78.945912  59.941224    43.098    42.335  4 55741.06676332 35.851
 111  78.946181  59.941679    42.538    41.682  4 55750.98240848 31.871
 112  78.945915  59.940657    42.120    41.071  4 55760.89805101 35.416
 113  78.948313  59.939742    41.931    40.820  4 55770.81369097 31.557
 114  78.950064  59.937987    40.632    40.712  3 55780.72932734 39.350
 115  78.950873  59.936641    41.979    40.303  3 55790.64496118 32.041
 116  78.951015  59.936112    41.699    40.415  4 55800.56059399 36.099
 117  78.950533  59.938066    41.588    40.359  4 55810.47624306 29.777
 118  78.948651  59.938681    42.677    42.469  4 55820.39189196 33.651
 119  78.949771  59.938487    39.712    39.699  3 55830.30753636 33.026
 120  78.950182  59.936873    42.687    42.294  4 55840.22317595 29.304
 121  78.950709  59.936110    38.928    38.913  4 55850.13881252 38.546
 122  78.950376  59.936670    40.952    39.553  4 55860.05444709 32.878
 123  78.947488  59.938767    38.690    38.682  4 55869.97009770 39.081
 124  78.949047  59.941440    39.628    39.601  4 55879.88574903 38.009
 125  78.948163  59.941354    39.575    39.552  4 55889.80139310 29.340
 126  78.949973  59.941242    43.057    44.021  4 55899.71703161 22.380
 127  78.947754  59.939395    43.997    44.059  4 55909.63266476 20.102
 128  78.945906  59.940469    43.884    43.889  4 55919.54831617 20.255
 129  78.948419  59.942150    43.870    43.831  4 55929.46396938 19.066
 130  78.948575  59.941135    44.042    43.978  4 55939.37961835 18.831
 131  78.949696  59.939698    43.694    43.681  4 55949.29526253 18.634
 132  78.949102  59.938473    43.651    43.650  3 55959.21090219 18.685
 133  78.948314  59.938339    43.154    43.147  4 55969.12653948 18.995
 134  78.949164  59.939094    43.269    43.469  4 55979.04217601 18.619
 135  78.949113  59.938278    43.487    43.481  4 55988.95781150 18.706
 136  78.950750  59.937922    43.532    43.484  4 55998.87345327 18.577
 137  78.950696  59.937873    43.330    43.296  3 56008.78910409 17.992
 138  78.950394  59.938113    44.858    44.792  3 56018.70475078  5.143
 139  78.950178  59.939557    41.564    40.535  4 56028.62039480 31.228
 140  78.947209  59.940275    43.151    42.706  4 56038.53603682 37.366
 141  78.947752  59.941229    43.278    43.249  4 56048.45167726 30.241
 142  78.947763  59.940923    42.192    42.176  3 56058.36731476 49.143
 143  78.948157  59.939235    42.464    42.505  4 56068.28294770 42.418
 144  78.949347  59.940920    44.622    45.382  4 56078.19859921 27.850
 145  78.947178  59.941655    41.569    41.367  4 56088.11424769 52.351
 146  78.946786  59.942447    40.439    40.441  4 56098.02989378 39.052
 147  78.947471  59.941808    40.618    39.425  5 56107.94553750 34.989
 148  78.948649  59.939688    40.787    39.453  4 56117.86116668 32.823
 149  78.949422  59.937107    38.826    38.694  3 56127.77680368 46.207
 150  78.952022  59.936502    38.621    38.641  4 56137.69243750 39.286
 151  78.949241  59.937409    38.755    38.723  4 56147.60808347 39.727
 152  78.947647  59.939206    41.976    42.057  4 56157.52373290 25.588
 153  78.946336  59.939562    40.317    39.475  4 56167.43938122 26.846
 154  78.947272  59.938806    38.334    38.276  4 56177.35502698 34.838
 155  78.948539  59.937602    40.186    38.782  4 56187.27066800 33.017
 156  78.949018  59.937092    40.639    39.434  4 56197.18630535 30.529
 157  78.949554  59.938257    42.320    44.096  3 56207.10193988 29.678
 158  78.948446  59.939189    38.912    38.867  4 56217.01757259 32.703
 159  78.949083  59.940647    42.853    44.123  4 56226.93321508 30.111
 160  78.947210  59.940489    40.103    40.168  4 56236.84886957 47.255
 161  78.947942  59.940597    39.697    39.688  4 56246.76452050 32.426
 162  78.946547  59.940247    40.487    39.732  4 56256.68016616 28.177
 163  78.946133  59.941268    44.081    43.979  4 56266.59580856 21.430
 164  78.947562  59.942586    43.722    43.736  4 56276.51144955 20.105
 165  78.948660  59.942635    43.675    43.758  4 56286.42709681 19.424
 166  78.947653  59.940077    43.812    43.762  4 56296.34274643 19.111
 167  78.950474  59.938902    43.714    43.604  4 56306.25839252 18.858
 168  78.948798  59.938043    43.844    43.763  4 56316.17403499 17.068
 169  78.949179  59.940273    43.676    43.786  4 56326.08967621 16.990
 170  78.947524  59.941226    43.661    43.560  4 56336.00531608 17.442
 171  78.947949  59.940562    43.559    43.812  3 56345.92095462 16.439
 172  78.949550  59.938236    43.809    43.902  3 56355.83659064 14.968
 173  78.949760  59.937117    43.746    43.810  3 56365.75223694 14.715
 174  78.949287  59.938189    43.943    43.995  3 56375.66788571 13.377
 176  78.946466  59.943112    38.923    38.897  4 56395.49917569 19.837
 177  78.945619  59.943383    41.412    41.802  5 56405.41481736 35.688
 178  78.947135  59.942428    45.150    45.140  5 56415.33045585 52.518
 179  78.947315  59.939332    44.901    44.873  4 56425.24608908 31.911
 180  78.949583  59.940306    45.441    45.472  4 56435.16173736 31.821
 181  78.947473  59.941667    45.956    45.981  4 56445.07738924 33.940
 182  78.947356  59.943751    46.563    46.563  5 56454.99303892 35.818
 183  78.945713  59.942944    46.546    46.536  4 56464.90868509 35.583
 184  78.945712  59.940319    46.510    46.523  4 56474.82432755 35.268
 185  78.948911  59.938075    46.154    46.163  3 56484.73996694 54.507
 186  78.949117  59.936720    44.669    44.283  4 56494.65560320 33.681
 187  78.949836  59.937885    44.093    43.990  3 56504.57123796 26.943
 188  78.949152  59.938601    42.613    41.240  3 56514.48687102 30.535
 189  78.949941  59.940318    43.286    43.233  4 56524.40252339 30.794
 190  78.948140  59.938908    43.433    43.437  4 56534.31817455 26.817
 192  78.950379  59.939255    44.105    44.939  4 56554.14946710 28.141
 193  78.947927  59.940850    40.327    40.406  4 56564.06510983 52.665
 194  78.946324  59.942803    42.042    42.865  5 56573.98075132 32.106
 195  78.946889  59.943396    45.027    44.894  5 56583.89639026 23.735
 196  78.947645  59.940968    40.158    40.185  4 56593.81202419 38.803
 197  78.947075  59.940184    40.273    40.115  4 56603.72767728 42.714
 198  78.946725  59.940005    40.962    40.933  4 56613.64332592 31.424
 199  78.946663  59.940953    41.044    41.063  4 56623.55897075 36.526
 200  78.945825  59.941337    42.204    41.999  4 56633.47461264 33.450
 201  78.946304  59.940357    41.649    41.690  4 56643.39024982 26.726
 202  78.946758  59.939332    41.749    41.259  4 56653.30590132 20.249
 203  78.949421  59.938868    42.592    42.585  4 56663.22155074 19.732
 204  78.948873  59.938373    40.848    40.863  4 56673.13719700 26.129
 205  78.947665  59.939843    44.491    44.433  4 56683.05284197 17.837
 206  78.947737  59.941484    44.236    44.137  4 56692.96848493 16.286
 207  78.947647  59.941176    44.118    44.156  4 56702.88412342 16.682
 208  78.948391  59.938788    44.261    44.311  4 56712.79975659 16.496
 209  78.948507  59.938455    39.552    39.554  4 56722.71540386 15.779
 210  78.949282  59.940292    44.973    44.981  4 56732.63105519 14.050
 211  78.946579  59.942165    45.368    45.303  4 56742.54670275 10.311
 212  78.946547  59.944256    39.807    39.762  4 56752.46234627 17.826
 213  78.945726  59.943589    41.940    41.966  5 56762.37798412 38.078
 214  78.946415  59.940969    45.205    45.200  4 56772.29361492 44.115
 215  78.945805  59.941095    45.667    45.663  4 56782.20927262 32.833
 216  78.948112  59.942687    45.734    45.686  4 56792.12492728 38.321
 217  78.947327  59.943826    45.527    45.538  5 56802.04057865 35.519
 218  78.947208  59.944141    45.571    45.555  4 56811.95622243 32.271
 219  78.946378  59.942724    45.723    45.781  5 56821.87186185 53.773
 220  78.946349  59.939971    39.698    39.695  4 56831.78749700 23.389
 221  78.949400  59.937914    45.223    45.308  3 56841.70312922 43.152
 222  78.950130  59.937188    43.963    43.964  3 56851.61876716 30.977
 223  78.948000  59.938914    42.645    42.649  4 56861.53442162 31.960
 224  78.947021  59.941088    42.478    41.713  4 56871.45007565 32.404
 225  78.947757  59.942430    42.240    41.431  4 56881.36572680 30.830
 226  78.946961  59.941952    42.547    42.255  5 56891.28137387 32.914
 227  78.948790  59.942360    41.274    39.823  4 56901.19701829 33.697
 228  78.947149  59.942939    41.352    42.102  5 56911.11266036 33.375
 229  78.946833  59.944008    43.249    44.147  5 56921.02830095 31.477
 230  78.946590  59.944267    39.498    39.452  4 56930.94393924 49.729
 231  78.946784  59.942654    40.609    39.342  4 56940.85957228 28.282
 232  78.948792  59.941674    39.365    39.338  4 56950.77521205 50.074
 233  78.946937  59.941029    41.226    41.235  4 56960.69086341 33.740
 234  78.945878  59.941017    42.150    42.197  4 56970.60651001 33.436
 235  78.946802  59.941322    41.519    41.502  4 56980.52215293 29.661
 236  78.946105  59.940029    44.208    44.182  4 56990.43779112 18.144
 237  78.949608  59.938670    44.055    44.161  3 57000.35342334 17.840
 238  78.948624  59.938623    43.845    43.779  4 57010.26907855 18.636
 239  78.948541  59.938869    44.141    44.163  4 57020.18473075 19.227
 240  78.947335  59.939464    44.139    44.109  4 57030.10037981 16.944
 241  78.948313  59.941051    44.288    44.234  4 57040.01602738 17.658
 242  78.947065  59.941302    44.272    44.273  4 57049.93167234 16.833
 243  78.949029  59.941308    44.251    44.261  4 57059.84731353 15.304
 244  78.947452  59.939303    43.807    43.833  4 57069.76294848 17.985
 245  78.950256  59.939461    43.945    44.077  4 57079.67857986 16.021
 246  78.948959  59.939939    44.262    44.276  4 57089.59421810 16.559
 247  78.946597  59.942510    45.460    45.409  5 57099.50987636 18.745
 248  78.947211  59.944518    45.261    45.233  5 57109.42553182 15.240
 249  78.947519  59.943869    43.745    44.001  4 57119.34118151 12.956
 250  78.947062  59.942169    40.134    40.041  5 57129.25682498 25.576
 251  78.946783  59.941118    42.851    42.870  4 57139.17246305 38.535
 252  78.946262  59.940536    45.614    45.560  4 57149.08809740 34.300
 253  78.947911  59.939975    46.185    46.129  4 57159.00372915 37.714
 254  78.949049  59.939988    47.092    47.080  4 57168.91937899 33.854
 255  78.948719  59.939424    47.610    47.612  3 57178.83503466 51.758
 256  78.948141  59.938816    47.414    47.415  4 57188.75068624 33.177
 257  78.947928  59.939516    47.040    47.052  4 57198.66633419 34.450
 258  78.945677  59.940154    46.251    46.293  4 57208.58196837 36.756
 259  78.948493  59.942227    45.209    45.201  4 57218.49761340 32.456
 260  78.946349  59.940960    42.681    41.710  4 57228.41325657 38.357
 261  78.949076  59.940874    41.887    40.660  4 57238.32889816 32.020
 262  78.949221  59.939931    43.082    43.001  4 57248.24453614 32.754
 263  78.950026  59.940433    43.140    43.130  4 57258.16017182 30.781
 264  78.948381  59.940882    40.232    40.270  4 57268.07580595 41.858
 265  78.946744  59.942210    41.018    39.769  5 57277.99145440 37.733
 266  78.946963  59.943071    41.235    39.897  4 57287.90711068 34.222
 267  78.946073  59.941968    40.364    40.336  4 57297.82276372 38.108
 268  78.948491  59.941680    44.742    45.254  4 57307.73841360 30.622
 269  78.946836  59.941429    41.457    41.329  4 57317.65405947 41.430
 270  78.948000  59.943163    41.087    41.111  4 57327.56970274 36.521
 271  78.947339  59.943516    40.747    40.695  4 57337.48534356 50.440
 272  78.948262  59.943193    41.318    41.299  4 57347.40099169 38.711
 273  78.948916  59.941332    41.635    41.651  4 57357.31663835 32.556
 274  78.947872  59.938915    41.940    41.922  4 57367.23228133 25.697
 275  78.948529  59.939005    43.031    43.107  4 57377.14792159 22.455
 276  78.946958  59.939647    42.796    42.839  4 57387.06355979 20.212
 277  78.948442  59.940781    43.289    43.420  4 57396.97919758 19.175
 278  78.948388  59.939592    43.749    43.761  4 57406.89483368 19.050
 279  78.947420  59.938736    44.171    44.132  4 57416.81048461 18.477
 280  78.948942  59.939727    43.692    43.798  3 57426.72613580 18.311
 281  78.946874  59.941169    44.082    44.071  4 57436.64178392 18.030
 282  78.946820  59.944183    45.010    44.982  5 57446.55743093 15.081
 283  78.944942  59.945201    44.528    44.586  5 57456.47307664 17.010
 284  78.946774  59.944765    44.860    44.993  4 57466.38872020 15.614
 285  78.948653  59.941797    44.825    44.777  4 57476.30435952  6.536
 286  78.948049  59.938325    40.423    40.322  4 57486.21999518 26.620
 287  78.949967  59.938059    42.753    42.781  3 57496.13562899 39.186
 288  78.948873  59.938677    45.771    45.879  3 57506.05126402 32.607
 289  78.949258  59.941689    45.609    45.507  4 57515.96692066 33.789
 290  78.947226  59.940882    45.753    45.767  4 57525.88257396 36.191
 291  78.947850  59.939009    45.826    45.830  4 57535.79822494 35.718
 292  78.949916  59.938451    45.599    45.548  3 57545.71387346 37.073
 293  78.949529  59.939233    45.173    45.201  4 57555.62952010 36.257
 294  78.946285  59.940503    44.287    43.830  4 57565.54516521 33.490
 295  78.946829  59.942447    42.603    42.609  5 57575.46081008 47.130
 296  78.946030  59.941982    42.425    42.435  4 57585.37645378 48.641
 297  78.949610  59.941951    44.617    45.011  4 57595.29209580 29.380
