-134639.792   633.809     0.00   30.70
-134352.811   629.301   -15.71   30.53
-134065.826   625.024   -14.90   32.29
-133778.835   618.494   -22.75   32.31
-133491.839   607.565   -38.08   31.94
-133204.994   591.459   -56.15   34.73
-132919.045   575.754   -54.92   39.62
-132633.091   563.293   -43.58   38.26
-132347.133   555.111   -28.61   34.72
-132061.170   546.147   -31.35   33.70
-131775.203   537.247   -31.12   36.84
-131489.231   523.859   -46.81   48.60
-131203.255   507.776   -56.24   62.47
-130917.274   487.177   -72.03   74.06
-130631.289   462.919   -84.82   72.26
-130345.299   439.757   -80.99   57.38
-130059.305   427.380   -43.28   47.52
-129773.306   420.293   -24.78   43.51
-129487.302   422.306     7.04   46.74
-129201.294   427.374    17.72   48.53
-128915.282   440.125    44.58   47.17
-128629.265   457.341    60.19   40.87
-128343.244   467.276    34.74   36.91
-128057.218   474.542    25.40   34.21
-127771.187   478.221    12.86   36.62
-127485.152   479.795     5.50   43.84
-127199.113   480.358     1.97   56.02
-126913.069   487.269    24.16   70.77
-126627.020   504.016    58.55   86.93
-126340.967   519.442    53.93   99.85
-126054.909   540.603    73.97   93.90
-125768.847   557.533    59.18   77.98
-125482.781   557.215    -1.11   73.24
-125196.710   538.331   -66.01   85.10
-124910.634   503.981  -120.07  102.58
-124624.554   455.418  -169.75  110.59
-124338.469   407.274  -168.28  104.79
-124052.380   363.593  -152.68   91.41
-123766.286   324.505  -136.62   71.29
-123480.188   290.807  -117.78   48.94
-123194.085   265.810   -87.37   38.03
-122907.978   246.371   -67.94   37.37
-122621.866   227.066   -67.47   39.85
-122335.750   206.044   -73.47   41.93
-122049.629   185.931   -70.30   40.53
-121763.503   166.739   -67.07   36.40
-121477.373   150.445   -56.95   30.29
-121191.239   137.917   -43.78   22.86
-120905.100   129.050   -30.99   15.09
-120618.957   126.338    -9.48   12.63
-120332.809   128.252     6.69   17.43
-120046.656   132.138    13.58   20.54
-119760.499   136.369    14.79   20.27
-119474.337   140.504    14.45   19.24
-119188.171   145.938    18.99   17.01
-118902.001   150.923    17.42   14.87
-118615.825   154.959    14.10   16.36
-118329.646   165.701    37.53   28.94
-118043.462   183.755    63.09   46.27
-117757.273   207.706    83.69   57.24
-117471.080   233.506    90.15   58.40
-117184.882   256.281    79.58   52.18
-116898.679   276.614    71.04   38.47
-116612.473   287.104    36.65   21.97
-116326.261   287.510     1.42   16.53
-116040.045   282.617   -17.10   19.39
-115753.825   277.103   -19.26   23.00
-115467.600   270.532   -22.96   23.80
-115181.371   267.225   -11.55   23.18
-114895.136   266.000    -4.28   23.96
-114608.898   265.544    -1.59   24.32
-114322.655   268.509    10.36   23.30
-114036.407   267.374    -3.97   24.28
-113750.155   262.607   -16.65   31.19
-113463.898   250.154   -43.50   42.68
-113177.637   225.388   -86.51   55.85
-112891.372   199.501   -90.43   61.73
-112605.101   169.338  -105.36   62.31
-112318.827   142.231   -94.69   52.76
-112032.547   118.706   -82.17   38.78
-111746.263   101.673   -59.50   24.25
-111459.975    90.425   -39.29   16.57
-111173.682    83.127   -25.49   14.96
-110887.385    77.276   -20.44   15.17
-110601.083    71.657   -19.63   14.53
-110314.776    67.171   -15.67   13.54
-110028.465    62.987   -14.61   13.61
-109742.149    59.293   -12.90   13.48
-109455.829    56.374   -10.19   12.41
-109169.505    52.674   -12.92   11.27
-108883.175    48.743   -13.73    8.30
-108596.842    46.272    -8.63    6.27
-108310.503    44.397    -6.55    4.08
-108024.161    43.071    -4.63    2.74
-107737.813    42.474    -2.09    2.27
-107451.461    41.952    -1.82    1.87
-107165.105    41.624    -1.15    2.11
-106878.744    41.015    -2.12    2.77
-106592.379    40.526    -1.71    3.65
-106306.009    40.030    -1.73    4.09
-106019.634    39.624    -1.42    4.08
-105733.255    39.009    -2.14    3.96
-105446.871    38.348    -2.31    3.86
-105160.483    38.208    -0.49    4.19
-104874.090    39.175     3.38    4.04
-104587.693    40.037     3.01    3.81
-104301.291    40.356     1.11    3.96
-104014.885    41.694     4.67    4.34
-103728.474    43.518     6.37    5.36
-103442.059    44.959     5.03    6.06
-103155.639    45.931     3.39    6.09
-102869.214    45.674    -0.90    6.34
-102582.785    45.650    -0.08    6.21
-102296.352    44.195    -5.08    4.92
-102009.914    42.809    -4.84    4.21
-101723.471    41.814    -3.47    3.72
-101437.024    41.377    -1.53    3.33
-101150.572    42.297     3.21    3.62
-100864.116    42.974     2.36    3.53
-100577.655    42.350    -2.18    4.24
-100291.189    41.891    -1.60    4.63
-100004.720    42.050     0.55    4.89
 -99718.245    41.785    -0.92    4.90
 -99431.766    40.691    -3.82    5.00
 -99145.283    39.578    -3.88    5.05
 -98858.794    39.089    -1.71    5.46
 -98572.302    39.663     2.00    5.97
 -98285.805    40.226     1.96    6.43
 -97999.303    41.216     3.46    6.51
 -97712.797    42.708     5.20    6.67
 -97426.286    44.056     4.71    7.01
 -97139.770    45.850     6.26    6.85
 -96853.250    47.197     4.70    6.45
 -96566.726    48.600     4.89    5.80
 -96280.197    50.474     6.54    6.26
 -95993.663    52.044     5.48    6.35
 -95707.125    53.061     3.55    5.59
 -95420.583    53.125     0.22    5.57
 -95134.035    52.181    -3.29    6.69
 -94847.484    50.208    -6.89    8.44
 -94560.927    46.702   -12.23   11.22
 -94274.366    41.952   -16.58   13.00
 -93987.801    34.918   -24.55   14.69
 -93701.231    27.272   -26.68   14.85
 -93414.657    22.470   -16.76   11.78
 -93128.078    20.645    -6.37    9.40
 -92841.494    21.165     1.81    9.25
 -92554.906    24.522    11.71   10.53
 -92268.313    29.237    16.45   11.42
 -91981.716    34.551    18.54   10.29
 -91695.114    39.101    15.88    7.74
 -91408.508    42.002    10.12    6.20
 -91121.897    44.262     7.89    4.33
 -90835.281    45.778     5.29    2.99
 -90548.661    46.459     2.38    2.45
 -90262.037    46.202    -0.90    3.44
 -89975.408    45.392    -2.83    4.34
 -89688.774    44.631    -2.66    4.81
 -89402.136    43.365    -4.42    5.17
 -89115.493    42.148    -4.24    5.27
 -88828.845    40.456    -5.90    4.60
 -88542.194    39.319    -3.97    3.72
 -88255.537    38.974    -1.20    3.31
 -87968.876    39.445     1.65    4.12
 -87682.210    41.070     5.67    6.48
 -87395.540    43.987    10.17    8.40
 -87108.866    47.312    11.60    8.78
 -86822.186    50.642    11.62    7.74
 -86535.503    53.516    10.03    5.72
 -86248.814    55.077     5.44    3.86
 -85962.121    55.188     0.39    2.91
 -85675.424    54.218    -3.38    3.45
 -85388.722    52.832    -4.84    3.76
 -85102.015    51.633    -4.18    3.35
 -84815.304    50.358    -4.45    2.55
 -84528.588    49.966    -1.37    1.95
 -84241.868    50.463     1.73    2.39
 -83955.143    51.593     3.94    2.95
 -83668.414    52.774     4.12    2.92
 -83381.680    53.716     3.29    2.71
 -83094.941    54.640     3.22    2.49
 -82808.198    55.242     2.10    2.09
 -82521.451    55.029    -0.74    2.08
 -82234.699    54.399    -2.20    2.05
 -81947.942    53.924    -1.66    1.68
 -81661.181    53.487    -1.52    1.80
 -81374.415    53.774     1.00    3.27
 -81087.644    54.780     3.51    4.60
 -80800.869    56.330     5.40    5.28
 -80514.090    58.385     7.17    5.35
 -80227.305    60.809     8.45    5.24
 -79940.517    63.348     8.85    4.76
 -79653.724    65.442     7.30    4.39
 -79366.926    67.765     8.10    5.18
 -79080.123    69.895     7.43    5.99
 -78793.316    73.009    10.86    6.84
 -78506.505    76.661    12.73    8.49
 -78219.689    80.281    12.62   10.15
 -77932.868    84.429    14.46   10.99
 -77646.043    89.171    16.53   10.52
 -77359.213    93.331    14.50    9.35
 -77072.379    97.456    14.38    8.26
 -76785.540   100.216     9.62    6.79
 -76498.696   101.877     5.79    5.80
 -76211.848   102.692     2.84    5.06
 -75924.996   103.297     2.11    4.43
 -75638.139   103.374     0.27    4.12
 -75351.277   103.438     0.22    3.97
 -75064.411   104.089     2.27    3.75
 -74777.540   105.422     4.64    4.11
 -74490.664   107.119     5.92    4.44
 -74203.784   108.405     4.48    4.53
 -73916.900   109.794     4.84    4.29
 -73630.010   110.952     4.04    4.91
 -73343.117   111.823     3.04    6.00
 -73056.218   112.220     1.38    6.96
 -72769.315   111.456    -2.66    7.52
 -72482.408   111.645     0.66    7.81
 -72195.496   112.297     2.27    7.26
 -71908.579   112.214    -0.29    6.74
 -71621.658   112.381     0.58    5.63
 -71334.936   112.720     1.18    4.32
 -71048.911   112.859     0.49    3.33
 -70762.882   113.338     1.68    2.67
 -70476.849   113.574     0.82    2.27
 -70190.812   114.395     2.87    2.72
 -69904.771   115.163     2.69    3.04
 -69618.727   116.055     3.12    3.29
 -69332.679   117.253     4.19    3.99
 -69046.627   118.452     4.19    4.60
 -68760.571   120.010     5.45    5.11
 -68474.511   121.654     5.75    5.36
 -68188.448   123.773     7.41    5.47
 -67902.381   125.594     6.36    4.94
 -67616.310   127.387     6.27    4.42
 -67330.235   129.067     5.87    3.61
 -67044.156   130.132     3.72    2.83
 -66758.074   130.607     1.66    2.70
 -66471.988   130.725     0.41    3.29
 -66185.898   130.694    -0.11    4.14
 -65899.804   130.197    -1.74    4.69
 -65613.706   129.508    -2.41    4.85
 -65327.605   129.082    -1.49    4.89
 -65041.499   128.895    -0.65    5.15
 -64755.390   128.959     0.23    5.45
 -64469.277   130.425     5.12    6.56
 -64183.161   131.535     3.88    7.00
 -63897.040   132.754     4.26    7.11
 -63610.916   134.001     4.36    6.72
 -63324.788   134.053     0.18    6.36
 -63038.656   133.420    -2.21    7.03
 -62752.520   132.197    -4.27    8.56
 -62466.381   131.439    -2.65    9.33
 -62180.238   130.480    -3.35    9.67
 -61894.090   130.015    -1.63    9.27
 -61607.940   130.945     3.25    7.82
 -61321.785   131.569     2.18    6.88
 -61035.626   132.571     3.50    5.61
 -60749.464   133.659     3.80    4.79
 -60463.298   134.606     3.31    3.85
 -60177.128   134.850     0.86    3.39
 -59890.954   134.980     0.45    3.15
 -59604.776   134.758    -0.78    3.00
 -59318.595   134.609    -0.52    2.91
 -59032.410   135.002     1.37    3.06
 -58746.221   136.359     4.74    3.94
 -58460.028   138.157     6.28    5.19
 -58173.831   140.421     7.91    6.21
 -57887.631   143.108     9.39    6.55
 -57601.427   145.945     9.91    6.61
 -57315.218   149.240    11.51    6.34
 -57029.007   152.330    10.80    6.06
 -56742.791   156.068    13.06    5.91
 -56456.571   159.265    11.17    6.05
 -56170.348   162.202    10.26    6.07
 -55884.121   165.252    10.66    5.97
 -55597.890   167.952     9.43    5.83
 -55311.655   170.931    10.41    5.85
 -55025.417   174.022    10.80    6.10
 -54739.174   176.877     9.98    5.70
 -54452.928   179.048     7.59    5.18
 -54166.678   180.575     5.33    4.84
 -53880.424   181.474     3.14    4.92
 -53594.167   181.491     0.06    5.17
 -53307.905   181.002    -1.71    5.41
 -53021.640   180.966    -0.12    5.26
 -52735.371   181.281     1.10    5.30
 -52449.098   181.379     0.34    6.31
 -52162.821   179.745    -5.71    9.75
 -51876.541   175.293   -15.55   15.47
 -51590.257   167.923   -25.74   21.37
 -51303.968   158.910   -31.48   25.89
 -51017.676   145.919   -45.38   28.82
 -50731.381   132.884   -45.53   29.01
 -50445.081   121.316   -40.41   27.14
 -50158.778   108.830   -43.61   23.92
 -49872.471    97.796   -38.54   21.48
 -49586.159    86.666   -38.87   19.96
 -49299.845    77.316   -32.66   18.16
 -49013.526    67.925   -32.80   16.21
 -48727.203    60.583   -25.64   14.51
 -48440.877    54.093   -22.66   11.97
 -48154.547    48.895   -18.15    9.34
 -47868.213    44.859   -14.10    7.06
 -47581.875    42.218    -9.22    6.24
 -47295.534    39.891    -8.13    5.69
 -47009.188    38.377    -5.29    5.67
 -46722.839    37.230    -4.01    5.36
 -46436.486    36.124    -3.86    4.95
 -46150.129    35.345    -2.72    4.57
 -45863.769    35.166    -0.62    4.37
 -45577.404    35.411     0.85    4.32
 -45291.036    35.320    -0.32    4.21
 -45004.664    34.803    -1.81    4.48
 -44718.288    33.232    -5.49    6.06
 -44431.908    30.355   -10.05    8.79
 -44145.525    25.832   -15.79   12.34
 -43859.137    19.591   -21.79   13.99
 -43572.746    13.580   -20.99   13.74
 -43286.351     7.836   -20.06   12.01
 -42999.952     3.111   -16.50    8.80
 -42713.549    -0.112   -11.25    5.74
 -42427.143    -2.204    -7.30    2.43
 -42140.733    -2.940    -2.57    0.33
 -41854.318    -3.041    -0.35    0.00
 -41567.901    -3.041     0.00    0.00
 -41281.479    -3.041     0.00    0.00
 -40995.053    -3.041     0.00    0.00
 -40708.624    -3.041     0.00    0.00
 -40422.190    -3.041     0.00    0.00
 -40135.753    -3.041     0.00    0.00
 -39849.313    -3.041     0.00    0.00
 -39562.868    -3.041     0.00    0.00
 -39276.419    -3.041     0.00    0.00
 -38989.967    -3.041     0.00    0.00
 -38703.511    -3.041     0.00    0.00
 -38417.051    -3.041     0.00    0.00
 -38130.587    -3.041     0.00    0.00
 -37844.119    -3.041     0.00    0.00
 -37557.648    -3.041     0.00    0.00
 -37271.172    -3.041     0.00    0.00
 -36984.693    -3.041     0.00    0.00
 -36698.210    -3.041     0.00    0.00
 -36411.724    -3.041     0.00    0.00
 -36125.233    -3.041     0.00    0.00
 -35838.738    -3.041     0.00    0.00
 -35552.240    -3.041     0.00    0.00
 -35265.738    -3.041     0.00    0.00
 -34979.232    -3.041     0.00    0.00
 -34692.723    -3.041     0.00    0.00
 -34406.209    -3.041     0.00    0.00
 -34119.692    -3.041     0.00    0.00
 -33833.170    -3.041     0.00    0.00
 -33546.645    -3.041     0.00    0.00
 -33260.116    -3.041     0.00    0.00
 -32973.584    -3.041     0.00    0.00
 -32687.047    -3.041     0.00    0.00
 -32400.507    -3.041     0.00    0.00
 -32113.963    -3.041     0.00    0.00
 -31827.415    -3.041     0.00    0.00
 -31540.863    -3.041     0.00    0.00
 -31254.307    -2.719     1.12    1.54
 -30967.748    -1.034     5.88    5.01
 -30681.184     0.916     6.80    6.77
 -30394.617     3.077     7.54    7.77
 -30108.046     5.429     8.21    8.54
 -29821.471     7.354     6.72    8.67
 -29534.893     8.575     4.26    8.43
 -29248.310     9.585     3.53    8.17
 -28961.724     9.787     0.70    7.64
 -28675.134    10.709     3.22    7.47
 -28388.540    11.158     1.57    7.33
 -28101.942    11.524     1.28    6.91
 -27815.340    12.548     3.57    6.53
 -27528.735    13.261     2.49    5.71
 -27242.126    13.988     2.53    4.61
 -26955.513    14.283     1.03    4.13
 -26668.896    14.718     1.52    4.42
 -26382.275    15.109     1.36    4.72
 -26095.650    15.728     2.16    5.08
 -25809.022    16.497     2.68    5.47
 -25522.389    17.535     3.62    5.42
 -25235.753    18.645     3.87    5.38
 -24949.113    19.652     3.51    5.13
 -24662.470    20.877     4.27    4.92
 -24375.822    21.640     2.66    4.56
 -24089.170    22.357     2.50    3.99
 -23802.515    22.959     2.10    3.31
 -23515.856    22.754    -0.72    3.68
 -23229.193    22.643    -0.39    3.88
 -22942.526    22.142    -1.75    4.35
 -22655.856    21.374    -2.68    5.02
 -22369.181    20.660    -2.49    5.46
 -22082.503    19.701    -3.35    5.87
 -21795.821    17.702    -6.97    7.43
 -21509.135    14.159   -12.36    9.47
 -21222.445    10.302   -13.45   10.39
 -20935.751     6.258   -14.11    9.88
 -20649.054     3.220   -10.60    8.39
 -20362.353     0.277   -10.27    5.76
 -20075.647    -1.851    -7.42    2.52
 -19788.938    -2.395    -1.90    1.83
 -19502.226    -2.477    -0.29    1.76
 -19215.509    -2.743    -0.93    1.14
 -18928.788    -2.825    -0.29    0.45
 -18642.064    -2.744     0.28    0.47
 -18355.336    -2.617     0.44    0.52
 -18068.604    -2.505     0.39    0.53
 -17781.868    -2.376     0.45    0.50
 -17495.128    -2.246     0.45    0.44
 -17208.385    -2.125     0.42    0.51
 -16921.638    -2.034     0.32    0.85
 -16634.886    -1.845     0.66    1.26
 -16348.131    -1.735     0.38    1.30
 -16061.372    -1.752    -0.06    1.23
 -15774.610    -1.899    -0.51    0.98
 -15487.843    -1.998    -0.35    0.86
 -15201.073    -1.999    -0.00    0.92
 -14914.298    -1.957     0.15    0.98
 -14627.520    -1.825     0.46    1.15
 -14340.738    -1.634     0.67    1.51
 -14053.953    -1.374     0.90    1.83
 -13767.163    -1.211     0.57    2.10
 -13480.370    -1.006     0.71    2.48
 -13193.572    -1.083    -0.27    2.41
 -12906.771    -1.280    -0.69    2.16
 -12619.966    -1.499    -0.76    1.75
 -12333.157    -1.674    -0.61    1.38
 -12046.345    -1.698    -0.08    1.45
 -11759.528    -1.502     0.68    1.61
 -11472.708    -1.137     1.27    1.97
 -11185.884    -0.234     3.15    3.57
 -10899.056     0.732     3.37    4.56
 -10612.224     1.477     2.60    4.99
 -10325.388     2.179     2.45    5.28
 -10038.549     2.516     1.17    5.27
  -9751.705     2.938     1.47    5.30
  -9465.084     3.351     1.44    5.33
  -9178.982     3.484     0.46    5.29
  -8892.876     3.365    -0.42    5.14
  -8606.768     3.119    -0.86    4.90
  -8320.657     2.882    -0.83    4.49
  -8034.542     2.416    -1.63    4.03
  -7748.424     2.023    -1.38    3.59
  -7462.304     2.079     0.20    3.50
  -7176.180     2.313     0.82    3.62
  -6890.053     2.528     0.75    3.60
  -6603.923     2.628     0.35    3.47
  -6317.790     2.708     0.28    3.29
  -6031.653     2.725     0.06    3.01
  -5745.514     2.538    -0.65    2.80
  -5459.372     2.544     0.02    2.79
  -5173.226     3.030     1.70    3.22
  -4887.078     3.896     3.03    3.98
  -4600.926     4.781     3.09    4.67
  -4314.771     5.204     1.48    5.00
  -4028.613     5.938     2.57    5.17
  -3742.453     7.109     4.09    5.35
  -3456.288     7.803     2.43    5.43
  -3170.121     7.702    -0.35    5.36
  -2883.951     6.676    -3.59    5.55
  -2597.778     5.418    -4.39    5.56
  -2311.601     4.027    -4.86    5.53
  -2025.422     2.578    -5.06    4.88
  -1739.239     1.102    -5.16    3.15
  -1453.054     0.152    -3.32    0.88
  -1166.865     0.010    -0.50    0.22
   -880.673     0.290     0.98    1.15
   -594.478     1.109     2.86    3.81
   -308.280     1.987     3.07    5.28
    -22.079     2.592     2.12    5.87
    264.125     2.884     1.02    6.15
    550.332     2.555    -1.15    5.91
    836.543     1.860    -2.43    4.98
   1122.756     0.571    -4.50    2.04
   1408.973     0.274    -1.04    1.48
   1695.193     1.413     3.98    4.93
   1981.415     3.946     8.85    8.22
   2267.641     7.259    11.58   10.67
   2553.870    11.374    14.38   12.24
   2840.102    16.124    16.59   12.90
   3126.337    21.016    17.09   11.74
   3412.576    24.607    12.55   10.32
   3698.817    28.952    15.18    7.91
   3985.062    31.931    10.41    6.79
   4271.309    33.771     6.43    6.53
   4557.560    34.320     1.92    6.20
   4843.813    34.309    -0.04    6.31
   5130.070    34.320     0.04    6.05
   5416.330    34.638     1.11    6.07
   5702.593    34.699     0.21    5.89
   5988.859    34.066    -2.21    5.39
   6275.128    33.193    -3.05    5.42
   6561.401    32.966    -0.79    6.04
   6847.676    33.563     2.09    5.84
   7133.955    34.339     2.71    5.85
   7420.236    34.605     0.93    5.47
   7706.521    34.126    -1.67    5.57
   7992.809    33.335    -2.76    5.77
   8279.099    32.347    -3.45    6.17
   8565.393    31.434    -3.19    6.51
   8851.690    29.889    -5.40    6.80
   9137.991    28.635    -4.38    6.41
   9424.294    28.302    -1.16    6.21
   9710.600    28.414     0.39    5.98
   9996.910    28.605     0.67    5.45
  10283.222    28.657     0.18    5.11
  10569.538    28.833     0.61    4.81
  10855.857    29.349     1.81    4.60
  11142.178    30.255     3.16    4.41
  11428.503    30.946     2.41    4.11
  11714.831    31.320     1.31    3.89
  12001.163    31.833     1.79    3.83
  12287.497    32.744     3.18    3.66
  12573.834    33.427     2.39    3.27
  12860.175    33.030    -1.39    3.73
  13146.518    31.347    -5.88    5.56
  13432.865    30.190    -4.04    6.17
  13719.214    29.300    -3.11    5.98
  14005.567    27.828    -5.14    5.66
  14291.923    26.268    -5.45    5.35
  14578.282    25.168    -3.84    4.95
  14864.644    24.924    -0.85    4.64
  15151.010    25.314     1.36    4.73
  15437.378    24.661    -2.28    4.84
  15723.749    23.216    -5.05    4.78
  16010.124    23.849     2.21    5.08
  16296.501    25.388     5.37    5.16
  16582.882    26.504     3.90    5.30
  16869.266    26.904     1.40    5.75
  17155.653    27.838     3.26    6.12
  17442.043    29.102     4.41    6.41
  17728.436    30.624     5.31    5.96
  18014.832    31.302     2.37    5.74
  18301.232    31.754     1.58    5.19
  18587.634    32.048     1.03    4.37
  18874.040    32.531     1.69    3.91
  19160.448    33.035     1.76    3.69
  19446.860    33.895     3.00    3.88
  19733.275    34.276     1.33    4.09
  20019.693    34.459     0.64    4.07
  20306.114    33.945    -1.80    4.53
  20592.538    32.373    -5.49    5.57
  20878.965    30.544    -6.38    6.11
  21165.395    28.761    -6.23    5.68
  21451.829    28.042    -2.51    5.00
  21738.265    28.148     0.37    5.26
  22024.705    29.131     3.43    5.84
  22311.148    30.527     4.87    5.76
  22597.594    31.888     4.75    5.12
  22884.043    33.120     4.30    3.54
  23170.495    33.359     0.83    2.92
  23456.950    32.980    -1.33    2.98
  23743.408    31.675    -4.56    3.34
  24029.869    29.959    -5.99    3.88
  24316.334    28.649    -4.57    4.10
  24602.802    27.938    -2.48    4.05
  24889.272    27.072    -3.02    3.86
  25175.746    25.640    -5.00    4.40
  25462.223    24.519    -3.91    4.60
  25748.703    23.432    -3.79    5.35
  26035.186    21.883    -5.41    6.78
  26321.672    19.404    -8.66    8.06
  26608.162    16.480   -10.20    8.06
  26894.654    14.307    -7.59    7.36
  27181.149    12.302    -7.00    5.74
  27467.648    10.973    -4.64    4.34
  27754.150    10.621    -1.23    3.83
  28040.655    10.759     0.48    3.74
  28327.163    11.155     1.38    3.77
  28613.674    11.362     0.72    3.91
  28900.188    11.152    -0.73    3.68
  29186.705    10.874    -0.97    3.50
  29473.225    10.375    -1.74    3.21
  29759.749     9.804    -1.99    2.80
  30046.275     9.263    -1.89    2.64
  30332.805     8.850    -1.44    2.63
  30619.338     8.117    -2.56    2.89
  30905.874     7.505    -2.14    3.14
  31192.413     7.052    -1.58    3.50
  31478.955     6.853    -0.70    3.67
  31765.500     6.654    -0.69    3.56
  32052.049     6.487    -0.58    3.20
  32338.600     6.322    -0.58    2.88
  32625.155     6.429     0.37    2.92
  32911.712     6.572     0.50    3.05
  33198.273     6.415    -0.55    3.10
  33484.837     5.752    -2.31    2.75
  33771.404     5.326    -1.49    2.56
  34057.974     4.693    -2.21    2.28
  34344.547     4.066    -2.19    2.18
  34631.123     3.405    -2.31    2.27
  34917.703     3.082    -1.13    2.20
  35204.285     2.987    -0.33    2.07
  35490.871     3.048     0.21    2.02
  35777.460     3.124     0.26    2.03
  36064.051     3.342     0.76    2.08
  36350.646     3.470     0.45    2.25
  36637.244     3.316    -0.54    2.50
  36923.846     2.911    -1.42    2.65
  37210.450     2.449    -1.61    2.77
  37497.057     1.863    -2.04    2.81
  37783.668     1.258    -2.11    2.47
  38070.281     1.135    -0.43    2.44
  38356.898     1.664     1.84    2.64
  38643.518     2.328     2.32    2.69
  38930.141     2.612     0.99    2.68
  39216.767     3.223     2.13    2.50
  39503.396     3.466     0.85    2.35
  39790.028     3.178    -1.00    2.41
  40076.664     2.658    -1.82    2.42
  40363.302     2.227    -1.50    2.35
  40649.944     1.974    -0.88    2.25
  40936.589     2.029     0.19    2.27
  41223.237     2.121     0.32    2.40
  41509.887     2.286     0.57    2.40
  41796.542     2.452     0.58    2.38
  42083.199     2.706     0.88    2.35
  42369.859     3.042     1.17    2.22
  42656.522     3.410     1.28    2.10
  42943.189     3.762     1.23    1.91
  43229.858     3.945     0.64    1.81
  43516.531     4.059     0.40    1.70
  43803.207     4.183     0.43    1.63
  44089.886     4.125    -0.20    1.52
  44376.568     4.123    -0.01    1.49
  44663.253     4.117    -0.02    1.47
  44949.942     4.267     0.52    1.45
  45236.633     4.405     0.48    1.44
  45523.327     4.495     0.31    1.41
  45810.025     4.636     0.49    1.38
  46096.726     4.608    -0.10    1.35
  46383.430     4.692     0.30    1.37
  46670.137     4.959     0.93    1.43
  46956.847     5.313     1.23    1.43
  47243.560     5.739     1.48    1.57
  47530.276     6.042     1.06    1.68
  47816.996     6.293     0.87    1.63
  48103.718     6.589     1.03    1.62
