# NaN NaN NaN ;Mean Elev.(m), Avg Gradient(m/km), RMS Gradient(m/km) - SRTM1     
#   12.784  -0.382   3.802 ;Mean Elev.(m), Avg Gradient(m/km), RMS Gradient(m/km) - ASTER GDEM
#    6.065  -0.300   3.644 ;Mean Elev.(m), Avg Gradient(m/km), RMS Gradient(m/km) - GMTED2010 
   1  65.374786  62.798374    16.953    16.941  6 54666.27470476 33.119
   2  65.374580  62.799807    15.491    15.518  6 54676.19034947 45.650
   3  65.374078  62.801642    -7.982    -7.934  6 54686.10599276 14.790
   4  65.371691  62.801729    13.873    13.367  6 54696.02163404 29.107
   5  65.373317  62.800421    -2.724    -2.687  6 54705.93727341 16.936
   6  65.369032  62.797114    15.820    16.899  5 54715.85292500 23.841
   7  65.376074  62.796836     9.963     9.983  6 54725.76857551 21.562
   8  65.376965  62.797370    11.978    12.034  6 54735.68422372 41.563
   9  65.374270  62.799171    15.805    16.328  6 54745.59987094 23.423
  10  65.373534  62.801070    16.526    16.605  6 54755.51551793 28.927
  11  65.374489  62.800858    12.363    12.380  6 54765.43116349 40.229
  12  65.374912  62.798188    15.376    16.303  6 54775.34680582 30.196
  13  65.377707  62.796473    12.850    12.733  4 54785.26244593 45.968
  14  65.377407  62.796300    14.680    14.668  6 54795.17808433 47.284
  15  65.375715  62.797733    13.904    13.903  4 54805.09372201 27.183
  16  65.375318  62.799020    14.453    14.447  6 54815.00935924 22.008
  17  65.368469  62.797935    15.117    14.705  5 54824.92500436 19.821
  18  65.373204  62.798937    15.717    15.879  6 54834.84064451 18.997
  19  65.374224  62.799929    16.168    16.148  6 54844.75629447 17.418
  20  65.366829  62.799672    16.563    16.940  5 54854.67194277 16.336
  21  65.372501  62.803207    16.607    16.686  6 54864.58759253 15.878
  22  65.369794  62.803255    16.707    16.744  6 54874.50324089 15.678
  23  65.371183  62.802352    16.628    16.658  6 54884.41888689 13.835
  24  65.373346  62.800161    16.492    16.542  6 54894.33452941 13.506
  25  65.369300  62.796958    16.496    17.017  5 54904.25016853 12.915
  26  65.369276  62.796658    16.583    16.976  5 54914.16580710 13.124
  27  65.374964  62.799283    17.368    17.324  6 54924.08144586 13.396
  28  65.368746  62.798534    16.933    17.395  5 54933.99708240  8.837
  29  65.373429  62.798559    13.891    12.622  6 54943.91271806 19.557
  30  65.376008  62.796267    14.541    14.526  4 54953.82835118 35.246
  31  65.377538  62.794999    17.653    17.649  6 54963.74399609 41.263
  32  65.376429  62.795470    17.257    17.120  4 54973.65964443 40.214
  33  65.375529  62.797569    17.159    17.110  4 54983.57529232 26.639
  34  65.387584  62.802825    80.152    80.152  2 54993.49094153  3.573
  35  65.374754  62.800635    16.918    16.878  6 55003.40658663 40.980
  36  65.368176  62.799032    17.029    16.993  5 55013.32223034 25.946
  37  65.374481  62.800348    16.836    16.704  6 55023.23787410 29.370
  38  65.374270  62.801027    16.944    16.913  6 55033.15351644 23.214
  39  65.373477  62.801660    16.753    16.637  6 55043.06915798 24.091
  40  65.374056  62.801356    14.591    14.589  6 55052.98479794 33.216
  41  65.369607  62.798121    14.030    14.102  5 55062.90043494 44.591
  42  65.369828  62.796225    16.671    17.107  5 55072.81607921 21.427
  43  65.377347  62.797235    13.245    13.256  6 55082.73172829 45.191
  44  65.376312  62.797691    14.772    14.789  4 55092.64737502 24.711
  45  65.374669  62.798762    15.103    15.037  6 55102.56302155 26.637
  46  65.367902  62.798278    15.498    16.348  5 55112.47866715 25.956
  47  65.368125  62.797809    15.777    16.924  5 55122.39431107 26.360
  48  65.375958  62.798070    12.026    12.021  6 55132.30995283 43.749
  49  65.376162  62.796598    11.944    11.854  6 55142.22559164 47.013
  50  65.375350  62.796579    11.781    11.813  6 55152.14122984 39.290
  51  65.374867  62.797678    12.049    12.060  6 55162.05686838 35.710
  52  65.375321  62.798895    13.321    12.073  4 55171.97250664 23.687
  53  65.374444  62.798745    16.025    16.062  6 55181.88814306 19.376
  54  65.373606  62.799226    16.165    16.148  6 55191.80379306 17.649
  55  65.367633  62.799005    16.031    16.495  5 55201.71944261 14.504
  56  65.372907  62.801610    15.799    15.918  6 55211.63509290 14.615
  57  65.369046  62.801252    16.355    16.568  7 55221.55074161 13.730
  58  65.372806  62.801443    16.519    16.478  6 55231.46638992 13.190
  59  65.374224  62.800069    16.432    16.635  6 55241.38203463 13.011
  60  65.375131  62.798779    16.385    16.392  6 55251.29767578 13.263
  61  65.375390  62.798346    16.499    16.567  4 55261.21331462 11.934
  62  65.380613  62.800068    16.195    16.064  5 55271.12895320 12.021
  63  65.375469  62.798965    16.424    16.407  6 55281.04459042 12.252
  64  65.369442  62.796756    16.985    17.324  5 55290.96022626  6.429
  65  65.375165  62.796601    17.100    17.166  6 55300.87586107 15.684
  66  65.367857  62.794076    11.979    12.020  5 55310.79150664 37.337
  67  65.375913  62.796275    14.250    14.233  6 55320.70715313 40.926
  68  65.376806  62.797692    17.104    17.133  6 55330.62279785 21.107
  69  65.369587  62.797505    16.885    17.105  5 55340.53844160 26.310
  70  65.373713  62.799394    16.910    16.841  6 55350.45408639 30.561
  71  65.368457  62.798257    17.113    17.175  5 55360.36972789 31.996
  72  65.368930  62.798552    17.030    17.023  5 55370.28536787 29.217
  73  65.373324  62.800117    17.040    17.005  6 55380.20100682 42.260
  74  65.367344  62.799084    17.189    17.121  5 55390.11664380 26.343
  75  65.367643  62.798445    17.210    17.228  5 55400.03228028 39.980
  76  65.375834  62.798985    16.845    16.826  6 55409.94792859 39.278
  77  65.369725  62.795657    16.507    16.584  5 55419.86357797 43.564
  78  65.377068  62.796723    16.101    15.895  4 55429.77922583 23.015
  79  65.375659  62.797467    16.525    16.594  4 55439.69487041 21.474
  80  65.369535  62.797607    16.174    16.772  5 55449.61051311 21.675
  81  65.374341  62.799306    12.590    12.579  6 55459.52615658 39.183
  82  65.375219  62.798433    14.569    14.632  4 55469.44179856 24.426
  83  65.377302  62.797042    12.091    12.082  6 55479.35743742 31.169
  84  65.377515  62.795840    12.039    12.191  4 55489.27307329 26.983
  85  65.377745  62.795956    16.023    16.031  6 55499.18870700 29.904
  86  65.369746  62.795631    12.559    12.739  5 55509.10434619 50.435
  87  65.374209  62.798678    12.075    12.099  6 55519.01999690 40.996
  88  65.375184  62.799808    12.033    12.078  6 55528.93564616 34.400
  89  65.380108  62.801163    12.326    12.276  5 55538.85129398 29.572
  90  65.374482  62.800082    14.403    14.144  6 55548.76693838 21.717
  91  65.366934  62.799359    15.602    16.569  5 55558.68258095 19.540
  92  65.372523  62.801937    13.746    14.234  6 55568.59822423 20.121
  93  65.373933  62.801800    13.808    14.332  6 55578.51386602 19.554
  94  65.373542  62.799134    15.621    15.699  6 55588.42950503 17.004
  95  65.377479  62.796643    15.684    15.635  4 55598.34514140 16.852
  96  65.377619  62.794830    15.586    15.561  6 55608.26077485 17.074
  97  65.376825  62.795020    15.555    15.537  4 55618.17640648 16.489
  98  65.376537  62.797673    15.856    16.041  4 55628.09205321 16.325
  99  65.380766  62.800065    16.326    16.114  5 55638.00770504 14.933
 100  65.375911  62.797936    16.039    16.114  6 55647.92335347 14.816
 101  65.376805  62.796209    13.706    14.367  6 55657.83899954 26.672
 102  65.368306  62.793357    13.086    12.234  5 55667.75464056 36.469
 103  65.375599  62.796493    14.160    14.149  4 55677.67028104 39.212
 104  65.369323  62.797026    17.262    17.872  5 55687.58591816 23.419
 105  65.380414  62.800937    16.604    16.585  5 55697.50155595 27.480
 106  65.369828  62.797450    16.733    16.749  5 55707.41718979 38.114
 107  65.374955  62.798455    16.854    16.904  6 55717.33284169 45.297
 108  65.374854  62.798933    16.941    16.866  6 55727.24849028 27.213
 109  65.374919  62.800412    16.655    16.697  6 55737.16413728 35.725
 110  65.372994  62.801374    16.206    16.102  6 55747.07978276 31.848
 111  65.369626  62.800272    15.006    15.017  7 55756.99542579 52.530
 112  65.374329  62.798976    16.265    16.426  6 55766.91106695 22.747
 113  65.375867  62.796119    16.082    16.626  4 55776.82670469 19.549
 114  65.369015  62.792570    12.873    13.059  5 55786.74233893 49.108
 115  65.378002  62.795640    12.490    12.488  4 55796.65797366 26.008
 116  65.375167  62.797120    12.968    12.534  4 55806.57361521 30.010
 117  65.376125  62.798856    15.818    16.007  6 55816.48926465 21.404
 118  65.369666  62.795931    15.516    16.921  5 55826.40490980 27.685
 119  65.377417  62.795716    12.488    12.503  4 55836.32055209 48.106
 120  65.377909  62.794569    14.035    13.001  4 55846.23619029 23.684
 121  65.368231  62.793281    14.848    15.593  5 55856.15182490 25.937
 122  65.369328  62.796286    16.432    16.871  5 55866.06746758 24.481
 123  65.379968  62.801648    11.682    11.649  5 55875.98312165 41.583
 124  65.373420  62.800169    11.627    11.584  6 55885.89876745 33.301
 125  65.375489  62.799587    11.601    11.610  6 55895.81440836 33.358
 126  65.375642  62.798245    11.532    11.545  6 55905.73004382 30.843
 127  65.373620  62.798446    12.333    11.634  6 55915.64568664 27.756
 128  65.374370  62.800576    12.856    12.684  6 55925.56134067 28.201
 129  65.373680  62.800981    13.183    13.247  6 55935.47699116 27.003
 130  65.373330  62.799077    13.119    13.151  6 55945.39263663 26.000
 131  65.375496  62.796809    14.456    15.247  6 55955.30827785 19.893
 132  65.376531  62.795530    15.891    15.885  6 55965.22391633 16.224
 133  65.376128  62.796397    15.711    15.768  6 55975.13955354 16.422
 134  65.376555  62.798258    16.017    15.981  6 55985.05518994 16.491
 135  65.375928  62.798214    15.784    15.875  6 55994.97082385 15.747
 136  65.376927  62.797857    15.762    15.863  6 56004.88647597 16.596
 137  65.367805  62.793894    15.825    16.421  5 56014.80212292 14.975
 138  65.376011  62.795778    17.311    17.453  6 56024.71776904 17.806
 139  65.374439  62.797349    12.752    11.670  6 56034.63341225 37.194
 140  65.373651  62.799560    13.854    13.879  6 56044.54905355 39.889
 141  65.372523  62.800486    16.866    16.867  6 56054.46469194 26.111
 142  65.374846  62.800196    16.614    16.546  6 56064.38032685 21.916
 143  65.369076  62.797657    16.719    17.090  5 56074.29596977 21.139
 144  65.368619  62.797839    16.690    16.933  5 56084.21161944 22.146
 145  65.372904  62.799534    14.832    14.851  6 56094.12726729 38.160
 146  65.373465  62.800224    16.156    16.288  6 56104.04291251 25.938
 147  65.374623  62.799763    16.306    16.570  6 56113.95854315 20.345
 148  65.375379  62.798198    16.072    16.501  4 56123.87418146 21.759
 149  65.375887  62.795820    11.879    11.844  6 56133.78981571 46.957
 150  65.376564  62.795071    12.570    11.407  4 56143.70545484 29.711
 151  65.377022  62.796605    11.620    11.636  4 56153.62110555 26.960
 152  65.369284  62.796656    13.665    14.826  5 56163.53675406 27.147
 153  65.369172  62.797630    14.562    16.104  5 56173.45240130 24.829
 154  65.381271  62.799900    10.934    10.943  5 56183.36804474 29.483
 155  65.375670  62.796880    11.403    11.605  6 56193.28368225 36.438
 156  65.376416  62.796256    13.337    13.713  6 56203.19931778 25.241
 157  65.377149  62.797116    11.113    11.113  6 56213.11495173 44.745
 158  65.374729  62.797849    16.466    16.482  6 56223.03058409 28.364
 159  65.374975  62.800244    12.321    11.722  6 56232.94624057 37.333
 160  65.367837  62.799074    10.799    10.788  5 56242.86189199 38.855
 161  65.373640  62.800160    11.321    11.312  6 56252.77754033 28.826
 162  65.380252  62.801383    11.421    11.330  5 56262.69318427 26.033
 163  65.374939  62.799987    13.524    12.939  6 56272.60882494 23.942
 164  65.373642  62.799497    16.002    16.037  6 56282.52446719 18.457
 165  65.374855  62.799605    15.816    15.875  6 56292.44011930 18.031
 166  65.374240  62.798304    16.075    16.140  6 56302.35576662 17.008
 167  65.375272  62.797479    16.130    16.172  4 56312.27140990 15.781
 168  65.374876  62.797310    15.944    15.909  6 56322.18705089 15.391
 169  65.375966  62.798426    15.868    15.807  4 56332.10269151 14.866
 170  65.375346  62.798683    16.067    16.073  4 56342.01833141 14.846
 171  65.374601  62.797846    16.046    16.100  6 56351.93396889 15.399
 172  65.377123  62.797338    15.561    15.566  6 56361.84960922 15.187
 173  65.370042  62.795788    16.104    16.535  5 56371.76525770 14.123
 174  65.374943  62.798375    15.540    15.405  6 56381.68090511 14.394
 175  65.373669  62.800037    17.430    17.451  6 56391.59654978  9.805
 176  65.374267  62.801217    11.509    10.573  6 56401.51219296 22.991
 177  65.372874  62.800793    13.404    11.907  6 56411.42783306 35.238
 178  65.380103  62.801403    15.929    15.817  5 56421.34346908 50.815
 179  65.374920  62.799499    16.897    16.754  6 56431.25910755 29.291
 180  65.374082  62.800457    16.927    16.774  6 56441.17476041 31.987
 181  65.373794  62.801111    17.131    17.081  6 56451.09041075 28.519
 182  65.373364  62.800410    17.300    17.227  6 56461.00605859 29.808
 183  65.380247  62.800554    17.261    17.197  5 56470.92170388 30.301
 184  65.376086  62.797960    17.521    17.540  6 56480.83734426 45.253
 185  65.376012  62.797266    17.407    17.380  6 56490.75298134 48.074
 186  65.376942  62.797616    17.632    17.634  6 56500.66861618 49.495
 187  65.369900  62.795845    17.054    17.044  5 56510.58424870 27.627
 188  65.376263  62.797522    16.387    16.312  4 56520.49989330 20.464
 189  65.375369  62.797492    14.316    13.953  6 56530.41554668 31.568
 191  65.375895  62.797902    14.584    15.452  6 56550.24684154 24.883
 192  65.374946  62.799291    15.344    15.873  6 56560.16248444 26.115
 193  65.374020  62.800751    12.237    12.245  6 56570.07812628 40.988
 194  65.366563  62.799658    16.752    17.005  5 56579.99376589 25.921
 195  65.373902  62.800178    15.262    15.815  6 56589.90940303 25.234
 196  65.380200  62.800704    12.897    12.789  5 56599.82504955 50.361
 197  65.373790  62.799269    13.528    13.474  6 56609.74069934 50.308
 198  65.368087  62.798952    14.552    14.568  5 56619.65634454 39.093
 199  65.373105  62.800911    15.547    15.643  6 56629.57198783 29.107
 200  65.374558  62.800100    16.149    16.174  6 56639.48762727 22.715
 201  65.374318  62.797694    16.230    16.225  6 56649.40327238 22.455
 202  65.375914  62.796656    16.195    16.164  6 56659.31892366 21.136
 203  65.376889  62.797218    15.953    16.002  6 56669.23457112 20.239
 204  65.368937  62.797324    13.910    13.089  5 56679.15021529 26.042
 205  65.374462  62.800323    15.891    15.949  6 56689.06585941 18.714
 206  65.373779  62.799653    15.791    16.062  6 56698.98149989 17.860
 207  65.375347  62.797717    16.234    16.299  4 56708.89713580 18.659
 208  65.376869  62.796676    15.226    15.653  4 56718.81277494 19.398
 210  65.373254  62.800387    16.497    16.470  6 56738.64407595 16.463
 211  65.372777  62.802673    16.546    16.526  6 56748.55972093 11.457
 212  65.373050  62.802618    17.130    17.027  6 56758.47536112 11.720
 213  65.374594  62.800699    12.129    12.122  6 56768.39099513 27.005
 214  65.374553  62.799360    13.608    13.550  6 56778.30664203 34.917
 215  65.374730  62.800174    17.214    17.181  6 56788.22229803 50.093
 216  65.373709  62.801677    17.071    17.024  6 56798.13795044 45.780
 217  65.369404  62.801834    17.581    17.561  7 56808.05359671 29.260
 218  65.373711  62.801807    17.723    17.715  6 56817.96923787 33.236
 219  65.375048  62.799300    17.812    17.759  6 56827.88487492 29.116
 221  65.376321  62.795328    17.795    17.803  4 56847.71613982 26.914
 222  65.376644  62.797934    17.756    17.775  6 56857.63179271 43.717
 223  65.374634  62.800195    17.458    17.447  6 56867.54744628 29.308
 224  65.373888  62.800776    16.943    16.984  6 56877.46309811 27.614
 225  65.380002  62.801460    14.936    14.947  5 56887.37874740 42.643
 226  65.368530  62.797351    14.630    13.875  5 56897.29439187 30.035
 227  65.369365  62.798186    16.640    17.177  5 56907.21003519 21.055
 228  65.373386  62.801446    15.669    16.232  6 56917.12567686 22.369
 229  65.372515  62.803137    15.797    15.755  6 56927.04131595 21.182
 230  65.371954  62.802707    15.327    15.517  6 56936.95695114 24.327
 231  65.368026  62.798787    13.290    13.423  5 56946.87258054 44.956
 232  65.373359  62.798709    14.201    14.205  6 56956.78823519 38.000
 233  65.373819  62.798542    13.290    13.330  6 56966.70388390 33.267
 234  65.368445  62.798425    13.792    13.738  5 56976.61952796 30.009
 235  65.373565  62.800781    15.057    14.673  6 56986.53516875 22.689
 236  65.367882  62.798073    15.688    16.238  5 56996.45080230 23.833
 237  65.369943  62.796229    15.905    16.214  5 57006.36644687 18.007
 238  65.376732  62.796467    15.437    15.463  6 57016.28210194 17.712
 239  65.375884  62.796617    15.650    15.710  4 57026.19775237 17.253
 240  65.374181  62.798640    15.832    15.859  6 57036.11340085 16.439
 241  65.367566  62.798993    16.012    16.314  5 57046.02904610 16.898
 242  65.374606  62.800883    15.978    15.990  6 57055.94468936 15.738
 243  65.374500  62.798864    15.923    15.846  6 57065.86032641 17.285
 244  65.376504  62.797750    15.761    15.744  4 57075.77595926 15.475
 245  65.375090  62.796901    16.365    16.446  6 57085.69158879 15.531
 246  65.368069  62.798442    16.462    16.902  5 57095.60724489 15.387
 247  65.372332  62.802394    16.649    16.753  6 57105.52290209 12.148
 248  65.372984  62.803272    17.404    17.275  6 57115.43855412 13.774
 249  65.373424  62.801824    16.742    16.609  6 57125.35419963 12.680
 250  65.368837  62.798659    14.914    15.867  5 57135.26983918 18.676
 251  65.373597  62.798396    14.886    14.936  6 57145.18547552 37.567
 252  65.368988  62.796980    17.613    17.579  5 57155.10110838 53.110
 253  65.375069  62.798893    17.549    17.551  4 57165.01674837 45.203
 254  65.374397  62.799659    17.795    17.793  6 57174.93240497 55.013
 255  65.369448  62.797525    17.767    17.784  5 57184.84805730 28.179
 256  65.375424  62.797580    17.930    17.929  4 57194.76370688 38.960
 257  65.376131  62.797568    18.333    18.357  6 57204.67934230 28.113
 258  65.375919  62.799033    18.553    18.552  6 57214.59498790 39.259
 259  65.374005  62.800164    18.716    18.707  6 57224.51063181 28.117
 260  65.374039  62.800551    18.800    18.799  6 57234.42627397 31.805
 261  65.375410  62.799846    18.639    18.618  6 57244.34191289 42.266
 262  65.369775  62.797118    17.800    17.895  5 57254.25754838 25.418
 263  65.369442  62.797002    16.599    16.606  5 57264.17318321 49.447
 264  65.368264  62.798037    15.062    15.063  5 57274.08882267 47.293
 265  65.366485  62.799817    14.399    14.413  5 57284.00447992 42.509
 266  65.373143  62.801960    15.849    15.862  6 57293.92013520 26.665
 267  65.369654  62.800151    16.864    17.183  7 57303.83578559 27.691
 268  65.374120  62.800086    14.238    13.832  6 57313.75143307 27.304
 269  65.380042  62.801338    14.175    14.255  5 57323.66707764 49.186
 270  65.374699  62.800269    14.551    14.574  6 57333.58271905 46.417
 271  65.368297  62.798725    16.010    15.804  5 57343.49835838 31.034
 272  65.373326  62.800094    16.145    16.098  6 57353.41401219 23.004
 273  65.380072  62.800564    16.014    15.739  5 57363.32965699 23.773
 274  65.375334  62.797902    16.418    16.433  4 57373.24529702 19.359
 275  65.374633  62.797500    16.427    16.361  6 57383.16093579 17.664
 276  65.375978  62.798307    16.203    16.158  6 57393.07657438 17.343
 277  65.373729  62.798149    16.594    16.568  6 57402.99221160 15.518
 278  65.380861  62.800153    16.339    16.055  5 57412.90785671 14.472
 279  65.373750  62.798902    16.536    16.584  6 57422.82350752 12.584
 280  65.368860  62.798615    16.695    17.021  5 57432.73915589 13.114
 281  65.374174  62.801363    16.546    16.594  6 57442.65480373 12.735
 282  65.371872  62.801919    16.792    16.829  6 57452.57044999 12.998
 283  65.372063  62.802178    16.887    16.875  6 57462.48609482 12.866
 284  65.373988  62.801209    16.665    16.662  6 57472.40173612 11.260
 285  65.373446  62.799224    18.317    18.346  6 57482.31737320  9.646
 286  65.375989  62.798425    14.352    13.330  6 57492.23300762 22.956
 287  65.375149  62.797590    15.154    15.201  6 57502.14863962 40.058
 288  65.374423  62.798153    17.741    17.676  6 57512.06428953 54.618
 289  65.375946  62.799111    17.404    17.407  6 57521.97994489 25.997
 290  65.381132  62.800044    17.654    17.699  5 57531.89559817 54.377
 291  65.376418  62.798291    17.728    17.740  6 57541.81124700 34.332
 292  65.376044  62.798179    17.953    17.987  6 57551.72689358 52.999
 293  65.375627  62.798905    17.947    17.973  6 57561.64253885 31.419
 294  65.374924  62.799811    17.921    17.871  6 57571.55818374 25.557
 295  65.373892  62.799946    17.863    17.860  6 57581.47382843 40.303
 296  65.368837  62.798365    17.517    17.593  5 57591.38947079 40.083
 297  65.368104  62.797933    16.905    17.044  5 57601.30511095 29.519
