# NaN NaN NaN ;Mean Elev.(m), Avg Gradient(m/km), RMS Gradient(m/km) - SRTM1     
#   -0.397     NaN     NaN ;Mean Elev.(m), Avg Gradient(m/km), RMS Gradient(m/km) - ASTER GDEM
#    2.364   0.335   3.389 ;Mean Elev.(m), Avg Gradient(m/km), RMS Gradient(m/km) - GMTED2010 
   1  65.443413  65.315289     8.449     8.455  3 54661.35742690 21.567
   2  65.426503  65.313798     8.361     8.217  9 54671.27307067 25.474
   3  65.428876  65.315163     1.162     1.317  9 54681.18871477 19.110
   4  65.429720  65.315900     7.286     7.305  9 54691.10435752 29.724
   5  65.428172  65.315262     0.936     0.883 10 54701.01999764 16.705
   6  65.425057  65.313445     7.210     7.261 10 54710.93564380 25.733
   7  65.426200  65.312337     5.804     5.786  9 54720.85129501 23.105
   8  65.424211  65.311385     4.461     4.491 10 54730.76694336 40.938
   9  65.422787  65.311636     5.957     6.341  9 54740.68259024 26.000
  10  65.429925  65.313016    87.028    89.479  3 54750.59823796 11.951
  11  65.424459  65.312667     7.251     7.265  9 54760.51388428 29.055
  12  65.425659  65.312188     4.035     4.047  9 54770.42952883 46.094
  13  65.422584  65.310921    68.277    67.725  9 54780.34516966 22.780
  14  65.420752  65.309931     4.468     4.451  9 54790.26080803 39.911
  15  65.421268  65.310272     4.175     4.184  9 54800.17644555 35.025
  16  65.424441  65.311406     3.951     3.911  9 54810.09208343 33.812
  17  65.425140  65.312318     5.872     5.773  9 54820.00772246 23.042
  18  65.425990  65.312978     5.899     5.803 10 54829.92337480 19.789
  19  65.427132  65.313721     6.691     6.855 10 54839.83901369 16.950
  20  65.429218  65.315091     7.299     7.240  9 54849.75466298 14.915
  21  65.429741  65.316523     7.472     7.390  9 54859.67031170 15.071
  22  65.432297  65.317596     7.452     7.509 10 54869.58596073 14.402
  23  65.429585  65.316369     7.508     7.547  9 54879.50160809 14.073
  24  65.426850  65.313853     7.120     7.119  9 54889.41725221 13.941
  25  65.422387  65.311432     6.955     6.956  9 54899.33289299 14.130
  26  65.424511  65.311613     7.316     7.303  9 54909.24853218 14.090
  27  65.427002  65.312990     7.392     7.441  9 54919.16417017 14.674
  28  65.426406  65.313461     7.119     7.260 10 54929.07980755 17.015
  29  65.423869  65.312061     8.460     8.397  9 54938.99544378 11.558
  30  65.420372  65.309791     6.067     6.199  9 54948.91107822 11.613
  31  65.419895  65.308511     5.048     4.928  9 54958.82671522 32.250
  32  65.423926  65.309738     7.319     7.369  9 54968.74236416 32.896
  33  65.424295  65.311358     9.100     8.998 10 54978.65801172 30.730
  35  65.424595  65.312908     8.924     8.997 10 54998.48930676 29.202
  36  65.426831  65.313222     8.708     8.694  9 55008.40495272 25.056
  37  65.425564  65.313401     8.742     8.768 10 55018.32059645 26.238
  38  65.427242  65.314738     8.184     8.078 10 55028.23623909 28.416
  39  65.429359  65.316275     7.559     7.557  9 55038.15188126 37.622
  40  65.429775  65.316530     7.385     7.229 10 55048.06752204 25.924
  41  65.427716  65.314536     7.148     7.205  9 55057.98316047 22.252
  42  65.423049  65.311251     7.066     6.981  9 55067.89879784 24.051
  43  65.421501  65.309551     7.029     6.976  9 55077.81444771 25.667
  44  65.420218  65.309951     4.957     4.817  9 55087.73009536 35.785
  45  65.425020  65.312286     4.128     4.117  9 55097.64574213 43.705
  46  65.425532  65.313604     6.235     6.278  9 55107.56138802 27.217
  47  65.425848  65.312960     7.037     7.003 10 55117.47703307 26.560
  48  65.421411  65.310435     7.681     7.731  9 55127.39267527 25.730
  49  65.420901  65.308897     5.889     6.370 10 55137.30831561 31.543
  50  65.422602  65.309453     3.310     3.326  9 55147.22395441 47.785
  51  65.424696  65.311592     3.198     3.207  9 55157.13959262 32.543
  52  65.426683  65.313306     3.536     3.512 10 55167.05523074 26.510
  53  65.426453  65.313519     5.529     5.427  9 55176.97086813 21.518
  54  65.424571  65.312480     6.825     6.848  9 55186.88651104 17.960
  55  65.425470  65.312742     6.823     6.851 10 55196.80216206 17.979
  56  65.427903  65.314446     6.982     6.994  9 55206.71781216 17.089
  57  65.430360  65.316556     7.188     7.205 10 55216.63346172 16.205
  58  65.429054  65.316928     7.358     7.292 10 55226.54911024 16.827
  59  65.427916  65.315103     7.191     7.221  9 55236.46475614 16.031
  60  65.424709  65.311787     6.968     7.113 10 55246.38039835 16.544
  61  65.420550  65.309352     7.071     6.928  9 55256.29603787 16.279
  62  65.420753  65.309957     7.278     7.212  9 55266.21167675 16.126
  63  65.423660  65.312391     7.086     7.165  9 55276.12731523 16.334
  64  65.425438  65.313576     7.237     7.336 10 55286.04295256 16.074
  65  65.425680  65.312268     7.038     7.138  9 55295.95858754 15.293
  66  65.422534  65.309437     7.661     6.904 10 55305.87422686  9.984
  67  65.420129  65.308007     4.015     3.953  9 55315.78987350 35.179
  68  65.422364  65.309330     6.601     6.434  9 55325.70551928 35.331
  69  65.424207  65.311910     8.751     8.767  9 55335.62116394 25.782
  70  65.425809  65.313941     8.511     8.535 10 55345.53680816 28.515
  71  65.427165  65.314303     8.543     8.437  9 55355.45245121 24.530
  72  65.426348  65.313641     8.375     8.308 10 55365.36809198 24.714
  73  65.425807  65.313148     8.077     8.179  9 55375.28373122 23.404
  74  65.426873  65.313778     7.998     7.795 10 55385.19936959 23.375
  75  65.428121  65.314666     7.866     7.678  9 55395.11500709 22.670
  76  65.426259  65.314559     7.311     7.324 10 55405.03064635 42.014
  77  65.426041  65.313441     6.994     7.024  9 55414.94629771 37.895
  78  65.424678  65.311073     6.796     6.852  9 55424.86194579 27.155
  79  65.422081  65.309101     7.157     7.503 10 55434.77759116 23.648
  80  65.421163  65.309458     6.565     6.307  9 55444.69323541 25.819
  81  65.424172  65.311628     6.816     6.823 10 55454.60887908 24.899
  82  65.425384  65.313335     5.674     6.043  9 55464.52452181 31.443
  83  65.425353  65.312686     4.437     4.394 10 55474.44016164 48.224
  84  65.424471  65.310333     6.654     6.895  9 55484.35579833 22.999
  85  65.422813  65.308210     7.382     7.446  9 55494.27143285 24.977
  86  65.419116  65.308219     7.833     7.870  9 55504.18706619 24.674
  87  65.424509  65.311407     4.662     4.587 10 55514.10271578 53.178
  88  65.428114  65.314146     4.168     4.170 10 55524.01836582 42.236
  89  65.429179  65.315025     3.211     3.247 10 55533.93401377 42.031
  90  65.426591  65.314152     3.219     3.149  9 55543.84965946 33.567
  91  65.426816  65.313772     3.441     3.511 10 55553.76530350 32.036
  92  65.427937  65.314457     3.475     3.443  9 55563.68094662 26.818
  93  65.429344  65.315247     3.416     3.420  9 55573.59658918 24.492
  94  65.428122  65.314636     3.236     3.204  9 55583.51223004 26.583
  95  65.424042  65.312382     3.109     3.109 10 55593.42786714 22.670
  96  65.422788  65.310023     3.085     3.094 10 55603.34350114 23.816
  97  65.422938  65.308796     2.979     2.973  9 55613.25913320 24.135
  98  65.421016  65.308953     2.877     2.866  9 55623.17476945 23.690
  99  65.421779  65.310775     2.829     2.805  9 55633.09042238 21.289
 100  65.423672  65.311861     3.416     3.575 10 55643.00607310 19.609
 101  65.424575  65.311630     3.405     3.630  9 55652.92172080 17.892
 102  65.423929  65.310175     2.799     2.804  9 55662.83736403 18.718
 103  65.422095  65.309377     4.596     4.537 10 55672.75300419 37.374
 104  65.421504  65.309964     6.947     6.730  9 55682.66864308 32.084
 105  65.422803  65.311677     8.543     8.487  9 55692.58428075 31.842
 106  65.424535  65.313104     8.588     8.577  9 55702.49991687 52.570
 107  65.425831  65.313767     8.487     8.471 10 55712.41556022 26.987
 108  65.427972  65.314087     8.388     8.351 10 55722.33120993 24.203
 109  65.428287  65.314254     8.196     8.199 10 55732.24685743 22.563
 110  65.428602  65.314501     7.884     7.702  9 55742.16250365 23.498
 111  65.426177  65.314223     7.334     7.078 10 55752.07814830 27.291
 112  65.425437  65.313269     7.362     7.278 10 55761.99379074 24.024
 113  65.423486  65.311656     6.446     6.462  9 55771.90943020 24.403
 114  65.424213  65.310136     4.892     4.922  9 55781.82506643 51.977
 115  65.423290  65.309463     5.777     5.943  9 55791.74069997 24.932
 116  65.420839  65.309458     3.766     3.804  9 55801.65633263 33.939
 117  65.422769  65.310872     4.167     4.174  9 55811.57198309 54.289
 118  65.425530  65.311595     5.808     6.218  9 55821.48763204 22.835
 119  65.422608  65.310653     4.727     4.316  9 55831.40327559 33.675
 120  65.422002  65.309515     5.484     5.256 10 55841.31891478 28.041
 121  65.419693  65.308964     5.824     6.120  9 55851.23455075 24.424
 122  65.421567  65.310212     7.700     7.780  9 55861.15018511 26.281
 123  65.424897  65.312552     4.010     4.033  9 55871.06583841 43.008
 124  65.425250  65.313712     3.280     3.324  9 55880.98148881 37.174
 125  65.427872  65.314094     2.976     2.968 10 55890.89713272 26.889
 126  65.425082  65.313478     3.080     3.043 10 55900.81277025 26.047
 127  65.425163  65.313401     3.080     3.078 10 55910.72840342 27.213
 128  65.426740  65.314484     3.473     3.141  9 55920.64405739 24.030
 129  65.426104  65.314253     3.104     3.086  9 55930.55970958 23.657
 130  65.425152  65.312668     2.991     2.950 10 55940.47535778 25.473
 131  65.424434  65.310701     3.499     3.277  9 55950.39100137 23.642
 132  65.420233  65.309521     3.659     3.909  9 55960.30664060 22.726
 133  65.423340  65.310526     3.692     3.910  9 55970.22227826 21.072
 134  65.423530  65.311595     4.803     5.351  9 55980.13791456 18.726
 135  65.422982  65.311416     4.847     4.740  9 55990.05354978 19.221
 136  65.420874  65.310429     3.783     3.943  9 55999.96919329 19.666
 137  65.421578  65.309713     3.872     4.173  9 56009.88484395 19.885
 138  65.422079  65.309773     8.524     8.595 10 56019.80049057 13.262
 139  65.423035  65.310982     4.086     4.006 10 56029.71613438 14.961
 140  65.425966  65.312961     3.470     3.479 10 56039.63177656 30.360
 141  65.427309  65.314019     5.766     5.775  9 56049.54741651 30.282
 142  65.427600  65.314177     8.136     8.068  9 56059.46305364 36.403
 143  65.424399  65.312964     8.448     8.437 10 56069.37868824 28.846
 144  65.427131  65.313522     7.932     7.642  9 56079.29433962 26.945
 145  65.426837  65.314240     7.407     7.196  9 56089.20998798 42.011
 146  65.429247  65.315294     6.620     6.659  9 56099.12563409 52.335
 147  65.426901  65.314446     5.980     5.996  9 56109.04126570 54.506
 148  65.424923  65.312157     4.792     4.779  9 56118.95690593 37.489
 149  65.423714  65.309663     4.975     5.007  9 56128.87254256 31.782
 150  65.421949  65.308427     3.717     3.735  9 56138.78817584 37.439
 151  65.423712  65.310226     5.260     6.060  9 56148.70382432 26.203
 152  65.424898  65.312388     5.140     5.525 10 56158.61947368 26.200
 153  65.425407  65.313084     4.098     3.009 10 56168.53512175 33.186
 154  65.423091  65.311549     4.758     5.331 10 56178.45076643 26.747
 155  65.421075  65.309668     3.356     3.037  9 56188.36640668 34.128
 156  65.420294  65.309127     5.440     5.952  9 56198.28204370 28.375
 157  65.422974  65.310836     4.179     3.798 10 56208.19767829 50.304
 158  65.425408  65.313092     5.032     5.449 10 56218.11331120 30.356
 159  65.428723  65.314807     7.155     7.234  9 56228.02895648 25.890
 160  65.427147  65.314434     3.295     3.255  9 56237.94461053 48.755
 161  65.424914  65.313407     2.612     2.592 10 56247.86026063 39.060
 162  65.425666  65.313131     2.848     2.819  9 56257.77590608 33.088
 163  65.425593  65.313965     3.050     3.068  9 56267.69154827 29.375
 164  65.428888  65.315028     3.071     3.038  9 56277.60718911 24.360
 165  65.429016  65.314854     4.812     4.743 10 56287.52283749 22.256
 166  65.426172  65.312507     5.150     5.899  9 56297.43848642 20.737
 167  65.422048  65.309806     5.687     5.740 10 56307.35413127 19.316
 168  65.421852  65.309125     5.546     5.578  9 56317.26977374 19.832
 169  65.422802  65.310935     6.229     6.360 10 56327.18541495 19.312
 170  65.425984  65.313189     5.707     5.881 10 56337.10105536 19.559
 171  65.426938  65.313585     6.704     6.701 10 56347.01669382 18.077
 172  65.424467  65.311541     6.468     6.513 10 56356.93232928 17.349
 173  65.422949  65.309821     5.927     5.916  9 56366.84797717 17.227
 176  65.429723  65.315370     6.861     6.970 10 56396.59491580 15.362
 177  65.429953  65.316475     2.633     2.623 10 56406.51055724 16.444
 178  65.427756  65.315442     3.873     3.820 10 56416.42619478 38.455
 179  65.424530  65.313084     7.507     7.512  9 56426.34182739 31.408
 180  65.424618  65.312605     8.534     8.515 10 56436.25747769 30.590
 181  65.425713  65.313585     8.302     8.238  9 56446.17312956 24.115
 182  65.427572  65.315096     7.859     7.794  9 56456.08877918 25.623
 183  65.427289  65.314942     8.213     8.095 10 56466.00442539 34.358
 184  65.424409  65.312727     8.199     8.212  9 56475.92006740 51.817
 185  65.422005  65.309915     8.128     8.274  9 56485.83570589 23.737
 186  65.420661  65.308779     8.184     8.213  9 56495.75134175 21.655
 187  65.421845  65.310012     8.196     8.177 10 56505.66697639 25.167
 188  65.425062  65.312110     7.640     7.334  9 56515.58260982 21.548
 189  65.425237  65.313216     7.232     7.281 10 56525.49826429 26.892
 190  65.425440  65.312370     6.112     6.190 10 56535.41391508 27.130
 192  65.421790  65.310483     4.163     4.185  9 56555.24520591 37.781
 193  65.426056  65.312735     6.914     7.217 10 56565.16084919 25.776
 194  65.428831  65.315352     7.286     7.193  9 56575.07649099 25.193
 195  65.431502  65.316605     5.865     5.856 10 56584.99212974 26.297
 196  65.429108  65.315299     4.317     4.308 10 56594.90776559 37.299
 197  65.425414  65.313786     4.590     4.579  9 56604.82341802 46.407
 198  65.426645  65.313178     4.910     4.864 10 56614.73906618 27.561
 199  65.425332  65.313311     5.484     4.641  9 56624.65471036 26.845
 200  65.426878  65.313907     5.521     6.005  9 56634.57035206 24.162
 201  65.427490  65.313631     5.900     6.357  9 56644.48598926 22.607
 202  65.425565  65.312405     6.490     6.725 10 56654.40164197 23.408
 203  65.424728  65.310810     6.131     6.200  9 56664.31729048 23.052
 204  65.423753  65.310121     6.726     6.808  9 56674.23293630 17.998
 205  65.423617  65.311264     6.937     6.869 10 56684.14858110 17.761
 206  65.424723  65.312883     6.669     6.561 10 56694.06422394 17.126
 207  65.426549  65.313599     6.605     6.662  9 56703.97986243 17.146
 208  65.423337  65.312074     6.767     6.727  9 56713.89549500 16.291
 210  65.426197  65.312104    19.969    23.456  9 56733.72679537 10.392
 211  65.428315  65.314187     6.540     6.619  9 56743.64244276 13.291
 212  65.429325  65.316053     6.159     6.563 10 56753.55808574 13.788
 213  65.430149  65.316496     3.111     3.065  9 56763.47372323 35.013
 214  65.428158  65.315084     3.547     3.570 10 56773.38935662 23.449
 215  65.427359  65.314409     5.237     4.956 10 56783.30501397 35.939
 216  65.426952  65.314161     8.793     8.722  9 56793.22066771 31.485
 217  65.426649  65.314488     8.751     8.833 10 56803.13631861 28.417
 218  65.426251  65.314415     8.751     8.784  9 56813.05196157 27.353
 219  65.427526  65.313772     8.767     8.814 10 56822.96760114 27.454
 220  65.425098  65.312072    62.519    62.012  9 56832.88323615 15.098
 221  65.423450  65.310523     8.877     8.834  9 56842.79886783 48.895
 222  65.422487  65.310365     8.761     8.755  9 56852.71450818 22.852
 223  65.424774  65.311779     8.635     8.720 10 56862.63016262 23.855
 224  65.424395  65.312927     8.373     8.316  9 56872.54581626 24.986
 225  65.425931  65.313487     8.086     8.050  9 56882.46146695 51.956
 226  65.426141  65.313357     7.592     7.429  9 56892.37711389 20.490
 227  65.424708  65.313019     6.848     6.963  9 56902.29275756 26.328
 228  65.425803  65.314042     6.156     6.492  9 56912.20839958 26.836
 229  65.429013  65.315438     6.099     6.336  9 56922.12404017 27.843
 230  65.430184  65.316262     5.950     6.342 10 56932.03967828 27.596
 231  65.430180  65.315712     7.155     7.339  9 56941.95531099 24.104
 232  65.428086  65.314585     5.093     5.078  9 56951.87095327 42.778
 233  65.425974  65.313856     5.264     5.294 10 56961.78660411 41.098
 234  65.426594  65.313925     6.044     6.586  9 56971.70225033 26.372
 235  65.427814  65.314067     6.756     6.732  9 56981.61789254 22.212
 236  65.425157  65.313157     6.697     6.770  9 56991.53352989 21.269
 237  65.424217  65.311468     6.998     6.793  9 57001.44916175 20.324
 238  65.425287  65.311100     6.311     6.362  9 57011.36481941 21.413
 239  65.423596  65.310771     6.516     6.365  9 57021.28047096 20.125
 240  65.424798  65.311861     6.889     6.835  9 57031.19611994 19.218
 241  65.426747  65.313075     6.770     6.988 10 57041.11176707 20.144
 242  65.426921  65.313599     6.913     6.846  9 57051.02741189 17.924
 243  65.425029  65.312782     6.769     6.823  9 57060.94305228 17.785
 244  65.424960  65.312069     6.664     6.868 10 57070.85868731 17.833
 245  65.423221  65.311894     6.497     6.591  9 57080.77431793 18.896
 246  65.426686  65.313713     6.679     6.691  9 57090.68995979 18.671
 247  65.429009  65.316023     6.023     6.044 10 57100.60561784 18.516
 248  65.432367  65.317079     7.025     7.238 10 57110.52127279 16.247
 249  65.427735  65.315519     8.300     8.202 10 57120.43692124  9.942
 250  65.428240  65.314122     3.343     3.353 10 57130.35256436 18.910
 251  65.424747  65.313234     4.193     3.992 10 57140.26820182 15.248
 252  65.427415  65.313967     6.145     6.099  9 57150.18383643 38.062
 253  65.425870  65.313789     9.433     9.439  9 57160.09946757 52.514
 254  65.427020  65.313318     8.819     8.888  9 57170.01512032 27.747
 255  65.423704  65.311565     8.866     8.772  9 57179.93077533 25.693
 256  65.423510  65.310490     8.818     8.850  9 57189.84642665 26.290
 257  65.421905  65.310826     8.911     8.874  9 57199.76207436 46.189
 258  65.425666  65.312761     8.768     8.764  9 57209.67770900 43.523
 259  65.427230  65.314075     9.031     9.000 10 57219.59335335 51.207
 260  65.425392  65.313643     8.862     8.837  9 57229.50899626 27.164
 261  65.426852  65.312945     9.039     9.084  9 57239.42463720 29.138
 262  65.424066  65.311926     9.145     9.109  9 57249.34027475 28.812
 263  65.425977  65.312729     9.158     9.236 10 57259.25591046 29.040
 264  65.426973  65.314318     8.837     8.780  9 57269.17154482 28.038
 265  65.431118  65.316507     7.589     7.464  9 57279.08719629 26.433
 266  65.431011  65.316673     8.108     8.029 10 57289.00285209 22.083
 267  65.427503  65.315047     7.268     7.084 10 57298.91850460 26.952
 268  65.424929  65.313063     7.563     7.541  9 57308.83415358 24.344
 269  65.424113  65.312683     5.693     5.762  9 57318.74979925 43.388
 270  65.425779  65.313784     6.409     6.374  9 57328.66544218 48.129
 271  65.427627  65.315047     7.279     7.202  9 57338.58108297 39.757
 272  65.427759  65.314647     6.326     6.267 10 57348.49673175 38.257
 273  65.424218  65.312262     5.640     5.639 10 57358.41237749 32.282
 274  65.422253  65.310043     5.778     5.804  9 57368.32802010 25.963
 275  65.422065  65.310001     5.833     5.799  9 57378.24366011 22.781
 276  65.423475  65.311956     5.708     5.701  9 57388.15929872 23.193
 277  65.427133  65.313904     5.492     5.463  9 57398.07493668 22.596
 278  65.425729  65.313606     5.944     5.812  9 57407.99057250 18.909
 279  65.426150  65.312680     6.221     6.359 10 57417.90622543 19.115
 280  65.424747  65.311982     6.260     6.591  9 57427.82187590 20.130
 281  65.425549  65.313270     6.041     6.424 10 57437.73752404 20.089
 282  65.430924  65.316202     6.154     6.180 10 57447.65317131 18.942
 283  65.432778  65.318008     6.263     6.354  9 57457.56881713 19.031
 284  65.430696  65.317199     7.377     7.502 10 57467.48445982 16.970
 285  65.427290  65.314327     8.726     8.647  9 57477.40009830 13.353
 286  65.425195  65.311763     7.970     8.030  9 57487.31573369  8.848
 287  65.423963  65.310977     4.215     4.210 10 57497.23136705 21.853
 288  65.423456  65.312190     6.461     6.445  9 57507.14700509 35.018
 289  65.428209  65.314248     9.080     8.978 10 57517.06266183 33.532
 290  65.427270  65.313982     9.172     9.168  9 57526.97831509 56.745
 291  65.424852  65.311790     9.023     9.018 10 57536.89396550 31.045
 292  65.421424  65.309865     8.882     8.837  9 57546.80961316 25.311
 293  65.423867  65.310347     8.716     8.641  9 57556.72525990 26.451
 294  65.425110  65.312481     8.783     8.805 10 57566.64090541 26.085
 295  65.428325  65.314598     8.840     8.842 10 57576.55655037 53.726
 296  65.427937  65.314916     8.587     8.605 10 57586.47219386 25.918
 297  65.425636  65.313735     8.218     8.193 10 57596.38783481 25.458
