#   44.700  -3.788   5.951 ;Mean Elev.(m), Avg Gradient(m/km), RMS Gradient(m/km) - SRTM1     
#   36.560  -4.732   6.841 ;Mean Elev.(m), Avg Gradient(m/km), RMS Gradient(m/km) - ASTER GDEM
#   41.707  -1.644   4.975 ;Mean Elev.(m), Avg Gradient(m/km), RMS Gradient(m/km) - GMTED2010 
   2  80.157603  59.291725    49.492    49.581  3 54673.14398137 27.010
   3  80.154405  59.292365   -30.848   -30.575  3 54683.05962463  5.057
   4  80.153103  59.291966    44.064    44.060  3 54692.97526660 39.342
   5  80.157676  59.291595   -29.287   -29.295  3 54702.89090662  3.039
   6  80.160189  59.290370    49.376    49.425  3 54712.80655563 28.322
   7  80.160058  59.289290   -20.020   -19.863  3 54722.72220627  5.454
   8  80.160778  59.290565    49.504    49.516  3 54732.63785495 25.297
   9  80.158471  59.292152    44.680    44.656  3 54742.55350192 37.182
  10  80.153341  59.291480    47.599    49.168  3 54752.46914818 31.573
  11  80.156536  59.292303    47.410    48.587  3 54762.38479509 29.898
  12  80.157540  59.290395    49.294    48.928  3 54772.30043895 28.195
  13  80.161526  59.290168    44.470    44.584  3 54782.21608033 47.388
  14  80.163242  59.290373    46.043    46.037  3 54792.13171899 40.717
  15  80.159624  59.289886    92.176    92.176  2 54802.04735588 11.486
  16  80.158608  59.290091   101.951   101.951  2 54811.96299295 10.238
  18  80.158742  59.290513    48.038    49.293  3 54831.79428659 22.484
  19  80.158143  59.291579    47.419    47.642  3 54841.70992526 18.677
  20  80.152715  59.292077    47.242    47.242  2 54851.62557378 18.501
  21  80.149130  59.293493    46.816    47.176  3 54861.54122231 18.760
  22  80.147852  59.294246    48.346    48.346  2 54871.45687102 15.990
  23  80.149209  59.293027    48.637    48.626  3 54881.37251808 14.824
  24  80.154759  59.291664    48.897    49.113  3 54891.28816221 14.706
  25  80.160461  59.291527    48.988    49.080  3 54901.20380354 15.504
  26  80.158755  59.291398    49.490    49.506  3 54911.11944232 14.777
  27  80.154131  59.291442    43.858    43.904  3 54921.03507963 17.062
  28  80.153840  59.291652    49.200    49.368  3 54930.95071674 21.368
  29  80.159869  59.291316    46.702    46.739  3 54940.86635300 37.516
  30  80.164998  59.289293    84.056    84.217  3 54950.78198731 14.328
  31  80.164779  59.287187    84.297    84.329  3 54960.69762720 18.477
  32  80.164078  59.288812    84.273    84.277  3 54970.61327598 15.169
  33  80.161440  59.290590    49.937    49.913  3 54980.52892352 34.746
  34  80.155844  59.290519    50.052    50.167  3 54990.44457030 47.179
  35  80.155984  59.291133    49.688    49.666  3 55000.36021753 41.965
  36  80.157654  59.291878    49.769    49.819  3 55010.27586311 29.620
  37  80.156452  59.291291    48.841    48.886  3 55020.19150661 41.331
  38  80.153376  59.291361    49.821    49.683  3 55030.10714877 28.076
  39  80.151748  59.292251    49.846    49.846  2 55040.02279046 26.016
  40  80.151954  59.292257    45.966    45.958  3 55049.93843080 48.799
  41  80.157340  59.291717    45.589    45.522  3 55059.85406940 49.738
  42  80.161520  59.289840    45.483    45.560  3 55069.76970987 49.925
  43  80.162582  59.288829    47.996    49.594  3 55079.68535925 30.072
  44  80.162226  59.290085    48.009    49.528  3 55089.60100694 30.615
  45  80.157517  59.291294    46.759    46.824  4 55099.51665314 31.839
  46  80.153047  59.291709    49.331    49.405  3 55109.43229877 28.313
  47  80.156941  59.292393    49.390    49.263  3 55119.34794383 28.943
  48  80.161367  59.291086    47.719    49.160  3 55129.26358615 35.800
  49  80.163423  59.289502    46.013    45.817  3 55139.17922612 47.578
  50  80.162167  59.289313    45.995    45.995  2 55149.09486462 38.351
  51  80.158368  59.289809    46.091    46.064  3 55159.01050250 35.154
  52  80.159326  59.291658   111.648   111.671  3 55168.92614066  0.868
  53  80.157027  59.290277   109.576   110.096  3 55178.84177712  0.474
  54  80.157371  59.289809    48.932    48.840  3 55188.75742276 18.409
  55  80.157678  59.291105    48.632    48.478  3 55198.67307357 15.918
  56  80.155271  59.292369    48.637    48.639  3 55208.58872331 14.915
  57  80.149935  59.292321    48.503    48.503  2 55218.50437215 14.365
  58  80.150641  59.293056    48.539    48.553  3 55228.42002090 13.049
  59  80.152046  59.291934    49.623    49.623  2 55238.33566641 13.060
  60  80.157710  59.291309    48.404    48.777  3 55248.25130880 13.350
  61  80.160671  59.290769    49.058    49.258  3 55258.16694846 12.720
  62  80.160048  59.290759    48.341    48.370  3 55268.08258699 12.318
  63  80.155882  59.290533    48.074    48.346  3 55277.99822471 12.190
  64  80.157388  59.291243    49.796    49.951  4 55287.91386182  9.549
  65  80.159579  59.289944    49.778    49.862  3 55297.82949635  9.306
  66  80.163481  59.289088    48.241    49.494  3 55307.74513861 28.539
  67  80.163874  59.288591    83.703    83.683  3 55317.66078488 16.031
  68  80.162297  59.289282    50.169    50.117  3 55327.57643013 28.983
  69  80.159367  59.290644    50.228    50.212  3 55337.49207462 29.338
  70  80.154975  59.290827    50.511    50.310  3 55347.40771838 32.583
  71  80.157364  59.292342    50.988    50.966  3 55357.32336133 39.634
  72  80.157566  59.292104    50.941    50.915  3 55367.23900176 35.864
  73  80.156873  59.291246    50.757    50.841  3 55377.15464052 35.653
  74  80.157565  59.291346    50.372    50.430  4 55387.07027860 41.050
  75  80.159666  59.291923    50.210    50.132  3 55396.98591593 28.635
  76  80.159664  59.291142    50.113    50.062  3 55406.90155836 25.583
  77  80.158229  59.290001    50.201    50.145  3 55416.81720912 24.998
  78  80.159062  59.289089    50.241    50.270  3 55426.73285674 24.173
  79  80.161203  59.289501    50.095    50.161  3 55436.64850206 26.420
  80  80.159954  59.289954    46.496    44.711  3 55446.56414586 33.093
  81  80.159364  59.291288    49.877    49.749  3 55456.47978939 24.156
  82  80.159140  59.291955    44.240    44.256  3 55466.39543219 38.538
  83  80.159833  59.290804    49.831    49.909  3 55476.31107168 27.040
  84  80.163134  59.289571    49.767    49.704  3 55486.22670821 31.395
  85  80.165729  59.288717    49.805    49.850  3 55496.14234248 26.598
  86  80.163719  59.288304    49.949    49.949  2 55506.05797735 24.553
  87  80.162177  59.290765    49.893    49.788  3 55515.97362798 29.385
  88  80.156587  59.290761    44.301    44.368  3 55525.88927697 38.150
  89  80.156415  59.291775    45.218    45.080  4 55535.80492460 23.620
  90  80.156972  59.292396    48.253    49.184  3 55545.72057017 19.665
  91  80.154599  59.292144    49.446    49.462  3 55555.63621357 19.242
  92  80.151714  59.291772    48.671    49.263  3 55565.55185609 17.154
  93  80.154744  59.292462    49.307    49.306  3 55575.46749871 16.804
  94  80.156039  59.290797    47.050    46.136  3 55585.38313918 16.598
  95  80.161598  59.290164    49.828    49.821  3 55595.29877686 15.976
  96  80.163167  59.288704    48.627    48.627  2 55605.21441080 14.834
  97  80.163672  59.288020    49.865    49.940  3 55615.13004255 14.001
  98  80.162205  59.288248    49.879    49.937  3 55625.04568247 14.123
  99  80.162769  59.290204    48.049    47.897  3 55634.96133497 13.570
 100  80.160248  59.289597    48.619    49.425  3 55644.87698464 12.386
 101  80.161347  59.289589    83.219    82.464  3 55654.79263194  1.746
 102  80.162052  59.289260    49.978    50.077  3 55664.70827467 31.547
 103  80.161367  59.289281    83.953    83.813  3 55674.62391445 15.606
 104  80.161775  59.290497    50.259    50.264  3 55684.53955297 27.397
 105  80.159929  59.290430    49.915    49.955  3 55694.45518994 35.556
 106  80.159234  59.289813    83.480    83.596  3 55704.37082559 11.537
 107  80.159989  59.290467    49.960    49.822  3 55714.28647223 35.397
 108  80.159759  59.291657    50.056    50.065  3 55724.20212149 26.285
 109  80.156444  59.291910    48.795    49.315  3 55734.11776832 36.334
 110  80.153367  59.291795    49.961    49.961  2 55744.03341380 25.208
 111  80.155355  59.292220    49.639    49.696  3 55753.94905829 28.667
 112  80.158746  59.291036    50.153    50.145  3 55763.86470039 26.365
 113  80.162894  59.289770    45.687    45.783  3 55773.78033975 32.263
 114  80.163922  59.288452    83.441    83.441  2 55783.69597551 14.582
 115  80.164593  59.289033    46.152    44.612  3 55793.61160916 38.457
 116  80.164176  59.289771    83.377    83.428  3 55803.52724530 14.899
 117  80.160700  59.289669    46.711    45.377  3 55813.44289485 34.886
 118  80.160865  59.288964    44.982    45.040  3 55823.35854277 37.694
 119  80.163691  59.288462    49.687    49.687  2 55833.27418620 26.027
 120  80.166227  59.288633    95.920    95.265  3 55843.18982543 16.394
 121  80.164346  59.288575    49.797    49.834  3 55853.10546110 26.544
 122  80.161200  59.289025    43.408    43.492  3 55863.02109668 50.645
 123  80.156572  59.290128    93.759    95.582  3 55872.93675041 25.073
 124  80.158894  59.291530    43.920    43.900  3 55882.85239974 37.244
 125  80.157279  59.290181    49.944    49.952  3 55892.76804196 27.737
 126  80.158900  59.290020    49.098    49.172  3 55902.68367908 23.568
 127  80.158306  59.290148    49.330    49.411  3 55912.59931530 22.093
 128  80.154457  59.291397    47.536    49.113  3 55922.51496951 22.225
 129  80.153034  59.291244    45.693    43.892  3 55932.43062095 20.858
 130  80.157232  59.290666    49.330    49.279  3 55942.34626859 19.959
 131  80.161029  59.289318    49.733    49.706  3 55952.26191172 18.845
 132  80.161434  59.288538    49.567    49.447  3 55962.17755110 17.842
 133  80.160877  59.289652    49.459    49.347  3 55972.09318846 19.164
 134  80.159653  59.290565    49.656    49.728  3 55982.00882441 18.744
 135  80.159401  59.289283    49.412    49.305  3 55991.92445862 19.136
 136  80.164031  59.289902    49.047    49.163  3 56001.84010606 18.403
 137  80.163835  59.288650    47.105    47.105  2 56011.75575568 13.686
 138  80.161568  59.288231    92.276    92.907  3 56021.67140161 14.281
 139  80.159266  59.289749    44.353    44.306  3 56031.58704503 42.283
 140  80.156471  59.291351    50.136    50.116  3 56041.50268644 31.753
 141  80.156158  59.292117    49.921    49.959  3 56051.41832562 32.002
 142  80.156354  59.290820    50.037    49.996  3 56061.33396183 30.456
 143  80.160017  59.290011    83.832    83.721  3 56071.24960045 13.411
 144  80.158981  59.290427    46.915    46.733  3 56081.16525104 45.789
 145  80.158517  59.292142    48.016    48.522  3 56091.08089915 32.638
 146  80.153949  59.291933    45.277    45.277  2 56100.99654419 48.354
 147  80.155834  59.292148    44.229    44.236  3 56110.91217563 48.143
 148  80.160972  59.291088    43.803    43.631  3 56120.82781549 48.573
 149  80.163285  59.287922    45.633    43.825  3 56130.74345112 41.657
 150  80.167177  59.287545    43.706    43.706  2 56140.65908540 43.637
 151  80.161534  59.288519    45.555    43.237  3 56150.57473607 32.333
 152  80.159520  59.291129    45.099    43.070  3 56160.49038549 31.031
 153  80.156860  59.291105    42.947    42.903  3 56170.40603292 46.129
 154  80.160880  59.290882    47.224    49.093  3 56180.32167703 28.686
 155  80.164132  59.289733    43.320    43.319  3 56190.23731690 36.262
 156  80.164251  59.288868    47.042    48.642  3 56200.15295353 26.839
 157  80.162901  59.289540    45.390    43.601  3 56210.06858770 26.977
 158  80.161126  59.290381    49.584    49.622  3 56219.98421994 30.701
 159  80.158540  59.291722    43.164    43.066  3 56229.89986915 45.087
 160  80.156747  59.291452    44.573    44.604  3 56239.81552218 42.955
 161  80.158525  59.291798    49.272    49.191  3 56249.73117174 25.368
 162  80.158495  59.291156    50.207    50.207  2 56259.64681624 20.632
 163  80.158317  59.291668    49.632    49.568  3 56269.56245828 18.978
 164  80.155808  59.291091    49.784    49.741  3 56279.47809828 16.530
 165  80.154804  59.291543    49.449    49.407  3 56289.39374914 15.128
 166  80.158919  59.291724    49.420    49.314  3 56299.30939807 14.586
 167  80.161776  59.290582    49.359    49.466  3 56309.22504269 14.280
 168  80.160304  59.288888    49.742    49.788  3 56319.14068433 14.621
 169  80.160223  59.290306    48.725    49.250  3 56329.05632543 14.312
 170  80.159540  59.291684    49.358    49.352  3 56338.97196555 14.318
 171  80.157847  59.290763    49.496    49.512  3 56348.88760319 15.499
 172  80.163281  59.290292    49.515    49.407  3 56358.80323872 12.004
 173  80.162514  59.289396    49.582    49.641  3 56368.71888908 13.313
 175  80.156869  59.290867    50.293    50.176  3 56388.55018200 10.444
 176  80.153756  59.292112    95.086    94.431  3 56398.46582537  8.035
 177  80.151412  59.291877    48.226    48.226  2 56408.38146618 32.735
 178  80.156679  59.292381    50.010    50.017  3 56418.29710354 33.294
 179  80.157609  59.289732    50.176    50.221  3 56428.21273578 30.790
 180  80.159023  59.291357    50.506    50.517  3 56438.12839002 35.176
 181  80.157481  59.292259    51.133    51.182  3 56448.04404122 34.706
 182  80.153828  59.291846    50.933    50.794  3 56457.95968979 35.358
 183  80.156972  59.292671    51.024    51.028  3 56467.87533587 35.193
 184  80.157455  59.291032    50.766    50.767  3 56477.79097734 50.047
 185  80.161331  59.290061    49.739    49.705  3 56487.70661546 39.876
 186  80.161466  59.288772    47.983    47.997  3 56497.62225071 48.081
 187  80.162271  59.288792    46.616    46.660  3 56507.53788506 43.360
 188  80.160636  59.288582    50.262    50.246  3 56517.45352214 26.849
 189  80.160628  59.290276    50.062    50.148  3 56527.36917685 22.783
 190  80.158161  59.289424    47.381    46.260  3 56537.28482672 33.222
 192  80.160791  59.291227    49.672    49.671  3 56557.11611704 27.750
 193  80.157799  59.291611    47.969    49.652  3 56567.03175932 29.884
 194  80.156624  59.292636    49.676    49.557  3 56576.94740049 29.137
 195  80.156650  59.292259    45.099    44.916  3 56586.86303812 48.916
 196  80.159098  59.291893    49.818    49.692  3 56596.77867807 26.905
 197  80.158957  59.292139    47.514    47.574  3 56606.69432997 27.363
 198  80.156098  59.291262    45.589    45.687  3 56616.60997665 46.081
 199  80.158121  59.292157    45.631    45.581  3 56626.52562062 44.096
 200  80.155779  59.290596    46.871    46.892  3 56636.44126115 30.390
 201  80.160271  59.290842    47.076    46.266  3 56646.35690218 24.108
 202  80.159607  59.290464    46.335    46.328  3 56656.27255447 21.592
 203  80.159795  59.290165    46.881    46.119  3 56666.18820247 21.150
 204  80.158135  59.290001    45.800    45.765  3 56676.10384756 25.576
 205  80.159794  59.291700    48.145    49.350  3 56686.01949203 19.477
 206  80.158570  59.291581    47.646    48.260  3 56695.93513397 19.938
 207  80.160266  59.290992    47.461    47.953  3 56705.85077156 21.837
 208  80.163005  59.289825    49.015    48.991  3 56715.76640391 16.656
 209  80.158795  59.289840    48.074    47.783  3 56725.68205697 17.349
 210  80.157873  59.292021    50.149    50.223  3 56735.59770673  9.433
 211  80.152885  59.292499    49.152    49.169  3 56745.51335260  9.499
 212  80.152304  59.292647    99.965    99.965  2 56755.42899457  4.429
 213  80.155662  59.292104    48.657    48.503  4 56765.34463118 39.613
 214  80.158148  59.291234    50.123    50.175  3 56775.26027001 28.644
 215  80.155628  59.291883    50.137    50.032  3 56785.17592666 34.965
 216  80.151575  59.292256    50.180    50.180  2 56795.09157940 30.477
 217  80.151456  59.293306    50.498    50.498  2 56805.00722864 47.004
 218  80.152871  59.292324    50.088    50.088  2 56814.92287077 32.484
 219  80.159091  59.292100    49.957    49.854  3 56824.83850997 39.258
 220  80.159610  59.289607    49.935    49.928  3 56834.75414453 32.226
 221  80.163665  59.289727    49.682    49.666  3 56844.66977648 33.822
 222  80.160509  59.289769    83.618    83.508  3 56854.58542113 14.067
 223  80.158097  59.291019    50.059    50.006  3 56864.50107488 24.684
 224  80.156148  59.291175    49.815    49.874  3 56874.41672786 27.691
 225  80.155501  59.290959    48.318    49.644  3 56884.33237773 31.841
 226  80.156084  59.291104    49.549    49.529  3 56894.24802459 27.547
 227  80.154100  59.291318    49.536    49.418  3 56904.16366798 30.409
 228  80.151823  59.292476    44.282    44.273  3 56914.07930933 41.999
 229  80.150862  59.293214    49.195    49.195  2 56923.99494894 27.942
 230  80.152307  59.292882    44.033    44.033  2 56933.91058599 41.173
 231  80.155475  59.290967    45.649    43.858  3 56943.82621769 36.656
 232  80.158076  59.290627    90.562    90.468  3 56953.74186507 23.752
 233  80.156551  59.290649    48.276    48.247  3 56963.65751511 30.589
 234  80.155750  59.291893    47.692    47.645  4 56973.57316072 38.990
 235  80.153335  59.291493    46.975    47.011  3 56983.48880167 26.067
 236  80.157783  59.291245    46.147    46.136  3 56993.40443851 19.424
 237  80.160764  59.288661    45.749    45.673  3 57003.32007540 18.925
 238  80.164321  59.289835    48.132    49.096  3 57013.23573256 17.714
 239  80.162479  59.290282    49.347    49.521  3 57023.15138368 16.896
 240  80.158903  59.291641    47.429    46.526  3 57033.06703206 16.525
 241  80.155509  59.292083    47.793    47.381  4 57042.98267800 16.617
 242  80.155968  59.291942    45.908    45.125  3 57052.89832187 15.888
 243  80.159554  59.290966    45.349    45.183  3 57062.81396146 14.672
 244  80.160820  59.289390    45.208    45.251  3 57072.72959560 17.072
 245  80.161792  59.289427    44.894    44.902  3 57082.64522608 16.932
 246  80.156947  59.290844    45.685    45.663  3 57092.56087295 16.265
 247  80.152264  59.292981    82.055    82.055  2 57102.47653006  6.801
 248  80.149548  59.292666    45.709    45.709  2 57112.39218341 14.943
 249  80.153898  59.292306    82.102    82.102  2 57122.30783145  4.913
 250  80.158829  59.292051    47.317    46.047  3 57132.22347399 32.434
 251  80.159936  59.291559    50.066    49.935  3 57142.13911120 31.355
 252  80.159569  59.291792    50.655    50.587  3 57152.05474522 36.563
 253  80.158038  59.290365    51.486    51.468  3 57161.97037561 34.016
 254  80.158531  59.291260    51.610    51.552  3 57171.88603305 34.024
 255  80.159258  59.290139    51.726    51.693  3 57181.80168732 31.876
 256  80.160987  59.289584    51.563    51.545  3 57191.71733792 51.298
 257  80.158465  59.289391    51.075    51.127  3 57201.63298537 51.391
 258  80.157349  59.291259    50.098    49.952  4 57211.54861970 35.071
 259  80.156100  59.292424    49.965    49.984  3 57221.46426369 31.918
 260  80.154634  59.291391    48.370    49.622  3 57231.37990604 34.481
 261  80.158893  59.291460    45.453    45.369  3 57241.29554657 44.479
 262  80.159301  59.289719    49.844    49.755  3 57251.21118383 26.214
 263  80.159151  59.289552    49.970    50.006  3 57261.12681922 24.072
 264  80.156979  59.289893    48.303    50.118  3 57271.04245316 30.966
 265  80.154793  59.292507    44.516    44.509  3 57280.95810862 48.032
 266  80.150938  59.292012    44.681    44.681  2 57290.87376332 48.236
 267  80.153758  59.291956    49.961    49.961  2 57300.78941567 28.080
 268  80.159052  59.292086    49.809    49.843  3 57310.70506461 27.576
 269  80.158727  59.291685    48.524    49.691  3 57320.62070968 26.339
 270  80.155518  59.291859    45.743    45.726  3 57330.53635201 37.547
 271  80.153769  59.292440    98.758    99.932  3 57340.45199244 21.943
 272  80.151607  59.291836    45.332    45.366  3 57350.36764264 36.218
 273  80.153437  59.289965    91.459    91.459  2 57360.28328787 13.168
 274  80.159970  59.289680   101.356    96.512  3 57370.19893054  4.442
 276  80.160771  59.290937    47.838    48.308  3 57390.03020897 18.123
 277  80.157469  59.290591    45.464    45.462  3 57399.94584612 18.608
 278  80.159319  59.290707    45.214    45.111  3 57409.86148501 18.972
 279  80.159072  59.290535    49.244    49.770  3 57419.77713736 18.457
 280  80.158807  59.290885    48.969    48.676  3 57429.69278725 16.664
 281  80.157967  59.292440    48.044    49.390  3 57439.60843514 17.099
 282  80.152528  59.292625    48.864    48.864  2 57449.52408141 15.657
 283  80.149940  59.292862    46.863    46.863  2 57459.43972660 18.731
 284  80.150889  59.292107    44.334    44.301  3 57469.35536887 27.493
 285  80.155843  59.291031    81.643    81.710  3 57479.27100738 10.542
 286  80.161104  59.290355    45.385    45.311  3 57489.18664284 33.245
 287  80.164268  59.289853    50.413    50.466  3 57499.10227606 29.575
 288  80.159811  59.288945    84.173    84.269  3 57509.01791824 14.516
 289  80.157274  59.290347    50.260    50.173  3 57518.93357400 32.201
 290  80.159159  59.291959    50.838    50.856  3 57528.84922735 50.154
 291  80.159580  59.290971    50.555    50.558  3 57538.76487720 35.464
 292  80.160925  59.290339    50.108    50.109  3 57548.68052459 34.979
 293  80.158439  59.289460    49.123    49.098  3 57558.59617033 41.685
 294  80.158242  59.291136    49.993    49.977  3 57568.51181588 24.530
 295  80.154499  59.291193    48.032    47.143  3 57578.42746035 37.677
 296  80.155396  59.291946    49.515    49.455  3 57588.34310389 32.264
 297  80.155143  59.291127    49.868    49.759  3 57598.25874451 28.973
