-149334.169     9.706     0.00   10.80
-149046.902     9.279    -1.49   10.38
-148759.653     8.968    -1.08   10.09
-148472.421     8.206    -2.65    9.69
-148185.207     6.256    -6.79    7.89
-147898.011     3.918    -8.14    3.59
-147610.832     3.442    -1.66    2.26
-147323.670     3.566     0.43    2.02
-147036.526     4.103     1.87    2.15
-146749.399     4.773     2.33    1.92
-146462.290     5.190     1.45    1.56
-146175.199     5.284     0.33    1.29
-145888.125     5.052    -0.81    1.25
-145601.068     4.963    -0.31    1.49
-145314.029     4.730    -0.81    1.62
-145027.008     4.466    -0.92    1.62
-144740.004     4.198    -0.93    1.54
-144453.017     4.017    -0.63    1.49
-144166.048     3.817    -0.70    1.50
-143879.096     3.531    -1.00    1.28
-143592.162     3.338    -0.67    1.16
-143305.245     2.990    -1.21    0.81
-143018.346     2.845    -0.51    0.81
-142731.465     2.648    -0.69    0.78
-142444.600     2.384    -0.92    0.72
-142157.753     2.214    -0.59    0.74
-141870.924     1.954    -0.91    0.67
-141584.112     1.717    -0.83    0.47
-141297.317     1.578    -0.48    0.34
-141010.540     1.466    -0.39    0.15
-140723.781     1.442    -0.08    0.00
-140437.039     1.442     0.00    0.00
-140150.314     1.442     0.00    0.00
-139863.606     1.442     0.00    0.00
-139576.916     1.489     0.16    0.21
-139290.244     1.616     0.44    0.38
-139003.589     1.767     0.53    0.47
-138716.951     1.910     0.50    0.50
-138430.331     2.343     1.51    1.27
-138143.728     3.598     4.38    3.15
-137857.142     5.234     5.71    4.14
-137570.574     6.979     6.09    4.60
-137284.024     8.869     6.60    4.52
-136997.490    10.869     6.98    3.68
-136710.974    12.434     5.46    2.30
-136424.476    13.377     3.29    0.85
-136137.994    13.610     0.81    0.70
-135851.531    13.708     0.34    0.63
-135565.084    13.632    -0.26    0.69
-135278.655    13.434    -0.69    0.78
-134992.243    13.095    -1.18    0.81
-134705.849    12.498    -2.09    1.29
-134419.472    11.563    -3.26    2.20
-134133.112    10.979    -2.04    2.38
-133846.770    10.664    -1.10    2.54
-133560.445    10.655    -0.03    2.53
-133274.137    10.806     0.53    2.44
-132987.847    11.204     1.39    2.17
-132701.574    11.995     2.76    1.74
-132415.318    12.857     3.01    1.22
-132129.080    13.402     1.91    1.51
-131842.858    14.016     2.14    1.68
-131556.655    14.306     1.01    1.63
-131270.468    14.101    -0.72    2.18
-130984.299    13.930    -0.60    2.21
-130698.147    13.410    -1.82    2.61
-130412.013    12.894    -1.80    2.34
-130125.896    12.450    -1.55    1.73
-129839.796    12.450    -0.00    0.88
-129553.713    12.762     1.09    0.79
-129267.648    13.564     2.80    1.97
-128981.599    14.710     4.01    2.80
-128695.569    15.829     3.91    3.14
-128409.555    17.267     5.03    3.01
-128123.559    18.093     2.89    2.53
-127837.580    18.820     2.54    1.98
-127551.618    18.531    -1.01    2.09
-127265.673    18.058    -1.66    2.25
-126979.746    17.649    -1.43    1.91
-126693.836    17.385    -0.92    1.66
-126407.943    17.664     0.98    1.71
-126122.068    18.122     1.60    1.92
-125836.210    18.744     2.17    1.81
-125550.369    18.990     0.86    1.61
-125264.545    18.647    -1.20    2.14
-124978.738    17.595    -3.68    2.95
-124692.949    16.386    -4.23    3.18
-124407.177    14.930    -5.10    2.78
-124121.422    13.800    -3.95    1.91
-123835.684    13.184    -2.16    1.15
-123549.964    13.068    -0.41    0.85
-123264.260    13.194     0.44    0.95
-122978.574    13.509     1.10    1.07
-122692.905    13.756     0.87    1.05
-122407.254    13.791     0.12    1.09
-122121.619    13.630    -0.56    1.06
-121836.002    13.385    -0.86    1.01
-121550.402    13.242    -0.50    0.91
-121264.819    13.153    -0.31    0.80
-120979.253    13.354     0.70    0.97
-120693.704    13.658     1.06    1.17
-120408.173    14.065     1.43    1.12
-120122.659    14.442     1.32    1.07
-119837.162    14.498     0.20    0.90
-119551.682    14.375    -0.43    1.00
-119266.219    13.871    -1.77    1.41
-118980.773    13.011    -3.01    1.95
-118695.345    12.120    -3.12    2.09
-118409.933    11.650    -1.65    1.96
-118124.539    11.549    -0.36    1.92
-117839.162    11.632     0.29    2.29
-117553.802    12.135     1.76    2.61
-117268.459    12.863     2.55    2.79
-116983.133    13.637     2.71    2.20
-116697.825    13.664     0.09    2.22
-116412.533    12.938    -2.55    2.92
-116127.259    12.166    -2.71    3.06
-115842.002    11.672    -1.73    2.75
-115556.762    11.257    -1.46    2.41
-115271.538    11.346     0.31    2.22
-114986.333    11.676     1.16    2.20
-114701.144    12.499     2.89    1.67
-114415.972    13.117     2.17    0.63
-114130.817    13.297     0.63    0.44
-113845.680    13.325     0.10    0.35
-113560.559    13.275    -0.18    0.41
-113275.456    13.184    -0.32    0.51
-112990.369    13.008    -0.62    0.56
-112705.300    12.847    -0.56    0.60
-112420.248    12.492    -1.24    0.75
-112135.213    11.918    -2.01    1.45
-111850.195    11.154    -2.68    2.07
-111565.193    10.484    -2.35    2.22
-111280.209     9.990    -1.73    2.17
-110995.242     9.658    -1.17    2.17
-110710.293     9.748     0.32    2.20
-110425.360     9.837     0.31    2.35
-110140.444    10.555     2.52    2.53
-109855.545    11.742     4.17    2.62
-109570.663    12.778     3.64    2.58
-109285.799    13.655     3.08    2.72
-109000.951    14.175     1.83    2.98
-108716.120    15.136     3.37    3.61
-108431.306    16.285     4.04    4.16
-108146.510    17.114     2.91    4.46
-107860.457    18.290     4.11    4.50
-107571.881    19.475     4.11    4.20
-107283.323    20.781     4.52    3.28
-106994.784    21.530     2.60    2.25
-106706.263    21.909     1.31    1.76
-106417.760    21.692    -0.75    2.27
-106129.276    21.730     0.13    2.25
-105840.810    21.573    -0.54    2.14
-105552.362    21.401    -0.60    1.98
-105263.932    21.026    -1.30    2.23
-104975.521    20.309    -2.49    2.85
-104687.128    18.706    -5.56    3.73
-104398.753    16.778    -6.69    4.44
-104110.396    14.880    -6.58    4.63
-103822.058    12.600    -7.91    4.35
-103533.738    11.084    -5.26    3.84
-103245.436    10.369    -2.48    2.97
-102957.153    10.171    -0.69    2.32
-102668.887    10.482     1.08    2.13
-102380.640    11.055     1.99    2.16
-102092.411    11.863     2.81    1.86
-101804.201    12.339     1.65    1.50
-101516.008    12.434     0.33    1.72
-101227.834    12.351    -0.29    2.10
-100939.678    12.166    -0.64    2.30
-100651.540    12.055    -0.38    2.31
-100363.420    11.979    -0.26    2.20
-100075.319    12.034     0.19    1.92
 -99787.236    12.255     0.77    1.58
 -99499.170    12.508     0.88    1.05
 -99211.124    12.786     0.97    0.53
 -98923.095    12.829     0.15    0.59
 -98635.084    12.925     0.33    0.74
 -98347.092    13.006     0.28    0.93
 -98059.118    13.250     0.85    1.15
 -97771.162    13.516     0.92    1.36
 -97483.224    13.837     1.12    1.33
 -97195.304    14.026     0.66    1.20
 -96907.403    14.161     0.47    0.99
 -96619.519    14.174     0.04    0.82
 -96331.654    14.090    -0.29    0.69
 -96043.807    13.942    -0.51    0.66
 -95755.978    13.676    -0.92    0.71
 -95468.167    13.387    -1.00    0.70
 -95180.374    13.087    -1.04    0.63
 -94892.600    12.840    -0.86    0.49
 -94604.843    12.680    -0.56    0.43
 -94317.105    12.458    -0.77    0.53
 -94029.384    11.837    -2.16    1.46
 -93741.682    10.821    -3.53    2.56
 -93453.998     9.268    -5.40    3.60
 -93166.332     7.532    -6.04    3.97
 -92878.684     5.902    -5.67    3.70
 -92591.055     4.567    -4.64    2.76
 -92303.443     3.850    -2.49    1.87
 -92015.849     4.244     1.37    2.76
 -91728.274     5.217     3.39    3.78
 -91440.716     6.483     4.40    4.36
 -91153.177     7.634     4.00    4.65
 -90865.656     9.217     5.51    4.87
 -90578.152    10.267     3.65    5.27
 -90290.667    11.569     4.53    5.63
 -90003.200    12.426     2.98    5.57
 -89715.751    12.712     1.00    5.08
 -89428.320    13.926     4.22    4.58
 -89140.907    15.217     4.49    4.20
 -88853.512    16.005     2.74    4.01
 -88566.135    17.250     4.33    4.68
 -88278.776    18.622     4.78    5.43
 -87991.435    20.267     5.72    5.49
 -87704.112    22.212     6.77    5.00
 -87416.807    23.753     5.36    4.16
 -87129.521    25.442     5.88    4.98
 -86842.252    26.474     3.59    5.54
 -86555.001    26.177    -1.03    6.22
 -86267.768    25.292    -3.08    7.35
 -85980.553    24.555    -2.57    7.70
 -85693.357    24.163    -1.36    7.77
 -85406.178    24.458     1.03    7.45
 -85119.017    24.978     1.81    7.60
 -84831.874    26.171     4.16    7.75
 -84544.749    27.625     5.06    7.65
 -84257.642    29.258     5.69    6.64
 -83970.553    29.100    -0.55    7.27
 -83683.482    29.050    -0.17    7.99
 -83396.429    28.958    -0.32    8.37
 -83109.394    28.344    -2.14    8.43
 -82822.377    27.756    -2.05    7.87
 -82535.378    28.061     1.06    8.14
 -82248.397    29.557     5.21    7.74
 -81961.434    31.559     6.98    5.31
 -81674.488    32.117     1.95    4.73
 -81387.561    32.751     2.21    4.67
 -81100.651    33.975     4.27    4.05
 -80813.760    34.148     0.60    4.18
 -80526.886    34.361     0.74    3.90
 -80240.031    33.731    -2.20    4.14
 -79953.193    32.840    -3.11    4.47
 -79666.373    31.540    -4.54    5.53
 -79379.571    29.684    -6.47    6.33
 -79092.787    27.244    -8.51    7.07
 -78806.021    25.499    -6.08    6.84
 -78519.273    23.868    -5.69    6.20
 -78232.542    22.821    -3.65    5.85
 -77945.830    21.660    -4.05    5.66
 -77659.135    20.722    -3.27    5.83
 -77372.458    19.554    -4.07    6.62
 -77085.799    18.979    -2.01    6.79
 -76799.159    18.606    -1.30    6.76
 -76512.535    18.076    -1.85    6.31
 -76225.930    17.006    -3.73    5.33
 -75939.343    16.275    -2.55    4.71
 -75652.773    16.402     0.44    4.81
 -75366.222    16.913     1.79    5.16
 -75079.688    17.211     1.04    5.32
 -74793.172    16.922    -1.01    5.53
 -74506.674    16.789    -0.47    5.57
 -74220.193    16.905     0.41    5.58
 -73933.731    17.320     1.45    6.38
 -73647.286    17.745     1.48    7.50
 -73360.859    18.128     1.34    7.94
 -73074.450    19.066     3.28    7.72
 -72788.059    19.805     2.58    7.78
 -72501.686    20.706     3.15    7.65
 -72215.330    21.273     1.98    6.94
 -71928.992    22.039     2.68    6.66
 -71642.672    22.275     0.83    6.58
 -71356.370    23.594     4.61    6.05
 -71070.086    24.563     3.38    5.61
 -70783.819    24.368    -0.68    5.29
 -70497.570    23.287    -3.78    5.15
 -70211.339    22.670    -2.16    5.54
 -69925.126    22.459    -0.74    5.55
 -69638.930    21.986    -1.65    5.32
 -69352.753    20.930    -3.69    5.65
 -69066.593    20.253    -2.36    5.52
 -68780.450    20.426     0.60    5.76
 -68494.326    21.572     4.01    6.51
 -68208.219    23.006     5.01    6.74
 -67922.130    23.738     2.56    6.95
 -67636.059    23.902     0.57    7.22
 -67350.006    24.087     0.65    7.04
 -67063.970    24.119     0.11    7.23
 -66777.952    23.886    -0.82    7.95
 -66491.952    23.536    -1.22    7.98
 -66205.969    23.602     0.23    8.09
 -65920.004    24.889     4.50    8.35
 -65634.057    27.934    10.65    6.70
 -65348.128    29.198     4.42    5.65
 -65062.216    29.434     0.82    5.65
 -64776.322    29.299    -0.47    5.87
 -64490.446    27.913    -4.85    6.99
 -64204.587    25.888    -7.09    8.50
 -63918.746    23.532    -8.24    9.18
 -63632.923    22.026    -5.27    8.87
 -63347.118    19.990    -7.12    8.02
 -63061.330    18.350    -5.74    7.10
 -62775.560    17.700    -2.28    6.71
 -62489.807    18.688     3.46    6.37
 -62204.072    19.525     2.93    5.09
 -61918.355    18.577    -3.32    5.37
 -61632.656    16.498    -7.28    6.14
 -61346.974    15.025    -5.16    6.79
 -61061.310    13.857    -4.09    6.76
 -60775.663    12.401    -5.10    6.08
 -60490.034    11.417    -3.44    5.48
 -60204.423    11.291    -0.44    5.29
 -59918.830    12.240     3.32    4.70
 -59633.254    12.225    -0.05    5.51
 -59347.695    11.163    -3.72    6.64
 -59062.155     9.800    -4.77    7.13
 -58776.632     9.450    -1.23    7.47
 -58491.126     8.974    -1.67    8.01
 -58205.638     8.524    -1.58    7.57
 -57920.168     8.000    -1.83    6.87
 -57634.716     7.393    -2.13    6.23
 -57349.281     7.458     0.23    5.49
 -57063.863     7.517     0.20    4.94
 -56778.463     6.783    -2.57    4.85
 -56493.081     6.149    -2.22    4.52
 -56207.717     5.259    -3.12    4.39
 -55922.369     5.011    -0.87    4.28
 -55637.040     5.875     3.03    4.49
 -55351.728     7.209     4.67    5.12
 -55066.434     8.329     3.93    5.12
 -54781.157     9.572     4.36    4.95
 -54495.898    10.759     4.16    4.39
 -54210.656    11.797     3.64    4.13
 -53925.432    12.534     2.59    4.48
 -53640.226    12.384    -0.53    4.65
 -53355.037    11.950    -1.52    4.95
 -53069.865    10.794    -4.05    5.08
 -52784.712     9.692    -3.87    5.08
 -52499.575     8.845    -2.97    4.77
 -52214.456     8.450    -1.38    4.20
 -51929.355     8.817     1.29    3.89
 -51644.272     9.152     1.17    3.88
 -51359.205     9.688     1.88    4.03
 -51074.157    10.030     1.20    3.96
 -50789.125    10.377     1.22    4.21
 -50504.112    11.232     3.00    4.19
 -50219.116    11.593     1.27    4.21
 -49934.137    12.242     2.28    4.42
 -49649.176    12.792     1.93    4.77
 -49364.232    12.309    -1.70    5.27
 -49079.306    11.579    -2.56    5.38
 -48794.397    10.744    -2.93    5.41
 -48509.506     9.773    -3.41    5.88
 -48224.633     9.095    -2.38    5.53
 -47939.776     8.884    -0.74    5.04
 -47654.938     9.004     0.42    4.33
 -47370.116     9.052     0.17    4.39
 -47085.313     9.064     0.04    4.13
 -46800.526     8.613    -1.58    4.41
 -46515.757     8.602    -0.04    4.85
 -46231.006     7.874    -2.56    5.37
 -45944.509     6.814    -3.70    5.49
 -45655.882     6.117    -2.42    5.10
 -45367.274     5.950    -0.58    4.85
 -45078.684     6.022     0.25    4.76
 -44790.114     6.722     2.43    4.79
 -44501.562     7.466     2.58    5.12
 -44213.029     8.267     2.78    4.73
 -43924.514     8.458     0.66    4.64
 -43636.018     8.938     1.66    4.98
 -43347.541     9.704     2.66    5.65
 -43059.083     9.694    -0.04    5.69
 -42770.644     9.194    -1.73    6.14
 -42482.223     9.025    -0.58    6.22
 -42193.821     9.149     0.43    6.16
 -41905.438     8.803    -1.20    6.13
 -41617.073     8.131    -2.33    5.46
 -41328.727     7.139    -3.44    4.54
 -41040.400     7.002    -0.48    4.07
 -40752.091     7.813     2.81    3.77
 -40463.801     7.859     0.16    4.03
 -40175.530     7.204    -2.27    4.29
 -39887.277     6.872    -1.15    4.62
 -39599.043     6.516    -1.23    4.85
 -39310.828     5.926    -2.05    4.83
 -39022.632     5.821    -0.36    4.70
 -38734.454     6.442     2.15    4.73
 -38446.295     6.889     1.55    4.71
 -38158.154     7.508     2.15    4.45
 -37870.032     8.153     2.24    4.15
 -37581.929     7.542    -2.12    4.80
 -37293.844     6.853    -2.39    4.75
 -37005.778     5.884    -3.37    4.51
 -36717.731     5.400    -1.68    4.71
 -36429.702     5.052    -1.21    4.82
 -36141.692     4.700    -1.22    4.72
 -35853.700     4.764     0.22    4.80
 -35565.728     5.370     2.10    4.72
 -35277.773     5.773     1.40    4.64
 -34989.838     5.854     0.28    3.93
 -34701.921     6.192     1.17    3.68
 -34414.022     6.540     1.21    3.63
 -34126.142     7.161     2.16    4.14
 -33838.281     7.756     2.07    4.40
 -33550.438     8.990     4.29    4.74
 -33262.614    10.867     6.52    5.36
 -32974.808    11.820     3.31    5.07
 -32687.021    12.015     0.68    5.09
 -32399.253    12.963     3.30    5.19
 -32111.503    13.517     1.93    5.49
 -31823.772    13.522     0.02    5.95
 -31536.059    13.861     1.18    6.05
 -31248.365    13.744    -0.41    5.85
 -30960.689    14.155     1.43    5.73
 -30673.032    13.564    -2.06    6.33
 -30385.393    13.163    -1.39    6.61
 -30097.773    12.499    -2.31    6.82
 -29810.172    11.998    -1.74    6.91
 -29522.589    10.509    -5.18    6.49
 -29235.024     8.830    -5.84    6.04
 -28947.478     7.813    -3.54    5.85
 -28659.951     7.747    -0.23    5.69
 -28372.442     8.249     1.74    5.88
 -28084.952     8.170    -0.27    6.47
 -27797.480     7.661    -1.77    6.47
 -27510.026     7.955     1.02    6.58
 -27222.591     8.100     0.51    6.29
 -26935.175     7.037    -3.70    6.07
 -26647.777     5.592    -5.03    4.78
 -26360.397     4.573    -3.55    4.30
 -26073.036     4.902     1.14    4.68
 -25785.694     4.761    -0.49    4.50
 -25498.369     3.848    -3.18    4.32
 -25211.064     3.595    -0.88    4.21
 -24923.777     3.862     0.93    4.21
 -24636.508     4.148     0.99    4.61
 -24349.258     4.946     2.78    5.25
 -24062.026     6.650     5.93    6.40
 -23774.812     8.426     6.18    6.81
 -23487.617     9.722     4.51    6.26
 -23200.441    10.245     1.82    5.78
 -22913.283    10.609     1.27    4.63
 -22626.143    11.186     2.01    4.14
 -22339.022    10.613    -2.00    3.93
 -22051.919    10.052    -1.95    3.40
 -21764.835     9.708    -1.20    2.85
 -21477.769     9.934     0.79    2.72
 -21190.721    10.458     1.83    2.59
 -20903.692    10.244    -0.75    2.62
 -20616.681     9.607    -2.22    2.51
 -20329.688     8.909    -2.43    2.43
 -20042.714     8.098    -2.83    2.62
 -19755.759     7.377    -2.51    2.30
 -19468.821     6.820    -1.94    2.03
 -19181.902     6.350    -1.64    1.70
 -18895.002     6.133    -0.75    1.64
 -18608.120     5.896    -0.83    1.34
 -18321.256     5.950     0.19    1.37
 -18034.410     6.154     0.71    1.40
 -17747.583     6.515     1.26    2.12
 -17460.774     7.225     2.48    2.77
 -17173.984     7.326     0.35    2.90
 -16887.212     7.084    -0.84    3.08
 -16600.458     6.675    -1.43    3.27
 -16313.723     6.089    -2.04    3.54
 -16027.006     5.562    -1.84    3.53
 -15740.307     4.330    -4.30    2.62
 -15453.627     3.922    -1.42    2.14
 -15166.964     4.588     2.33    3.01
 -14880.321     5.375     2.74    3.37
 -14593.695     5.980     2.11    3.42
 -14307.088     6.273     1.02    3.31
 -14020.499     6.259    -0.05    3.35
 -13733.928     6.209    -0.17    3.40
 -13447.376     5.950    -0.90    3.40
 -13160.842     5.500    -1.57    3.27
 -12874.326     5.059    -1.54    3.00
 -12587.829     4.905    -0.54    2.80
 -12301.350     5.122     0.76    2.90
 -12014.889     5.550     1.49    2.75
 -11728.446     5.571     0.07    2.63
 -11442.022     5.144    -1.49    2.31
 -11155.615     4.778    -1.28    1.61
 -10869.227     4.773    -0.02    1.73
 -10582.858     4.665    -0.38    1.98
 -10296.506     4.739     0.26    1.99
 -10010.173     4.557    -0.64    2.28
  -9723.858     4.626     0.24    2.29
  -9437.562     4.660     0.12    2.21
  -9151.283     4.618    -0.15    2.10
  -8865.023     4.652     0.12    1.94
  -8578.781     4.628    -0.08    1.83
  -8292.557     4.239    -1.36    1.86
  -8006.352     3.954    -0.99    1.93
  -7720.164     3.723    -0.81    2.00
  -7433.995     3.696    -0.09    2.17
  -7147.844     3.898     0.71    2.07
  -6861.711     4.426     1.84    2.50
  -6575.597     4.814     1.36    2.50
  -6289.500     5.425     2.14    2.23
  -6003.422     5.767     1.19    2.07
  -5717.362     5.792     0.09    2.12
  -5431.320     5.998     0.72    2.36
  -5145.297     6.114     0.40    2.55
  -4859.291     6.009    -0.37    2.53
  -4573.304     5.885    -0.43    2.41
  -4287.335     5.673    -0.74    2.21
  -4001.383     5.578    -0.34    2.25
  -3715.451     5.525    -0.19    2.34
  -3429.536     5.658     0.47    2.52
  -3143.639     5.559    -0.35    2.58
  -2857.761     5.525    -0.12    2.45
  -2571.901     5.442    -0.29    2.45
  -2286.058     5.603     0.56    2.63
  -2000.234     6.061     1.60    2.76
  -1714.428     7.114     3.69    3.43
  -1428.640     8.057     3.30    3.54
  -1142.871     8.131     0.26    3.73
   -857.119     7.069    -3.72    4.76
   -571.386     5.621    -5.07    5.91
   -285.670     3.484    -7.48    6.63
      0.027     1.673    -6.34    6.08
    285.706     0.873    -2.80    5.22
    571.367     1.729     3.00    5.80
    857.010     3.516     6.26    6.59
   1142.635     4.986     5.15    6.39
   1428.242     6.735     6.12    5.19
   1713.831     8.277     5.40    3.30
   1999.402     8.548     0.95    2.80
   2284.954     8.568     0.07    2.46
   2570.489     8.722     0.54    1.60
   2856.005     8.759     0.13    1.51
   3141.504     9.089     1.16    1.18
   3426.984     9.292     0.71    1.16
   3712.447     9.376     0.30    1.15
   3997.891     9.484     0.38    1.11
   4283.317     9.476    -0.03    1.05
   4568.725     9.549     0.26    1.28
   4854.116     9.671     0.43    1.34
   5139.488     9.725     0.19    1.28
   5424.842     9.515    -0.74    1.47
   5710.178     9.393    -0.43    1.61
   5995.496     9.175    -0.77    1.64
   6280.797     9.060    -0.40    1.60
   6566.079     9.075     0.05    1.53
   6851.343     9.225     0.53    1.51
   7136.589     9.458     0.82    1.47
   7421.817     9.897     1.54    1.38
   7707.027    10.274     1.32    1.39
   7992.219    10.507     0.82    1.29
   8277.394    10.759     0.89    1.14
   8562.550    11.030     0.95    1.17
   8847.688    11.147     0.41    1.29
   9132.808    11.301     0.54    1.40
   9417.911    11.357     0.20    1.37
   9702.995    11.367     0.03    1.51
   9988.061    11.100    -0.93    1.96
  10273.110    10.509    -2.07    2.33
  10558.140     9.640    -3.05    2.32
  10843.153     9.168    -1.66    2.17
  11128.147     8.705    -1.62    2.03
  11413.124     8.535    -0.59    2.03
  11698.083     8.582     0.17    2.05
  11983.023     8.434    -0.52    2.08
  12267.946     8.359    -0.26    2.08
  12552.851     8.322    -0.13    2.02
  12837.738     8.253    -0.24    1.95
  13122.607     8.228    -0.09    1.84
  13407.459     8.442     0.75    1.78
  13692.292     8.657     0.75    1.78
  13977.107     8.734     0.27    1.67
  14261.905     8.950     0.76    1.51
  14546.684     8.992     0.15    1.44
  14831.446     8.933    -0.21    1.47
  15116.190     8.805    -0.45    1.43
  15400.916     8.684    -0.42    1.38
  15685.624     8.611    -0.25    1.39
  15972.601     8.647     0.12    1.35
  16261.282     8.729     0.28    1.39
  16549.944     8.645    -0.29    1.44
  16838.586     8.637    -0.03    1.51
  17127.210     8.686     0.17    1.55
  17415.814     8.621    -0.23    1.63
  17704.399     8.752     0.46    1.71
  17992.965     8.629    -0.43    1.95
  18281.511     8.125    -1.75    3.35
  18570.039     7.600    -1.82    4.32
  18858.547     6.451    -3.99    5.53
  19147.036     5.657    -2.75    6.19
  19435.506     5.114    -1.88    6.59
  19723.957     4.359    -2.62    6.94
  20012.388     3.515    -2.93    7.11
  20300.801     2.998    -1.79    7.15
  20589.194     2.417    -2.02    7.21
  20877.569     2.235    -0.63    7.18
  21165.924     2.273     0.13    7.14
  21454.260     1.976    -1.03    7.16
  21742.577     1.900    -0.27    6.95
  22030.875     2.067     0.58    6.94
  22319.153     1.647    -1.46    6.79
  22607.413     0.787    -2.98    6.26
  22895.653    -0.082    -3.01    5.88
  23183.875    -1.078    -3.46    5.32
  23472.077    -2.158    -3.75    4.69
  23760.260    -2.838    -2.36    3.90
  24048.424    -3.211    -1.30    3.54
  24336.570    -3.391    -0.63    3.40
  24624.696    -3.200     0.67    3.40
  24912.802    -0.542     9.23    6.46
  25200.890     2.978    12.22    9.54
  25488.959     7.175    14.57   11.89
  25777.009    12.822    19.61   14.10
  26065.040    18.555    19.90   14.56
  26353.051    23.324    16.56   13.20
  26641.044    25.561     7.76   11.26
  26929.017    24.599    -3.34   11.90
  27216.972    22.742    -6.45   12.99
  27504.908    20.544    -7.63   13.30
  27792.824    17.743    -9.73   12.43
  28080.721    15.050    -9.35   11.83
  28368.600    13.534    -5.26   11.81
  28656.459    14.205     2.33   12.04
  28944.300    13.606    -2.08   12.33
  29232.121    12.652    -3.31   12.01
  29519.924    12.017    -2.21   11.52
  29807.707    11.723    -1.02   11.66
  30095.472    11.531    -0.67   12.19
  30383.217    11.306    -0.78   12.25
  30670.944     9.958    -4.68   11.08
  30958.651     8.718    -4.31    9.70
  31246.340     7.188    -5.32    8.05
  31534.009     6.156    -3.59    5.96
  31821.660     6.142    -0.05    4.25
  32109.292     7.008     3.01    3.35
  32396.904     7.845     2.91    2.38
  32684.498     8.147     1.05    2.39
  32972.073     8.571     1.47    1.92
  33259.629     8.501    -0.24    2.15
  33547.166     8.109    -1.37    2.98
  33834.684     8.084    -0.08    3.02
  34122.183     7.789    -1.03    3.46
  34409.663     7.845     0.20    3.26
  34697.124     7.712    -0.46    3.59
  34984.567     8.309     2.07    3.37
  35271.990     8.984     2.35    2.30
  35559.395     9.376     1.36    2.17
  35846.780     9.756     1.32    2.03
  36134.147    10.052     1.03    1.84
  36421.495    10.265     0.74    1.87
  36708.824    10.212    -0.18    2.26
  36996.134    10.059    -0.54    2.51
  37283.425     9.875    -0.64    2.90
  37570.697     9.467    -1.42    3.22
  37857.951     8.797    -2.33    3.91
  38145.185     8.009    -2.75    4.34
  38432.401     7.694    -1.10    4.53
  38719.598     7.229    -1.62    4.53
  39006.776     7.098    -0.46    4.58
  39293.935     7.069    -0.10    4.58
  39581.075     7.221     0.53    4.65
  39868.197     7.175    -0.16    4.70
  40155.299     7.434     0.90    4.44
  40442.383     8.072     2.22    4.16
  40729.448     8.819     2.60    4.15
  41016.494     9.709     3.10    3.81
  41303.522    10.383     2.35    3.58
  41590.530    10.877     1.72    2.51
  41877.520    11.037     0.56    2.07
  42164.491    10.681    -1.24    2.18
  42451.443    10.062    -2.16    2.20
  42738.376     9.425    -2.22    2.05
  43025.291     8.879    -1.90    1.51
  43312.187     8.560    -1.11    0.98
  43599.064     8.106    -1.58    2.35
  43885.922     7.798    -1.07    3.05
  44172.761     7.417    -1.33    3.81
  44459.582     7.394    -0.08    4.23
  44746.384     7.289    -0.37    4.55
  45033.167     7.201    -0.31    4.88
  45319.931     6.492    -2.47    5.18
  45606.677     5.582    -3.17    5.33
  45893.403     4.568    -3.54    5.00
  46180.112     4.207    -1.26    4.57
  46466.801     4.045    -0.56    4.13
  46753.472     3.383    -2.31    4.27
  47040.123     3.551     0.59    4.05
  47326.757     4.265     2.49    4.09
  47613.371     5.100     2.92    3.84
  47899.967     5.916     2.85    3.45
  48186.544     6.645     2.54    3.10
  48473.102     7.442     2.78    3.90
  48759.642     8.264     2.87    3.34
  49046.163     8.861     2.08    3.94
  49332.665     8.938     0.27    3.89
  49619.148     9.066     0.45    3.62
  49905.613     9.284     0.76    3.00
  50192.059     9.231    -0.19    2.20
  50478.487     9.353     0.43    1.87
  50764.895     9.554     0.70    1.83
  51051.285     8.946    -2.12    3.37
  51337.657     8.180    -2.68    4.74
  51624.010     7.317    -3.01    5.42
  51910.344     5.696    -5.66    6.02
  52196.659     4.739    -3.34    6.13
  52482.956     4.166    -2.00    6.00
  52769.234     3.852    -1.10    5.54
  53055.494     4.221     1.29    5.15
  53341.735     4.549     1.15    4.73
  53627.957     4.735     0.65    4.29
  53914.160     5.119     1.34    4.53
  54200.345     5.100    -0.07    4.84
  54486.512     4.829    -0.95    5.12
  54772.660     4.618    -0.73    5.52
  55058.789     3.999    -2.16    5.42
  55344.899     3.235    -2.67    5.34
  55630.991     3.382     0.51    5.76
  55917.064     3.723     1.19    6.30
  56203.119     4.062     1.18    6.74
  56489.155     4.365     1.06    7.06
  56775.173     5.100     2.57    7.81
  57061.172     6.148     3.66    8.22
  57347.152     6.804     2.29    8.35
  57633.114     7.649     2.95    8.87
  57919.057     8.214     1.98    8.79
  58204.982     8.895     2.38    8.58
  58490.888     9.895     3.50    7.96
  58776.776     9.854    -0.14    7.36
  59062.645     9.713    -0.49    6.84
  59348.495     9.817     0.36    6.00
  59634.327     9.225    -2.07    5.87
  59920.141     8.572    -2.29    5.75
  60205.935     7.933    -2.23    5.34
  60491.712     6.792    -3.99    5.61
  60777.470     5.792    -3.50    6.23
  61063.209     5.069    -2.53    6.19
  61348.930     4.100    -3.39    5.81
  61634.632     3.244    -3.00    5.27
  61920.316     2.602    -2.25    4.71
  62205.981     1.677    -3.24    4.08
  62491.628     1.781     0.36    3.85
  62777.256     2.153     1.30    3.73
  63062.865     2.040    -0.39    4.06
  63348.457     1.268    -2.70    3.60
  63634.029     0.829    -1.54    3.62
  63919.584     0.570    -0.91    4.02
  64205.120    -0.041    -2.14    3.66
  64490.637    -0.217    -0.61    3.59
  64776.136    -0.382    -0.58    3.43
  65061.616    -0.821    -1.54    3.00
  65347.078    -0.961    -0.49    3.01
  65632.522    -1.095    -0.47    2.64
  65917.947    -1.373    -0.97    2.05
  66203.353    -1.591    -0.76    2.00
  66488.741    -1.696    -0.37    1.77
  66774.111    -1.575     0.42    1.67
  67059.462    -1.457     0.41    1.73
  67344.795    -0.894     1.97    1.72
  67630.109    -0.306     2.06    1.90
  67915.405     0.366     2.36    2.36
  68200.683     1.217     2.98    2.36
  68485.942     1.938     2.53    2.60
  68771.183     3.125     4.16    3.31
  69056.405     5.120     6.99    4.94
  69341.609     7.408     8.02    6.54
  69626.795    10.156     9.64    7.83
  69911.962    12.739     9.06    8.16
  70197.111    14.803     7.24    7.87
  70482.241    16.959     7.56    7.29
  70767.353    17.205     0.86    7.99
  71052.447    17.418     0.75    8.18
  71337.522    17.971     1.94    7.91
  71622.579    18.274     1.06    7.45
  71907.617    19.120     2.97    6.61
  72192.637    20.209     3.82    5.34
  72477.639    21.459     4.39    4.13
  72762.623    22.120     2.32    2.84
  73047.588    22.250     0.46    2.57
  73332.534    21.874    -1.32    2.04
  73617.463    21.578    -1.04    1.45
  73902.373    21.792     0.75    1.70
  74187.265    21.781    -0.04    2.01
  74472.138    21.864     0.29    2.25
  74756.993    21.845    -0.07    2.47
  75041.830    22.073     0.80    2.62
  75326.649    22.484     1.44    2.72
  75611.449    22.888     1.42    2.88
  75896.231    23.534     2.27    2.81
  76180.994    24.044     1.79    2.62
  76465.739    24.450     1.43    2.49
  76750.466    24.731     0.99    2.38
  77035.175    24.955     0.79    2.13
  77319.865    25.450     1.74    2.19
  77604.537    25.819     1.29    2.41
  77892.052    26.275     1.59    2.33
  78180.780    26.778     1.74    2.33
  78469.488    27.401     2.16    2.42
  78758.177    28.098     2.41    2.37
  79046.846    28.594     1.72    2.00
  79335.496    28.972     1.31    1.61
  79624.126    28.900    -0.25    1.33
  79912.736    28.872    -0.10    1.36
  80201.327    28.617    -0.88    2.25
  80489.898    28.383    -0.81    2.59
  80778.450    28.475     0.32    2.70
  81066.982    28.064    -1.43    2.84
  81355.495    27.239    -2.86    2.99
  81643.988    26.979    -0.90    3.41
  81932.461    26.982     0.01    3.90
  82220.915    26.864    -0.41    3.86
  82509.350    27.316     1.57    4.61
  82797.765    27.565     0.86    5.26
  83086.160    28.368     2.78    6.05
  83374.536    29.347     3.40    6.35
  83662.892    31.010     5.77    7.05
  83951.229    32.384     4.76    7.10
  84239.546    33.425     3.61    6.80
  84527.844    34.553     3.91    6.22
  84816.122    34.913     1.25    5.64
  85104.381    35.103     0.66    4.74
  85392.620    35.223     0.42    3.87
  85680.839    35.020    -0.70    2.99
  85969.040    34.721    -1.04    2.22
  86257.220    34.299    -1.46    1.30
  86545.382    34.235    -0.22    1.19
  86833.523    34.647     1.43    1.47
  87121.646    35.141     1.72    1.60
  87409.748    35.673     1.85    1.66
  87697.832    36.270     2.07    1.70
  87985.896    36.408     0.48    2.00
  88273.940    36.357    -0.18    2.17
  88561.965    35.967    -1.35    2.35
  88849.971    35.518    -1.56    2.43
  89137.957    35.136    -1.33    2.26
  89425.924    34.878    -0.90    1.96
  89713.871    35.434     1.93    2.10
  90001.799    36.376     3.27    3.05
  90289.707    37.442     3.70    3.62
  90577.596    38.295     2.96    3.58
  90865.466    38.900     2.10    3.25
  91153.316    39.384     1.68    3.01
  91441.146    39.789     1.41    2.76
  91728.958    39.908     0.41    2.78
  92016.750    39.950     0.15    2.70
  92304.522    40.274     1.12    2.83
  92592.276    41.126     2.96    2.70
  92880.009    42.037     3.17    1.69
  93167.724    42.215     0.62    1.40
  93455.419    41.866    -1.21    1.74
  93743.095    41.011    -2.97    2.23
  94030.751    40.585    -1.48    2.23
  94318.388    40.245    -1.18    2.05
  94606.006    39.730    -1.79    1.93
  94893.604    39.117    -2.13    1.84
  95181.183    38.648    -1.63    1.73
  95468.742    38.369    -0.97    1.74
  95756.283    38.149    -0.76    1.74
  96043.804    37.533    -2.14    1.32
  96331.305    37.100    -1.50    1.07
  96618.788    37.066    -0.12    1.10
  96906.251    37.145     0.28    1.38
  97193.694    37.300     0.54    1.47
  97481.119    37.509     0.73    1.52
  97768.524    38.040     1.85    1.47
  98055.909    38.485     1.55    1.31
  98343.276    38.650     0.57    1.24
  98630.623    38.559    -0.32    1.32
  98917.951    38.580     0.07    1.39
  99205.259    38.690     0.38    1.36
  99492.549    38.700     0.04    1.47
  99779.819    38.433    -0.93    1.57
 100067.070    38.476     0.15    1.89
 100354.301    38.564     0.31    2.05
 100641.513    38.721     0.55    2.18
 100928.706    39.011     1.01    2.29
 101215.880    39.265     0.89    2.36
 101503.035    39.624     1.25    2.38
 101790.170    40.106     1.68    2.38
 102077.286    40.536     1.50    2.24
 102364.383    40.744     0.73    2.17
 102651.460    40.659    -0.30    1.95
 102938.519    40.644    -0.05    1.79
 103225.558    40.544    -0.35    1.71
 103512.578    40.212    -1.15    1.61
 103799.579    40.015    -0.69    1.30
 104086.560    39.713    -1.05    1.40
 104373.522    39.196    -1.80    1.99
 104660.466    38.718    -1.66    2.89
 104947.390    38.226    -1.71    3.51
 105234.294    37.366    -3.00    4.15
 105521.180    36.609    -2.64    4.30
 105808.046    36.045    -1.96    4.14
 106094.893    35.271    -2.70    3.83
 106381.722    34.872    -1.39    3.48
 106668.530    34.442    -1.50    2.94
 106955.320    33.934    -1.77    2.36
