-141128.329   123.481     0.00    4.10
-140841.077   125.213     6.03    4.77
-140553.811   126.862     5.74    5.45
-140266.532   128.707     6.42    5.54
-139979.241   130.995     7.96    5.32
-139691.936   132.916     6.69    5.17
-139404.619   134.523     5.59    4.80
-139117.289   135.722     4.17    4.26
-138829.946   136.463     2.58    3.75
-138542.589   137.200     2.56    3.33
-138255.220   138.091     3.10    3.34
-137967.838   138.498     1.42    3.80
-137680.443   139.412     3.18    4.40
-137393.035   140.287     3.05    5.24
-137105.614   141.207     3.20    5.57
-136818.181   142.573     4.75    5.46
-136530.734   143.360     2.74    4.95
-136243.274   144.487     3.92    4.76
-135955.801   144.863     1.31    4.42
-135668.316   145.177     1.09    4.58
-135380.817   145.528     1.22    4.89
-135093.306   146.156     2.18    5.02
-134805.781   146.520     1.27    4.72
-134518.244   146.805     0.99    4.71
-134230.693   146.482    -1.12    4.75
-133943.130   145.981    -1.74    4.17
-133655.553   145.866    -0.40    3.50
-133367.964   145.125    -2.58    4.27
-133080.361   144.321    -2.80    4.82
-132792.746   141.600    -9.46    6.19
-132505.118   138.199   -11.82    7.45
-132217.476   133.519   -16.27    9.78
-131929.822   128.978   -15.78   11.89
-131642.155   123.758   -18.14   11.69
-131354.475   119.466   -14.92   10.16
-131066.781   116.602    -9.96    7.56
-130779.075   115.566    -3.60    6.86
-130491.356   116.801     4.29    8.92
-130203.624   118.830     7.05   10.61
-129915.878   120.622     6.23   12.02
-129628.120   121.886     4.39   12.45
-129340.349   122.575     2.39   12.81
-129052.564   123.786     4.21   12.04
-128764.767   124.288     1.75   11.41
-128476.957   125.921     5.67   10.93
-128189.133   127.598     5.83   10.90
-127901.297   129.560     6.82   10.96
-127613.448   132.503    10.22   11.46
-127325.996   135.325     9.82   11.25
-127040.813   137.775     8.59   10.67
-126755.617   139.789     7.06   10.70
-126470.410   142.215     8.50   10.94
-126185.190   147.075    17.04   12.14
-125899.959   151.374    15.07   13.04
-125614.716   156.186    16.87   13.04
-125329.460   160.630    15.58   11.34
-125044.193   163.303     9.37    9.55
-124758.914   164.874     5.51    6.84
-124473.623   164.259    -2.15    5.65
-124188.320   163.327    -3.27    4.95
-123903.004   161.929    -4.90    4.41
-123617.677   160.489    -5.05    4.06
-123332.338   159.434    -3.70    3.94
-123046.987   158.148    -4.51    4.30
-122761.624   157.359    -2.76    4.27
-122476.249   156.700    -2.31    4.16
-122190.862   155.662    -3.64    3.84
-121905.463   154.583    -3.78    3.94
-121620.052   153.624    -3.36    3.83
-121334.629   152.399    -4.29    3.56
-121049.194   151.016    -4.84    3.23
-120763.747   149.715    -4.56    2.78
-120478.288   148.872    -2.95    2.76
-120192.818   148.094    -2.72    2.73
-119907.335   146.821    -4.46    3.55
-119621.840   145.283    -5.39    4.38
-119336.333   143.304    -6.93    5.36
-119050.814   141.048    -7.90    6.05
-118765.283   139.237    -6.34    6.00
-118479.740   138.124    -3.90    6.37
-118194.185   137.222    -3.16    6.63
-117908.618   136.525    -2.44    7.26
-117623.039   135.996    -1.85    8.37
-117337.448   135.366    -2.21    9.34
-117051.845   134.568    -2.79    9.85
-116766.230   133.179    -4.86    9.58
-116480.603   132.730    -1.57    9.26
-116194.964   131.894    -2.93    8.68
-115909.313   131.139    -2.64    7.42
-115623.650   131.013    -0.44    6.89
-115337.975   131.639     2.19    6.27
-115052.288   132.506     3.03    5.61
-114766.588   133.192     2.40    4.93
-114480.877   134.164     3.40    4.62
-114195.154   135.230     3.73    4.54
-113909.419   136.496     4.43    4.26
-113623.671   137.901     4.92    4.84
-113337.912   139.621     6.02    6.00
-113052.141   141.646     7.09    7.11
-112766.357   143.336     5.91    7.32
-112480.562   144.266     3.25    7.32
-112194.754   145.260     3.48    6.03
-111908.935   145.401     0.49    5.46
-111623.103   145.760     1.26    4.96
-111337.259   145.406    -1.24    4.67
-111051.403   144.692    -2.50    4.23
-110765.536   143.599    -3.82    3.83
-110479.656   143.283    -1.11    3.80
-110193.764   143.655     1.30    4.26
-109907.860   143.421    -0.82    4.60
-109621.944   142.147    -4.45    4.77
-109336.016   140.560    -5.55    5.05
-109050.075   138.794    -6.18    6.01
-108764.123   135.467   -11.63    7.75
-108478.159   131.707   -13.15    9.41
-108192.182   126.096   -19.62   11.69
-107906.194   121.636   -15.60   12.68
-107620.193   117.105   -15.84   11.76
-107334.180   113.889   -11.25   10.15
-107048.156   112.412    -5.16    9.19
-106762.119   111.771    -2.24    9.27
-106476.070   112.335     1.97    9.73
-106190.009   113.778     5.04   10.37
-105903.936   115.306     5.34   10.37
-105617.851   117.415     7.37   10.16
-105331.753   117.884     1.64    9.41
-105045.644   118.207     1.13    9.78
-104759.523   117.230    -3.42   10.07
-104473.389   116.419    -2.83   10.53
-104187.243   115.329    -3.81   10.31
-103901.085   114.034    -4.53   10.47
-103614.916   112.989    -3.65   10.20
-103328.734   111.496    -5.22   10.01
-103042.539   111.505     0.03    9.63
-102756.333   110.523    -3.43   10.46
-102470.115   110.644     0.42   10.92
-102183.884   110.926     0.98   10.87
-101897.642   112.080     4.03   11.03
-101611.387   112.791     2.48   10.39
-101325.120   113.935     4.00   10.28
-101038.841   115.057     3.92    9.12
-100752.550   115.922     3.02    8.15
-100466.247   116.986     3.71    5.92
-100179.932   116.708    -0.97    5.29
 -99893.604   115.790    -3.20    4.86
 -99607.265   114.741    -3.66    4.14
 -99320.913   113.688    -3.68    3.67
 -99034.549   112.849    -2.93    3.57
 -98748.173   112.087    -2.66    3.58
 -98461.785   111.722    -1.27    3.23
 -98175.385   111.741     0.06    2.95
 -97888.972   112.004     0.92    2.77
 -97602.548   112.303     1.04    2.86
 -97316.111   112.676     1.30    2.86
 -97029.662   113.872     4.17    4.58
 -96743.201   116.388     8.78    6.79
 -96456.728   119.319    10.23    8.48
 -96170.243   123.047    13.01    9.61
 -95883.745   126.847    13.27    9.49
 -95597.236   130.260    11.91    8.38
 -95310.714   132.857     9.06    6.67
 -95024.180   134.730     6.53    4.65
 -94737.634   134.595    -0.47    4.40
 -94451.075   133.494    -3.84    4.98
 -94164.505   132.071    -4.97    5.47
 -93877.922   130.375    -5.92    5.42
 -93591.327   128.949    -4.98    4.83
 -93304.720   127.674    -4.45    3.89
 -93018.101   127.192    -1.68    2.89
 -92731.470   127.580     1.35    2.97
 -92444.826   128.409     2.89    3.26
 -92158.171   128.918     1.78    3.35
 -91871.503   129.518     2.09    3.26
 -91584.822   130.200     2.38    3.25
 -91298.130   130.741     1.89    3.14
 -91011.426   131.561     2.86    2.73
 -90724.709   132.251     2.41    2.54
 -90437.980   132.639     1.35    2.62
 -90151.239   132.926     1.00    3.19
 -89864.486   132.879    -0.16    3.42
 -89577.720   132.740    -0.48    4.26
 -89290.943   131.756    -3.43    5.04
 -89004.153   129.560    -7.66    5.98
 -88717.351   127.116    -8.52    6.22
 -88430.536   125.384    -6.04    5.89
 -88143.710   125.398     0.05    6.64
 -87856.871   126.591     4.16    8.19
 -87570.020   129.607    10.52    9.53
 -87283.157   132.985    11.77    9.36
 -86996.282   136.779    13.22    7.61
 -86709.394   139.497     9.48    5.22
 -86422.494   141.207     5.96    3.98
 -86135.582   141.952     2.59    3.67
 -85848.658   141.816    -0.47    3.94
 -85561.721   142.154     1.18    3.84
 -85274.773   142.612     1.60    3.51
 -84987.812   143.116     1.76    3.23
 -84700.839   143.052    -0.22    3.10
 -84413.853   142.677    -1.31    2.79
 -84126.856   142.660    -0.06    2.48
 -83839.846   142.131    -1.84    2.08
 -83552.823   141.149    -3.42    2.71
 -83265.789   139.896    -4.36    3.27
 -82978.742   139.470    -1.48    3.23
 -82691.683   139.424    -0.16    3.55
 -82404.612   139.222    -0.70    3.65
 -82117.529   140.069     2.95    4.27
 -81830.433   141.480     4.91    4.80
 -81543.325   143.119     5.71    4.69
 -81256.205   144.342     4.26    4.70
 -80969.073   145.330     3.44    4.49
 -80681.928   146.669     4.66    4.00
 -80394.771   148.113     5.03    3.26
 -80107.602   149.071     3.34    2.69
 -79820.420   149.394     1.13    2.82
 -79533.227   149.430     0.12    2.91
 -79246.021   149.422    -0.03    2.86
 -78958.802   148.741    -2.37    3.25
 -78671.572   148.068    -2.34    3.46
 -78384.329   147.822    -0.86    4.11
 -78097.074   147.386    -1.52    3.79
 -77809.806   147.440     0.19    3.56
 -77522.527   147.680     0.84    3.43
 -77235.235   148.516     2.91    3.44
 -76947.930   149.790     4.43    3.59
 -76660.614   151.311     5.29    3.97
 -76373.285   153.442     7.42    4.03
 -76085.944   155.303     6.48    3.74
 -75798.590   156.934     5.68    3.56
 -75511.225   158.568     5.68    3.25
 -75223.847   160.044     5.14    2.86
 -74936.456   160.896     2.96    2.46
 -74649.053   161.062     0.57    2.33
 -74361.639   161.162     0.35    2.17
 -74074.211   160.916    -0.86    2.27
 -73786.772   160.154    -2.65    2.57
 -73499.320   158.865    -4.49    2.59
 -73211.856   157.722    -3.97    2.38
 -72924.379   156.903    -2.85    2.00
 -72636.890   156.576    -1.14    1.94
 -72349.389   156.135    -1.53    1.99
 -72061.876   156.184     0.17    2.15
 -71774.350   156.489     1.06    2.11
 -71486.812   157.104     2.14    2.21
 -71199.261   157.509     1.41    2.17
 -70911.698   157.591     0.28    2.46
 -70624.123   157.538    -0.18    2.99
 -70336.536   157.857     1.11    3.42
 -70048.936   158.215     1.24    3.77
 -69761.324   158.382     0.58    4.30
 -69473.699   158.598     0.75    4.57
 -69186.063   158.833     0.81    4.45
 -68898.413   159.056     0.78    3.99
 -68610.752   158.660    -1.37    3.82
 -68323.078   158.606    -0.19    3.35
 -68035.392   158.005    -2.09    2.91
 -67747.693   156.824    -4.11    3.04
 -67459.982   155.385    -5.00    3.38
 -67172.259   154.117    -4.41    3.72
 -66884.524   152.834    -4.46    3.88
 -66596.776   151.603    -4.28    4.18
 -66309.015   151.070    -1.85    4.13
 -66021.243   150.267    -2.79    4.73
 -65733.457   150.493     0.79    5.07
 -65446.244   150.795     1.05    5.38
 -65160.996   151.275     1.68    5.25
 -64875.736   151.657     1.34    5.59
 -64590.465   151.917     0.91    5.38
 -64305.183   152.081     0.58    6.06
 -64019.889   151.891    -0.67    6.71
 -63734.584   151.646    -0.86    6.97
 -63449.268   149.854    -6.28    8.26
 -63163.940   149.343    -1.79    8.09
 -62878.601   148.843    -1.75    8.13
 -62593.251   148.192    -2.28    7.36
 -62307.889   147.654    -1.89    6.70
 -62022.516   147.416    -0.83    5.84
 -61737.132   147.745     1.15    5.67
 -61451.736   148.057     1.09    5.79
 -61166.329   148.886     2.91    6.17
 -60880.911   149.407     1.83    6.33
 -60595.481   149.821     1.45    6.02
 -60310.040   149.480    -1.20    6.32
 -60024.588   148.087    -4.88    7.09
 -59739.124   146.108    -6.93    7.40
 -59453.649   144.043    -7.23    6.87
 -59168.163   141.904    -7.49    6.00
 -58882.665   140.244    -5.81    5.47
 -58597.156   138.749    -5.24    4.99
 -58311.635   137.441    -4.58    4.05
 -58026.103   136.238    -4.22    3.86
 -57740.560   135.400    -2.93    3.92
 -57455.005   134.756    -2.26    3.82
 -57169.439   134.192    -1.97    3.86
 -56883.862   133.741    -1.58    4.18
 -56598.273   132.959    -2.74    4.06
 -56312.673   132.315    -2.25    4.67
 -56027.062   131.449    -3.03    5.01
 -55741.439   130.983    -1.63    5.02
 -55455.804   130.680    -1.06    5.08
 -55170.159   131.103     1.48    5.94
 -54884.502   131.956     2.99    6.88
 -54598.833   132.963     3.53    7.21
 -54313.154   134.193     4.31    6.75
 -54027.463   135.349     4.05    4.83
 -53741.760   134.519    -2.90    5.09
 -53456.046   133.768    -2.63    5.37
 -53170.321   132.448    -4.62    5.57
 -52884.584   130.972    -5.17    5.62
 -52598.836   129.722    -4.37    5.74
 -52313.076   129.164    -1.95    5.61
 -52027.305   129.109    -0.19    6.07
 -51741.523   129.370     0.92    6.15
 -51455.729   129.237    -0.47    5.33
 -51169.924   129.758     1.82    5.64
 -50884.108   130.753     3.48    5.55
 -50598.280   132.046     4.52    4.22
 -50312.440   132.326     0.98    3.68
 -50026.590   132.010    -1.10    4.08
 -49740.727   130.563    -5.06    5.71
 -49454.854   129.118    -5.05    5.92
 -49168.969   127.502    -5.65    5.39
 -48883.072   125.889    -5.64    4.72
 -48597.164   124.075    -6.34    4.76
 -48311.245   122.065    -7.03    4.84
 -48025.314   119.790    -7.96    5.83
 -47739.372   117.200    -9.06    7.40
 -47453.419   113.639   -12.45    8.79
 -47167.454   109.829   -13.32   10.25
 -46881.477   105.185   -16.24   11.11
 -46595.490   100.615   -15.98   11.30
 -46309.490    95.154   -19.09   12.77
 -46023.480    89.593   -19.44   13.28
 -45737.457    84.111   -19.16   13.09
 -45451.424    77.909   -21.68   13.02
 -45165.379    72.541   -18.77   12.28
 -44879.322    67.866   -16.34   11.66
 -44593.254    63.853   -14.03   10.93
 -44307.175    58.395   -19.08   10.05
 -44021.084    54.593   -13.29    9.50
 -43734.982    50.605   -13.94    9.34
 -43448.868    47.245   -11.74    9.26
 -43162.743    44.748    -8.73    9.35
 -42876.607    41.510   -11.32    9.14
 -42590.458    38.573   -10.27    7.84
 -42304.299    35.919    -9.27    5.99
 -42018.128    34.273    -5.75    4.86
 -41731.945    32.749    -5.33    4.77
 -41445.752    31.416    -4.66    4.83
 -41159.546    30.303    -3.89    4.66
 -40873.329    28.997    -4.56    4.68
 -40587.101    27.551    -5.05    4.56
 -40300.861    25.997    -5.43    4.34
 -40014.610    24.324    -5.84    4.00
 -39728.347    22.995    -4.64    3.62
 -39442.073    22.018    -3.41    3.53
 -39155.787    21.993    -0.09    4.11
 -38869.490    22.786     2.77    4.73
 -38583.181    24.287     5.24    5.12
 -38296.861    25.669     4.83    4.84
 -38010.530    26.304     2.22    4.31
 -37724.187    26.794     1.71    3.68
 -37437.832    26.925     0.46    3.49
 -37151.466    26.472    -1.58    3.84
 -36865.088    25.421    -3.67    4.46
 -36578.699    24.641    -2.72    4.56
 -36292.299    24.730     0.31    4.37
 -36005.887    25.128     1.39    4.11
 -35719.463    25.410     0.99    3.45
 -35433.028    25.369    -0.14    2.74
 -35146.582    25.253    -0.41    2.78
 -34860.124    25.336     0.29    3.24
 -34573.654    25.350     0.05    3.32
 -34287.173    25.357     0.02    3.39
 -34000.680    25.517     0.56    3.82
 -33714.176    26.319     2.80    3.49
 -33427.661    26.063    -0.90    4.37
 -33141.134    25.609    -1.59    5.10
 -32854.595    24.770    -2.93    5.80
 -32568.045    23.385    -4.83    7.10
 -32281.483    21.886    -5.23    8.15
 -31994.910    20.297    -5.55    8.77
 -31708.325    18.842    -5.08    9.30
 -31421.729    17.360    -5.17    9.56
 -31135.121    13.976   -11.81    9.63
 -30848.502    11.040   -10.24   10.01
 -30561.871     9.571    -5.13   10.08
 -30275.229     9.755     0.64   10.01
 -29988.575    11.779     7.06   10.40
 -29701.909    12.287     1.77   10.69
 -29415.232    12.421     0.47   10.84
 -29128.544    12.289    -0.46   10.41
 -28841.844    12.027    -0.92    9.67
 -28555.132    10.722    -4.55    8.78
 -28268.409     8.002    -9.49    6.85
 -27981.675     6.215    -6.23    3.62
 -27694.928     5.193    -3.56    1.32
 -27408.171     4.978    -0.75    1.12
 -27121.401     4.867    -0.39    0.96
 -26834.620     4.981     0.40    1.05
 -26547.828     4.995     0.05    1.53
 -26261.024     4.445    -1.92    2.37
 -25974.208     3.982    -1.62    3.15
 -25687.381     3.788    -0.67    3.46
 -25400.543     3.974     0.65    3.52
 -25113.692     3.983     0.03    3.51
 -24826.831     4.163     0.63    3.39
 -24539.957     4.523     1.26    3.15
 -24253.072     5.077     1.93    2.33
 -23966.176     5.103     0.09    1.47
 -23679.268     4.994    -0.38    1.31
 -23392.348     4.874    -0.42    1.24
 -23105.417     5.024     0.52    1.32
 -22818.474     5.124     0.35    1.36
 -22531.520     5.451     1.14    1.39
 -22244.554     5.693     0.84    1.29
 -21957.576     5.874     0.63    1.31
 -21670.587     5.947     0.25    1.26
 -21383.586     6.125     0.62    1.15
 -21096.574     6.119    -0.02    1.10
 -20809.550     5.987    -0.46    1.16
 -20522.515     5.762    -0.78    1.18
 -20235.468     5.652    -0.39    1.24
 -19948.409     5.556    -0.34    1.28
 -19661.339     5.441    -0.40    1.24
 -19374.257     5.470     0.10    1.25
 -19087.163     5.553     0.29    1.30
 -18800.058     5.673     0.42    1.32
 -18512.942     5.751     0.27    1.40
 -18225.813     5.644    -0.37    1.65
 -17938.673     4.572    -3.73    3.31
 -17651.522     3.215    -4.73    4.29
 -17364.359     2.260    -3.33    4.63
 -17077.184     1.751    -1.77    4.79
 -16789.998     1.551    -0.70    4.80
 -16502.800     1.546    -0.02    4.61
 -16215.590     2.374     2.88    4.37
 -15928.369     3.599     4.27    3.77
 -15641.136     4.869     4.42    2.59
 -15353.892     5.667     2.78    1.44
 -15066.636     5.553    -0.40    1.21
 -14779.368     5.669     0.40    1.18
 -14492.089     5.834     0.57    1.25
 -14204.798     5.998     0.57    1.27
 -13917.495     5.987    -0.04    1.30
 -13630.181     5.901    -0.30    1.30
 -13342.855     5.801    -0.35    1.28
 -13055.518     5.388    -1.44    1.96
 -12768.169     4.933    -1.58    2.65
 -12480.808     4.851    -0.29    2.88
 -12193.435     4.726    -0.43    3.00
 -11906.051     4.434    -1.02    3.18
 -11618.656     4.434     0.00    3.23
 -11331.248     4.556     0.42    3.24
 -11043.829     4.446    -0.38    3.51
 -10756.399     4.927     1.67    3.64
 -10468.956     5.341     1.44    3.56
 -10181.502     5.819     1.66    3.45
  -9894.037     6.244     1.48    3.32
  -9606.559     6.366     0.43    3.19
  -9319.071     5.774    -2.06    3.93
  -9031.570     5.588    -0.65    4.45
  -8744.058     6.142     1.93    4.73
  -8456.534     6.830     2.39    4.73
  -8168.998     7.252     1.47    4.59
  -7881.451     8.015     2.66    4.18
  -7593.892     8.916     3.13    3.51
  -7306.321     9.948     3.59    1.02
  -7018.739    10.140     0.67    0.78
  -6731.145    10.165     0.09    0.84
  -6443.539    10.297     0.46    0.92
  -6155.922    10.496     0.69    1.39
  -5868.293    10.639     0.50    2.55
  -5580.652    10.110    -1.84    4.54
  -5293.000     9.391    -2.50    5.98
  -5005.336     8.276    -3.88    7.33
  -4717.660     7.237    -3.61    8.07
  -4429.973     6.364    -3.03    8.53
  -4142.273     5.236    -3.92    8.77
  -3854.563     4.297    -3.27    8.78
  -3567.561     3.422    -3.05    8.85
  -3282.242     2.904    -1.82    8.97
  -2996.911     2.087    -2.86    8.79
  -2711.571     1.788    -1.05    8.67
  -2426.219     0.745    -3.66    7.96
  -2140.857     0.838     0.33    8.02
  -1855.484     0.982     0.50    7.96
  -1570.100     0.800    -0.64    7.63
  -1284.706     1.496     2.44    7.97
   -999.301     1.192    -1.06    7.93
   -713.886     1.127    -0.23    7.87
   -428.459     0.578    -1.92    7.61
   -143.022     0.678     0.35    7.52
    142.426     0.439    -0.84    7.19
    427.884    -0.172    -2.14    6.63
    713.353    -0.468    -1.04    6.12
    998.833    -1.785    -4.61    4.35
   1284.324    -1.828    -0.15    4.13
   1569.825    -2.644    -2.86    2.88
   1855.337    -2.532     0.40    2.77
   2140.860    -2.220     1.09    3.01
   2426.393    -1.907     1.10    3.19
   2711.937    -1.157     2.62    3.59
   2997.492    -0.511     2.26    3.78
   3283.057     0.460     3.40    4.01
   3568.634     1.339     3.08    4.01
   3854.221     2.409     3.75    3.90
   4139.818     3.237     2.90    3.71
   4425.427     4.396     4.06    3.08
   4711.046     5.037     2.24    2.32
   4996.676     5.437     1.40    1.42
   5282.316     5.578     0.49    1.22
   5567.968     5.441    -0.48    1.18
   5853.630     5.437    -0.01    1.14
   6139.303     5.186    -0.88    1.06
   6424.986     5.042    -0.50    1.00
   6710.680     5.022    -0.07    1.00
   6996.385     5.144     0.43    1.17
   7282.101     5.147     0.01    1.13
   7567.828     5.346     0.70    1.09
   7853.565     4.976    -1.30    2.09
   8139.313     4.315    -2.31    3.08
   8425.071     3.941    -1.31    3.53
   8710.841     3.844    -0.34    3.78
   8996.621     3.568    -0.97    4.08
   9282.412     3.576     0.03    4.27
   9568.214     3.930     1.24    4.22
   9854.026     5.585     5.79    2.71
  10139.849     6.463     3.07    0.68
  10425.683     6.609     0.51    0.93
  10711.528     6.812     0.71    1.23
  10997.383     7.903     3.82    3.50
  11283.250    10.030     7.44    6.48
  11569.127    12.289     7.90    8.15
  11855.014    14.805     8.80    8.89
  12140.913    16.899     7.32    8.75
  12426.822    19.419     8.82    8.15
  12712.742    22.155     9.57    7.02
  12998.673    24.157     7.00    6.13
  13284.615    25.970     6.34    6.12
  13570.567    27.385     4.95    6.25
  13856.530    29.295     6.68    6.09
  14142.504    31.924     9.19    4.81
  14428.489    33.879     6.84    4.93
  14714.484    36.012     7.46    4.42
  15000.490    37.037     3.59    3.69
  15286.507    37.000    -0.13    3.33
  15572.535    37.036     0.12    3.15
  15858.574    37.129     0.33    3.15
  16144.623    36.844    -0.99    3.06
  16430.683    36.467    -1.32    2.77
  16716.754    36.058    -1.43    2.99
  17002.836    35.827    -0.81    3.15
  17288.928    35.434    -1.37    3.49
  17575.032    34.553    -3.08    3.60
  17861.146    33.386    -4.08    3.58
  18147.271    31.578    -6.32    3.96
  18433.406    30.065    -5.29    4.33
  18719.553    28.911    -4.04    4.77
  19005.710    27.334    -5.51    4.96
  19291.878    26.577    -2.64    5.01
  19578.057    25.904    -2.35    5.19
  19864.247    26.251     1.21    5.56
  20150.447    26.428     0.62    5.57
  20436.659    26.707     0.98    5.48
  20722.881    26.908     0.70    5.30
  21009.114    27.954     3.65    4.44
  21295.358    28.570     2.15    4.22
  21581.612    28.186    -1.34    4.32
  21867.878    28.049    -0.48    4.58
  22154.154    28.323     0.96    4.50
  22440.441    28.782     1.60    4.44
  22726.739    29.671     3.11    3.83
  23013.047    30.356     2.39    3.68
  23299.367    30.663     1.08    3.53
  23585.697    30.401    -0.92    3.95
  23872.038    29.304    -3.83    4.28
  24158.390    28.113    -4.16    4.90
  24444.753    26.215    -6.63    5.36
  24731.127    24.436    -6.21    5.01
  25017.511    23.059    -4.81    4.16
  25303.907    22.370    -2.41    3.59
  25590.313    21.831    -1.88    2.77
  25876.730    21.379    -1.58    2.20
  26163.158    21.149    -0.80    2.13
  26449.596    21.027    -0.43    2.29
  26736.046    20.788    -0.83    2.53
  27022.506    20.303    -1.69    2.42
  27308.978    19.767    -1.87    2.37
  27595.460    19.086    -2.38    2.38
  27881.953    18.342    -2.60    2.56
  28168.456    17.740    -2.10    2.88
  28454.971    16.470    -4.43    3.41
  28741.496    14.972    -5.23    3.79
  29028.033    13.558    -4.94    3.72
  29314.580    13.252    -1.07    3.77
  29601.138    13.510     0.90    4.44
  29887.707    15.244     6.05    5.97
  30174.287    17.837     9.05    7.28
  30460.877    20.615     9.69    7.50
  30747.479    23.493    10.04    6.30
  31034.091    25.339     6.44    4.36
  31320.714    26.007     2.33    3.76
  31607.348    26.486     1.67    3.42
  31893.993    26.615     0.45    3.34
  32180.649    26.985     1.29    2.87
  32467.316    26.934    -0.18    2.40
  32753.994    26.914    -0.07    2.12
  33040.682    26.752    -0.57    2.21
  33327.381    26.304    -1.56    2.49
  33614.092    25.764    -1.88    2.52
  33900.813    25.236    -1.84    2.23
  34187.545    24.869    -1.28    2.27
  34474.288    24.836    -0.11    2.65
  34761.041    24.612    -0.78    2.86
  35047.806    24.413    -0.69    2.89
  35334.582    24.649     0.82    2.99
  35621.368    24.881     0.81    3.12
  35908.165    24.884     0.01    3.27
  36194.974    24.570    -1.09    3.46
  36481.793    24.303    -0.93    4.06
  36768.623    24.447     0.50    4.05
  37055.464    24.193    -0.89    4.23
  37342.315    23.069    -3.92    4.19
  37629.178    21.603    -5.11    4.69
  37916.052    20.978    -2.18    4.48
  38202.936    21.468     1.71    4.27
  38489.832    21.913     1.55    4.50
  38776.738    23.094     4.11    5.16
  39063.655    24.506     4.92    5.76
  39350.584    26.244     6.06    5.74
  39637.523    28.320     7.24    5.40
  39924.473    29.865     5.38    5.23
  40211.434    31.134     4.42    5.00
  40498.405    31.919     2.73    4.82
  40785.388    32.816     3.13    4.24
  41072.382    34.633     6.33    3.62
  41359.386    35.708     3.75    3.22
  41646.402    36.719     3.52    3.26
  41933.428    37.451     2.55    3.18
  42220.466    38.369     3.20    3.02
  42507.514    39.311     3.28    3.26
  42794.573    40.172     3.00    3.32
  43081.644    41.073     3.14    3.28
  43368.725    41.784     2.48    3.02
  43655.817    42.391     2.11    2.68
  43942.920    43.079     2.40    2.05
  44230.034    43.165     0.30    1.99
  44517.159    42.774    -1.36    2.00
  44804.294    42.258    -1.80    2.38
  45091.441    41.889    -1.29    2.73
  45378.599    41.444    -1.55    3.26
  45665.767    40.833    -2.13    3.75
  45952.947    40.093    -2.57    4.62
  46240.138    38.359    -6.04    5.58
  46527.339    37.274    -3.78    5.43
  46814.552    36.599    -2.35    5.29
  47101.775    35.983    -2.14    4.66
  47389.009    35.022    -3.35    4.05
  47676.255    33.755    -4.41    3.76
  47963.511    33.185    -1.98    3.51
  48250.778    33.265     0.28    3.42
  48538.056    33.015    -0.87    3.38
  48825.346    32.671    -1.20    3.17
  49112.646    32.179    -1.71    3.24
  49399.957    32.282     0.36    3.33
  49687.279    31.996    -1.00    3.63
  49974.612    31.819    -0.62    3.98
  50261.956    30.944    -3.05    4.46
  50549.311    30.024    -3.20    4.75
  50836.677    28.968    -3.67    4.75
  51124.054    27.596    -4.77    4.71
  51411.442    27.051    -1.90    4.40
  51698.841    26.352    -2.43    3.81
  51986.251    25.467    -3.08    3.14
  52273.671    25.058    -1.42    2.90
  52561.103    24.560    -1.73    2.17
  52848.546    24.444    -0.40    1.89
  53136.000    24.694     0.87    2.12
  53423.465    24.839     0.50    2.27
  53710.941    25.011     0.60    2.20
  53998.427    25.483     1.64    2.07
  54285.925    25.886     1.40    2.01
  54573.434    25.851    -0.12    2.02
  54860.954    25.400    -1.57    2.17
  55148.485    24.834    -1.97    2.80
  55436.026    23.609    -4.26    3.64
  55723.579    22.295    -4.57    4.02
  56011.143    21.324    -3.38    3.75
  56298.718    20.578    -2.60    3.25
  56586.304    19.925    -2.27    2.90
  56873.901    19.871    -0.19    2.72
  57161.508    20.505     2.20    2.79
  57449.127    21.327     2.86    2.55
  57736.757    22.119     2.75    2.26
  58024.398    22.390     0.94    2.00
  58311.201    22.370    -0.07    1.99
  58596.584    22.403     0.12    2.07
  58881.978    22.305    -0.34    2.16
  59167.381    22.178    -0.44    2.03
  59452.795    22.150    -0.10    2.02
  59738.218    22.643     1.73    2.20
  60023.652    23.429     2.75    2.19
  60309.095    23.514     0.30    2.90
  60594.549    22.926    -2.06    3.97
  60880.013    21.704    -4.28    4.82
  61165.486    21.155    -1.92    5.16
  61450.970    20.726    -1.50    5.31
  61736.464    20.431    -1.03    5.06
  62021.968    21.093     2.32    5.07
  62307.482    22.316     4.28    4.50
  62593.006    23.511     4.18    3.67
  62878.540    24.601     3.82    2.56
  63164.084    25.065     1.63    2.39
  63449.638    24.852    -0.75    2.54
  63735.202    24.443    -1.43    2.75
  64020.776    24.320    -0.43    2.78
  64306.360    24.427     0.37    2.87
