-171078.502    13.775     0.00   10.80
-170791.232    13.347    -1.49   10.38
-170503.980    13.036    -1.08   10.09
-170216.746    12.274    -2.65    9.69
-169929.529    10.325    -6.79    7.89
-169642.329     7.986    -8.14    3.59
-169355.147     7.510    -1.66    2.26
-169067.983     7.634     0.43    2.02
-168780.836     8.172     1.87    2.15
-168493.706     8.841     2.33    1.92
-168206.594     9.258     1.45    1.56
-167919.500     9.353     0.33    1.29
-167632.423     9.120    -0.81    1.25
-167345.364     9.031    -0.31    1.49
-167058.322     8.798    -0.81    1.62
-166771.297     8.535    -0.92    1.62
-166484.290     8.267    -0.93    1.54
-166197.301     8.085    -0.63    1.49
-165910.329     7.885    -0.70    1.50
-165623.374     7.599    -1.00    1.28
-165336.437     7.406    -0.67    1.16
-165049.518     7.059    -1.21    0.81
-164762.616     6.913    -0.51    0.81
-164475.731     6.717    -0.69    0.78
-164188.864     6.452    -0.92    0.72
-163902.014     6.282    -0.59    0.74
-163615.182     6.022    -0.91    0.67
-163328.367     5.785    -0.83    0.47
-163041.570     5.646    -0.48    0.34
-162754.790     5.534    -0.39    0.15
-162468.027     5.510    -0.08    0.00
-162181.282     5.510     0.00    0.00
-161894.554     5.510     0.00    0.00
-161607.844     5.510     0.00    0.00
-161321.151     5.557     0.16    0.21
-161034.476     5.684     0.44    0.38
-160747.818     5.835     0.53    0.47
-160461.177     5.978     0.50    0.50
-160174.554     6.411     1.51    1.27
-159887.948     7.666     4.38    3.15
-159601.360     9.302     5.71    4.14
-159314.789    11.047     6.09    4.60
-159028.235    12.938     6.60    4.52
-158741.699    14.938     6.98    3.68
-158455.180    16.502     5.46    2.30
-158168.679    17.446     3.29    0.85
-157882.195    17.678     0.81    0.70
-157595.728    17.776     0.34    0.63
-157309.279    17.701    -0.26    0.69
-157022.847    17.502    -0.69    0.78
-156736.432    17.163    -1.18    0.81
-156450.035    16.566    -2.09    1.29
-156163.655    15.631    -3.26    2.20
-155877.292    15.047    -2.04    2.38
-155590.947    14.732    -1.10    2.54
-155304.619    14.723    -0.03    2.53
-155018.309    14.874     0.53    2.44
-154732.015    15.272     1.39    2.17
-154445.740    16.063     2.76    1.74
-154159.481    16.925     3.01    1.22
-153873.240    17.470     1.91    1.51
-153587.016    18.084     2.14    1.68
-153300.809    18.374     1.01    1.63
-153014.620    18.169    -0.72    2.18
-152728.448    17.998    -0.60    2.21
-152442.293    17.478    -1.82    2.61
-152156.156    16.963    -1.80    2.34
-151870.036    16.519    -1.55    1.73
-151583.933    16.518    -0.00    0.88
-151297.847    16.830     1.09    0.79
-151011.779    17.632     2.80    1.97
-150725.728    18.778     4.01    2.80
-150439.694    19.897     3.91    3.14
-150153.678    21.335     5.03    3.01
-149867.679    22.161     2.89    2.53
-149581.697    22.888     2.54    1.98
-149295.732    22.600    -1.01    2.09
-149009.785    22.126    -1.66    2.25
-148723.855    21.717    -1.43    1.91
-148437.942    21.453    -0.92    1.66
-148152.046    21.732     0.98    1.71
-147866.168    22.191     1.60    1.92
-147580.307    22.812     2.17    1.81
-147294.463    23.058     0.86    1.61
-147008.636    22.715    -1.20    2.14
-146722.827    21.663    -3.68    2.95
-146437.035    20.454    -4.23    3.18
-146151.260    18.998    -5.10    2.78
-145865.502    17.868    -3.95    1.91
-145579.761    17.252    -2.16    1.15
-145294.038    17.136    -0.41    0.85
-145008.332    17.262     0.44    0.95
-144722.643    17.577     1.10    1.07
-144436.971    17.824     0.87    1.05
-144151.316    17.859     0.12    1.09
-143865.679    17.699    -0.56    1.06
-143580.059    17.453    -0.86    1.01
-143294.456    17.310    -0.50    0.91
-143008.870    17.221    -0.31    0.80
-142723.301    17.422     0.70    0.97
-142437.750    17.726     1.06    1.17
-142152.216    18.133     1.43    1.12
-141866.698    18.510     1.32    1.07
-141581.198    18.566     0.20    0.90
-141295.716    18.444    -0.43    1.00
-141010.250    17.939    -1.77    1.41
-140724.801    17.079    -3.01    1.95
-140439.370    16.188    -3.12    2.09
-140153.956    15.718    -1.65    1.96
-139868.559    15.617    -0.36    1.92
-139583.179    15.700     0.29    2.29
-139297.816    16.203     1.76    2.61
-139012.470    16.932     2.55    2.79
-138727.142    17.705     2.71    2.20
-138441.830    17.732     0.09    2.22
-138156.536    17.006    -2.55    2.92
-137871.259    16.234    -2.71    3.06
-137585.999    15.740    -1.73    2.75
-137300.756    15.325    -1.46    2.41
-137015.530    15.414     0.31    2.22
-136730.321    15.744     1.16    2.20
-136445.129    16.567     2.89    1.67
-136159.955    17.185     2.17    0.63
-135874.797    17.365     0.63    0.44
-135589.657    17.394     0.10    0.35
-135304.533    17.344    -0.18    0.41
-135019.427    17.252    -0.32    0.51
-134734.338    17.076    -0.62    0.56
-134449.265    16.915    -0.56    0.60
-134164.210    16.560    -1.24    0.75
-133879.172    15.986    -2.01    1.45
-133594.151    15.222    -2.68    2.07
-133309.147    14.552    -2.35    2.22
-133024.161    14.059    -1.73    2.17
-132739.191    13.726    -1.17    2.17
-132454.238    13.817     0.32    2.20
-132169.302    13.905     0.31    2.35
-131884.384    14.623     2.52    2.53
-131599.482    15.810     4.17    2.62
-131314.597    16.846     3.64    2.58
-131029.730    17.723     3.08    2.72
-130744.879    18.244     1.83    2.98
-130460.046    19.204     3.37    3.61
-130175.229    20.353     4.04    4.16
-129890.429    21.182     2.91    4.46
-129604.374    22.358     4.11    4.50
-129315.795    23.544     4.11    4.20
-129027.234    24.849     4.52    3.28
-128738.692    25.598     2.60    2.25
-128450.168    25.977     1.31    1.76
-128161.662    25.760    -0.75    2.27
-127873.175    25.798     0.13    2.25
-127584.706    25.641    -0.54    2.14
-127296.255    25.469    -0.60    1.98
-127007.822    25.094    -1.30    2.23
-126719.408    24.377    -2.49    2.85
-126431.012    22.775    -5.56    3.73
-126142.634    20.846    -6.69    4.44
-125854.274    18.948    -6.58    4.63
-125565.933    16.669    -7.91    4.35
-125277.610    15.152    -5.26    3.84
-124989.305    14.438    -2.48    2.97
-124701.019    14.240    -0.69    2.32
-124412.750    14.550     1.08    2.13
-124124.500    15.123     1.99    2.16
-123836.268    15.932     2.81    1.86
-123548.055    16.407     1.65    1.50
-123259.859    16.502     0.33    1.72
-122971.682    16.419    -0.29    2.10
-122683.523    16.234    -0.64    2.30
-122395.382    16.123    -0.38    2.31
-122107.259    16.047    -0.26    2.20
-121819.155    16.102     0.19    1.92
-121531.069    16.323     0.77    1.58
-121243.001    16.576     0.88    1.05
-120954.951    16.854     0.97    0.53
-120666.919    16.897     0.15    0.59
-120378.906    16.993     0.33    0.74
-120090.910    17.075     0.28    0.93
-119802.933    17.318     0.85    1.15
-119514.974    17.584     0.92    1.36
-119227.033    17.905     1.12    1.33
-118939.110    18.094     0.66    1.20
-118651.206    18.229     0.47    0.99
-118363.320    18.242     0.04    0.82
-118075.451    18.158    -0.29    0.69
-117787.601    18.010    -0.51    0.66
-117499.769    17.744    -0.92    0.71
-117211.955    17.455    -1.00    0.70
-116924.160    17.155    -1.04    0.63
-116636.382    16.909    -0.86    0.49
-116348.622    16.748    -0.56    0.43
-116060.881    16.527    -0.77    0.53
-115773.158    15.905    -2.16    1.46
-115485.453    14.889    -3.53    2.56
-115197.766    13.337    -5.40    3.60
-114910.097    11.600    -6.04    3.97
-114622.446     9.971    -5.67    3.70
-114334.813     8.635    -4.64    2.76
-114047.198     7.919    -2.49    1.87
-113759.602     8.312     1.37    2.76
-113472.023     9.285     3.39    3.78
-113184.463    10.551     4.40    4.36
-112896.921    11.702     4.00    4.65
-112609.396    13.285     5.51    4.87
-112321.890    14.335     3.65    5.27
-112034.402    15.637     4.53    5.63
-111746.932    16.494     2.98    5.57
-111459.480    16.781     1.00    5.08
-111172.046    17.994     4.22    4.58
-110884.630    19.285     4.49    4.20
-110597.232    20.073     2.74    4.01
-110309.852    21.318     4.33    4.68
-110022.490    22.691     4.78    5.43
-109735.146    24.335     5.72    5.49
-109447.820    26.280     6.77    5.00
-109160.512    27.821     5.36    4.16
-108873.223    29.510     5.88    4.98
-108585.951    30.542     3.59    5.54
-108298.697    30.246    -1.03    6.22
-108011.461    29.360    -3.08    7.35
-107724.243    28.623    -2.57    7.70
-107437.044    28.232    -1.36    7.77
-107149.862    28.527     1.03    7.45
-106862.698    29.046     1.81    7.60
-106575.552    30.240     4.16    7.75
-106288.424    31.694     5.06    7.65
-106001.314    33.326     5.69    6.64
-105714.223    33.169    -0.55    7.27
-105427.149    33.119    -0.17    7.99
-105140.093    33.026    -0.32    8.37
-104853.055    32.412    -2.14    8.43
-104566.034    31.824    -2.05    7.87
-104279.032    32.129     1.06    8.14
-103992.048    33.625     5.21    7.74
-103705.082    35.627     6.98    5.31
-103418.134    36.185     1.95    4.73
-103131.203    36.819     2.21    4.67
-102844.291    38.044     4.27    4.05
-102557.396    38.217     0.60    4.18
-102270.520    38.430     0.74    3.90
-101983.661    37.799    -2.20    4.14
-101696.820    36.909    -3.11    4.47
-101409.998    35.608    -4.54    5.53
-101123.193    33.752    -6.47    6.33
-100836.406    31.312    -8.51    7.07
-100549.636    29.567    -6.08    6.84
-100262.885    27.936    -5.69    6.20
 -99976.152    26.889    -3.65    5.85
 -99689.436    25.728    -4.05    5.66
 -99402.739    24.790    -3.27    5.83
 -99116.059    23.622    -4.07    6.62
 -98829.397    23.047    -2.01    6.79
 -98542.753    22.674    -1.30    6.76
 -98256.127    22.144    -1.85    6.31
 -97969.519    21.075    -3.73    5.33
 -97682.929    20.344    -2.55    4.71
 -97396.356    20.470     0.44    4.81
 -97109.802    20.982     1.79    5.16
 -96823.265    21.279     1.04    5.32
 -96536.746    20.990    -1.01    5.53
 -96250.245    20.857    -0.47    5.57
 -95963.761    20.973     0.41    5.58
 -95677.296    21.388     1.45    6.38
 -95390.848    21.813     1.48    7.50
 -95104.418    22.196     1.34    7.94
 -94818.006    23.134     3.28    7.72
 -94531.612    23.873     2.58    7.78
 -94245.236    24.775     3.15    7.65
 -93958.877    25.341     1.98    6.94
 -93672.537    26.107     2.68    6.66
 -93386.214    26.344     0.83    6.58
 -93099.908    27.662     4.61    6.05
 -92813.621    28.631     3.38    5.61
 -92527.352    28.436    -0.68    5.29
 -92241.100    27.356    -3.78    5.15
 -91954.866    26.738    -2.16    5.54
 -91668.649    26.527    -0.74    5.55
 -91382.451    26.054    -1.65    5.32
 -91096.270    24.998    -3.69    5.65
 -90810.107    24.322    -2.36    5.52
 -90523.962    24.494     0.60    5.76
 -90237.835    25.640     4.01    6.51
 -89951.725    27.074     5.01    6.74
 -89665.633    27.806     2.56    6.95
 -89379.559    27.970     0.57    7.22
 -89093.503    28.155     0.65    7.04
 -88807.464    28.188     0.11    7.23
 -88521.443    27.954    -0.82    7.95
 -88235.440    27.604    -1.22    7.98
 -87949.454    27.670     0.23    8.09
 -87663.486    28.957     4.50    8.35
 -87377.536    32.002    10.65    6.70
 -87091.604    33.266     4.42    5.65
 -86805.689    33.502     0.82    5.65
 -86519.792    33.367    -0.47    5.87
 -86233.913    31.982    -4.85    6.99
 -85948.052    29.956    -7.09    8.50
 -85662.208    27.600    -8.24    9.18
 -85376.382    26.094    -5.27    8.87
 -85090.573    24.059    -7.12    8.02
 -84804.782    22.419    -5.74    7.10
 -84519.009    21.768    -2.28    6.71
 -84233.254    22.756     3.46    6.37
 -83947.516    23.593     2.93    5.09
 -83661.796    22.645    -3.32    5.37
 -83376.093    20.567    -7.28    6.14
 -83090.409    19.094    -5.16    6.79
 -82804.742    17.925    -4.09    6.76
 -82519.092    16.469    -5.10    6.08
 -82233.460    15.485    -3.44    5.48
 -81947.846    15.359    -0.44    5.29
 -81662.250    16.309     3.32    4.70
 -81376.671    16.294    -0.05    5.51
 -81091.109    15.232    -3.72    6.64
 -80805.566    13.869    -4.77    7.13
 -80520.040    13.518    -1.23    7.47
 -80234.531    13.042    -1.67    8.01
 -79949.040    12.592    -1.58    7.57
 -79663.567    12.069    -1.83    6.87
 -79378.112    11.461    -2.13    6.23
 -79092.674    11.527     0.23    5.49
 -78807.253    11.585     0.20    4.94
 -78521.851    10.851    -2.57    4.85
 -78236.465    10.218    -2.22    4.52
 -77951.098     9.327    -3.12    4.39
 -77665.748     9.079    -0.87    4.28
 -77380.416     9.944     3.03    4.49
 -77095.101    11.277     4.67    5.12
 -76809.803    12.397     3.93    5.12
 -76524.524    13.640     4.36    4.95
 -76239.262    14.827     4.16    4.39
 -75954.017    15.865     3.64    4.13
 -75668.790    16.603     2.59    4.48
 -75383.581    16.452    -0.53    4.65
 -75098.389    16.018    -1.52    4.95
 -74813.214    14.863    -4.05    5.08
 -74528.058    13.760    -3.87    5.08
 -74242.918    12.913    -2.97    4.77
 -73957.797    12.519    -1.38    4.20
 -73672.692    12.885     1.29    3.89
 -73387.606    13.220     1.17    3.88
 -73102.536    13.756     1.88    4.03
 -72817.485    14.098     1.20    3.96
 -72532.451    14.446     1.22    4.21
 -72247.434    15.300     3.00    4.19
 -71962.435    15.661     1.27    4.21
 -71677.453    16.310     2.28    4.42
 -71392.489    16.860     1.93    4.77
 -71107.543    16.377    -1.70    5.27
 -70822.614    15.647    -2.56    5.38
 -70537.702    14.813    -2.93    5.41
 -70252.808    13.841    -3.41    5.88
 -69967.931    13.163    -2.38    5.53
 -69683.072    12.952    -0.74    5.04
 -69398.230    13.072     0.42    4.33
 -69113.406    13.120     0.17    4.39
 -68828.599    13.132     0.04    4.13
 -68543.810    12.681    -1.58    4.41
 -68259.038    12.670    -0.04    4.85
 -67974.284    11.942    -2.56    5.37
 -67687.784    10.882    -3.70    5.49
 -67399.154    10.185    -2.42    5.10
 -67110.542    10.019    -0.58    4.85
 -66821.950    10.090     0.25    4.76
 -66533.376    10.790     2.43    4.79
 -66244.821    11.534     2.58    5.12
 -65956.285    12.335     2.78    4.73
 -65667.767    12.526     0.66    4.64
 -65379.269    13.006     1.66    4.98
 -65090.789    13.773     2.66    5.65
 -64802.327    13.762    -0.04    5.69
 -64513.885    13.262    -1.73    6.14
 -64225.461    13.094    -0.58    6.22
 -63937.056    13.218     0.43    6.16
 -63648.669    12.871    -1.20    6.13
 -63360.302    12.199    -2.33    5.46
 -63071.952    11.208    -3.44    4.54
 -62783.622    11.070    -0.48    4.07
 -62495.310    11.881     2.81    3.77
 -62207.017    11.927     0.16    4.03
 -61918.743    11.273    -2.27    4.29
 -61630.488    10.940    -1.15    4.62
 -61342.251    10.585    -1.23    4.85
 -61054.032     9.994    -2.05    4.83
 -60765.833     9.889    -0.36    4.70
 -60477.652    10.510     2.15    4.73
 -60189.489    10.957     1.55    4.71
 -59901.346    11.576     2.15    4.45
 -59613.221    12.221     2.24    4.15
 -59325.114    11.610    -2.12    4.80
 -59037.027    10.922    -2.39    4.75
 -58748.958     9.952    -3.37    4.51
 -58460.907     9.469    -1.68    4.71
 -58172.875     9.120    -1.21    4.82
 -57884.862     8.769    -1.22    4.72
 -57596.867     8.833     0.22    4.80
 -57308.891     9.438     2.10    4.72
 -57020.934     9.841     1.40    4.64
 -56732.995     9.922     0.28    3.93
 -56445.075    10.260     1.17    3.68
 -56157.174    10.609     1.21    3.63
 -55869.291    11.229     2.16    4.14
 -55581.426    11.824     2.07    4.40
 -55293.580    13.059     4.29    4.74
 -55005.753    14.935     6.52    5.36
 -54717.945    15.888     3.31    5.07
 -54430.154    16.083     0.68    5.09
 -54142.383    17.031     3.30    5.19
 -53854.630    17.585     1.93    5.49
 -53566.896    17.590     0.02    5.95
 -53279.180    17.930     1.18    6.05
 -52991.482    17.813    -0.41    5.85
 -52703.804    18.223     1.43    5.73
 -52416.144    17.632    -2.06    6.33
 -52128.502    17.232    -1.39    6.61
 -51840.879    16.568    -2.31    6.82
 -51553.274    16.066    -1.74    6.91
 -51265.688    14.577    -5.18    6.49
 -50978.121    12.899    -5.84    6.04
 -50690.571    11.881    -3.54    5.85
 -50403.041    11.815    -0.23    5.69
 -50115.529    12.317     1.74    5.88
 -49828.035    12.238    -0.27    6.47
 -49540.560    11.730    -1.77    6.47
 -49253.104    12.023     1.02    6.58
 -48965.666    12.169     0.51    6.29
 -48678.246    11.105    -3.70    6.07
 -48390.845     9.660    -5.03    4.78
 -48103.463     8.641    -3.55    4.30
 -47816.098     8.970     1.14    4.68
 -47528.753     8.829    -0.49    4.50
 -47241.426     7.917    -3.18    4.32
 -46954.117     7.663    -0.88    4.21
 -46666.827     7.930     0.93    4.21
 -46379.555     8.216     0.99    4.61
 -46092.302     9.014     2.78    5.25
 -45805.067    10.719     5.93    6.40
 -45517.850    12.494     6.18    6.81
 -45230.652    13.790     4.51    6.26
 -44943.472    14.313     1.82    5.78
 -44656.311    14.677     1.27    4.63
 -44369.169    15.254     2.01    4.14
 -44082.044    14.681    -2.00    3.93
 -43794.938    14.120    -1.95    3.40
 -43507.851    13.776    -1.20    2.85
 -43220.782    14.002     0.79    2.72
 -42933.731    14.527     1.83    2.59
 -42646.699    14.312    -0.75    2.62
 -42359.685    13.676    -2.22    2.51
 -42072.689    12.977    -2.43    2.43
 -41785.712    12.166    -2.83    2.62
 -41498.753    11.446    -2.51    2.30
 -41211.813    10.888    -1.94    2.03
 -40924.891    10.418    -1.64    1.70
 -40637.987    10.201    -0.75    1.64
 -40351.102     9.964    -0.83    1.34
 -40064.235    10.019     0.19    1.37
 -39777.387    10.222     0.71    1.40
 -39490.557    10.583     1.26    2.12
 -39203.745    11.294     2.48    2.77
 -38916.951    11.395     0.35    2.90
 -38630.176    11.152    -0.84    3.08
 -38343.419    10.744    -1.43    3.27
 -38056.681    10.158    -2.04    3.54
 -37769.961     9.630    -1.84    3.53
 -37483.259     8.398    -4.30    2.62
 -37196.575     7.990    -1.42    2.14
 -36909.910     8.657     2.33    3.01
 -36623.263     9.443     2.74    3.37
 -36336.635    10.048     2.11    3.42
 -36050.024    10.341     1.02    3.31
 -35763.432    10.327    -0.05    3.35
 -35476.859    10.277    -0.17    3.40
 -35190.303    10.018    -0.90    3.40
 -34903.766     9.568    -1.57    3.27
 -34617.247     9.127    -1.54    3.00
 -34330.747     8.973    -0.54    2.80
 -34044.264     9.191     0.76    2.90
 -33757.801     9.619     1.49    2.75
 -33471.355     9.639     0.07    2.63
 -33184.927     9.212    -1.49    2.31
 -32898.518     8.846    -1.28    1.61
 -32612.127     8.841    -0.02    1.73
 -32325.754     8.733    -0.38    1.98
 -32039.400     8.808     0.26    1.99
 -31753.064     8.625    -0.64    2.28
 -31466.746     8.694     0.24    2.29
 -31180.446     8.729     0.12    2.21
 -30894.164     8.687    -0.15    2.10
 -30607.901     8.720     0.12    1.94
 -30321.656     8.697    -0.08    1.83
 -30035.429     8.307    -1.36    1.86
 -29749.221     8.022    -0.99    1.93
 -29463.030     7.791    -0.81    2.00
 -29176.858     7.764    -0.09    2.17
 -28890.704     7.966     0.71    2.07
 -28604.568     8.494     1.84    2.50
 -28318.450     8.882     1.36    2.50
 -28032.351     9.494     2.14    2.23
 -27746.270     9.835     1.19    2.07
 -27460.207     9.860     0.09    2.12
 -27174.162    10.067     0.72    2.36
 -26888.135    10.182     0.40    2.55
 -26602.126    10.077    -0.37    2.53
 -26316.136     9.953    -0.43    2.41
 -26030.164     9.742    -0.74    2.21
 -25744.210     9.646    -0.34    2.25
 -25458.274     9.593    -0.19    2.34
 -25172.356     9.726     0.47    2.52
 -24886.456     9.627    -0.35    2.58
 -24600.575     9.594    -0.12    2.45
 -24314.711     9.510    -0.29    2.45
 -24028.866     9.671     0.56    2.63
 -23743.039    10.129     1.60    2.76
 -23457.230    11.182     3.69    3.43
 -23171.439    12.125     3.30    3.54
 -22885.666    12.199     0.26    3.73
 -22599.912    11.137    -3.72    4.76
 -22314.175     9.689    -5.07    5.91
 -22028.457     7.552    -7.48    6.63
 -21742.756     5.742    -6.34    6.08
 -21457.074     4.941    -2.80    5.22
 -21171.410     5.797     3.00    5.80
 -20885.764     7.584     6.26    6.59
 -20600.136     9.054     5.15    6.39
 -20314.526    10.803     6.12    5.19
 -20028.934    12.345     5.40    3.30
 -19743.360    12.616     0.95    2.80
 -19457.805    12.636     0.07    2.46
 -19172.267    12.790     0.54    1.60
 -18886.747    12.827     0.13    1.51
 -18601.246    13.157     1.16    1.18
 -18315.762    13.360     0.71    1.16
 -18030.297    13.445     0.30    1.15
 -17744.850    13.552     0.38    1.11
 -17459.420    13.544    -0.03    1.05
 -17174.009    13.617     0.26    1.28
 -16888.616    13.739     0.43    1.34
 -16603.240    13.794     0.19    1.28
 -16317.883    13.583    -0.74    1.47
 -16032.544    13.461    -0.43    1.61
 -15747.223    13.243    -0.77    1.64
 -15461.920    13.128    -0.40    1.60
 -15176.634    13.144     0.05    1.53
 -14891.367    13.294     0.53    1.51
 -14606.118    13.526     0.82    1.47
 -14320.887    13.965     1.54    1.38
 -14035.674    14.342     1.32    1.39
 -13750.478    14.575     0.82    1.29
 -13465.301    14.828     0.89    1.14
 -13180.142    15.098     0.95    1.17
 -12895.001    15.215     0.41    1.29
 -12609.877    15.370     0.54    1.40
 -12324.772    15.425     0.20    1.37
 -12039.685    15.435     0.03    1.51
 -11754.615    15.169    -0.93    1.96
 -11469.564    14.577    -2.07    2.33
 -11184.530    13.709    -3.05    2.32
 -10899.515    13.236    -1.66    2.17
 -10614.517    12.773    -1.62    2.03
 -10329.537    12.603    -0.59    2.03
 -10044.575    12.651     0.17    2.05
  -9759.632    12.502    -0.52    2.08
  -9474.706    12.427    -0.26    2.08
  -9189.798    12.390    -0.13    2.02
  -8904.908    12.322    -0.24    1.95
  -8620.036    12.297    -0.09    1.84
  -8335.181    12.510     0.75    1.78
  -8050.345    12.725     0.75    1.78
  -7765.526    12.802     0.27    1.67
  -7480.726    13.018     0.76    1.51
  -7195.943    13.060     0.15    1.44
  -6911.179    13.002    -0.21    1.47
  -6626.432    12.873    -0.45    1.43
  -6341.703    12.752    -0.42    1.38
  -6056.992    12.680    -0.25    1.39
  -5770.011    12.715     0.12    1.35
  -5481.327    12.797     0.28    1.39
  -5192.662    12.714    -0.29    1.44
  -4904.016    12.705    -0.03    1.51
  -4615.390    12.754     0.17    1.55
  -4326.783    12.689    -0.23    1.63
  -4038.194    12.821     0.46    1.71
  -3749.626    12.697    -0.43    1.95
  -3461.076    12.193    -1.75    3.35
  -3172.545    11.669    -1.82    4.32
  -2884.034    10.519    -3.99    5.53
  -2595.541     9.725    -2.75    6.19
  -2307.068     9.182    -1.88    6.59
  -2018.614     8.427    -2.62    6.94
  -1730.179     7.583    -2.93    7.11
  -1441.764     7.067    -1.79    7.15
  -1153.367     6.485    -2.02    7.21
   -864.990     6.304    -0.63    7.18
   -576.631     6.341     0.13    7.14
   -288.292     6.045    -1.03    7.16
      0.028     5.968    -0.27    6.95
    288.329     6.135     0.58    6.94
    576.611     5.715    -1.46    6.79
    864.874     4.855    -2.98    6.26
   1153.117     3.986    -3.01    5.88
   1441.342     2.990    -3.46    5.32
   1729.547     1.910    -3.75    4.69
   2017.734     1.231    -2.36    3.90
   2305.901     0.857    -1.30    3.54
   2594.049     0.677    -0.63    3.40
   2882.179     0.869     0.67    3.40
   3170.289     3.526     9.23    6.46
   3458.380     7.046    12.22    9.54
   3746.452    11.243    14.57   11.89
   4034.505    16.890    19.61   14.10
   4322.539    22.623    19.90   14.56
   4610.553    27.393    16.56   13.20
   4898.549    29.629     7.76   11.26
   5186.526    28.667    -3.34   11.90
   5474.484    26.810    -6.45   12.99
   5762.422    24.612    -7.63   13.30
   6050.342    21.811    -9.73   12.43
   6338.243    19.118    -9.35   11.83
   6626.124    17.603    -5.26   11.81
   6913.987    18.273     2.33   12.04
   7201.831    17.674    -2.08   12.33
   7489.655    16.720    -3.31   12.01
   7777.461    16.085    -2.21   11.52
   8065.247    15.791    -1.02   11.66
   8353.015    15.600    -0.67   12.19
   8640.764    15.375    -0.78   12.25
   8928.493    14.027    -4.68   11.08
   9216.204    12.787    -4.31    9.70
   9503.896    11.256    -5.32    8.05
   9791.569    10.225    -3.59    5.96
  10079.222    10.210    -0.05    4.25
  10366.857    11.076     3.01    3.35
  10654.473    11.914     2.91    2.38
  10942.070    12.215     1.05    2.39
  11229.648    12.639     1.47    1.92
  11517.207    12.570    -0.24    2.15
  11804.747    12.177    -1.37    2.98
  12092.268    12.152    -0.08    3.02
  12379.771    11.857    -1.03    3.46
  12667.254    11.914     0.20    3.26
  12954.719    11.781    -0.46    3.59
  13242.164    12.377     2.07    3.37
  13529.591    13.052     2.35    2.30
  13816.998    13.444     1.36    2.17
  14104.387    13.825     1.32    2.03
  14391.757    14.120     1.03    1.84
  14679.108    14.334     0.74    1.87
  14966.440    14.281    -0.18    2.26
  15253.753    14.127    -0.54    2.51
  15541.048    13.944    -0.64    2.90
  15828.323    13.535    -1.42    3.22
  16115.580    12.866    -2.33    3.91
  16402.818    12.077    -2.75    4.34
  16690.036    11.762    -1.10    4.53
  16977.236    11.297    -1.62    4.53
  17264.418    11.166    -0.46    4.58
  17551.580    11.137    -0.10    4.58
  17838.723    11.289     0.53    4.65
  18125.848    11.244    -0.16    4.70
  18412.954    11.502     0.90    4.44
  18700.041    12.140     2.22    4.16
  18987.109    12.887     2.60    4.15
  19274.158    13.777     3.10    3.81
  19561.189    14.451     2.35    3.58
  19848.201    14.946     1.72    2.51
  20135.193    15.105     0.56    2.07
  20422.167    14.750    -1.24    2.18
  20709.123    14.130    -2.16    2.20
  20996.059    13.494    -2.22    2.05
  21282.977    12.947    -1.90    1.51
  21569.876    12.628    -1.11    0.98
  21856.756    12.174    -1.58    2.35
  22143.617    11.866    -1.07    3.05
  22430.460    11.485    -1.33    3.81
  22717.284    11.462    -0.08    4.23
  23004.089    11.357    -0.37    4.55
  23290.875    11.269    -0.31    4.88
  23577.642    10.560    -2.47    5.18
  23864.391     9.651    -3.17    5.33
  24151.121     8.636    -3.54    5.00
  24437.832     8.275    -1.26    4.57
  24724.525     8.114    -0.56    4.13
  25011.199     7.451    -2.31    4.27
  25297.854     7.619     0.59    4.05
  25584.490     8.333     2.49    4.09
  25871.108     9.169     2.92    3.84
  26157.707     9.984     2.85    3.45
  26444.287    10.713     2.54    3.10
  26730.848    11.510     2.78    3.90
  27017.391    12.332     2.87    3.34
  27303.915    12.929     2.08    3.94
  27590.420    13.006     0.27    3.89
  27876.907    13.134     0.45    3.62
  28163.375    13.352     0.76    3.00
  28449.824    13.299    -0.19    2.20
  28736.255    13.421     0.43    1.87
  29022.667    13.622     0.70    1.83
  29309.060    13.014    -2.12    3.37
  29595.435    12.248    -2.68    4.74
  29881.791    11.385    -3.01    5.42
  30168.128     9.764    -5.66    6.02
  30454.446     8.808    -3.34    6.13
  30740.746     8.234    -2.00    6.00
  31027.028     7.920    -1.10    5.54
  31313.290     8.289     1.29    5.15
  31599.534     8.617     1.15    4.73
  31885.760     8.803     0.65    4.29
  32171.967     9.188     1.34    4.53
  32458.155     9.169    -0.07    4.84
  32744.324     8.897    -0.95    5.12
  33030.475     8.687    -0.73    5.52
  33316.608     8.068    -2.16    5.42
  33602.721     7.303    -2.67    5.34
  33888.816     7.450     0.51    5.76
  34174.893     7.791     1.19    6.30
  34460.951     8.130     1.18    6.74
  34746.990     8.433     1.06    7.06
  35033.011     9.169     2.57    7.81
  35319.013    10.217     3.66    8.22
  35604.996    10.872     2.29    8.35
  35890.961    11.717     2.95    8.87
  36176.908    12.283     1.98    8.79
  36462.836    12.963     2.38    8.58
  36748.745    13.963     3.50    7.96
  37034.636    13.922    -0.14    7.36
  37320.508    13.781    -0.49    6.84
  37606.361    13.885     0.36    6.00
  37892.197    13.294    -2.07    5.87
  38178.013    12.640    -2.29    5.75
  38463.811    12.002    -2.23    5.34
  38749.591    10.860    -3.99    5.61
  39035.351     9.860    -3.50    6.23
  39321.094     9.137    -2.53    6.19
  39606.818     8.168    -3.39    5.81
  39892.523     7.312    -3.00    5.27
  40178.210     6.670    -2.25    4.71
  40463.878     5.746    -3.24    4.08
  40749.528     5.849     0.36    3.85
  41035.160     6.221     1.30    3.73
  41320.773     6.109    -0.39    4.06
  41606.367     5.337    -2.70    3.60
  41891.943     4.897    -1.54    3.62
  42177.500     4.638    -0.91    4.02
  42463.039     4.027    -2.14    3.66
  42748.560     3.852    -0.61    3.59
  43034.062     3.687    -0.58    3.43
  43319.545     3.248    -1.54    3.00
  43605.010     3.107    -0.49    3.01
  43890.457     2.973    -0.47    2.64
  44175.885     2.695    -0.97    2.05
  44461.295     2.477    -0.76    2.00
  44746.686     2.372    -0.37    1.77
  45032.059     2.493     0.42    1.67
  45317.413     2.611     0.41    1.73
  45602.749     3.174     1.97    1.72
  45888.067     3.762     2.06    1.90
  46173.366     4.435     2.36    2.36
  46458.647     5.285     2.98    2.36
  46743.909     6.006     2.53    2.60
  47029.153     7.194     4.16    3.31
  47314.378     9.188     6.99    4.94
  47599.586    11.477     8.02    6.54
  47884.774    14.225     9.64    7.83
  48169.945    16.808     9.06    8.16
  48455.096    18.871     7.24    7.87
  48740.230    21.027     7.56    7.29
  49025.345    21.273     0.86    7.99
  49310.442    21.486     0.75    8.18
  49595.520    22.039     1.94    7.91
  49880.580    22.342     1.06    7.45
  50165.622    23.188     2.97    6.61
  50450.645    24.277     3.82    5.34
  50735.650    25.527     4.39    4.13
  51020.637    26.188     2.32    2.84
  51305.605    26.319     0.46    2.57
  51590.555    25.942    -1.32    2.04
  51875.486    25.646    -1.04    1.45
  52160.400    25.860     0.75    1.70
  52445.295    25.849    -0.04    2.01
  52730.171    25.933     0.29    2.25
  53015.029    25.913    -0.07    2.47
  53299.869    26.141     0.80    2.62
  53584.691    26.553     1.44    2.72
  53869.494    26.956     1.42    2.88
  54154.279    27.603     2.27    2.81
  54439.046    28.112     1.79    2.62
  54723.794    28.519     1.43    2.49
  55008.524    28.799     0.99    2.38
  55293.236    29.023     0.79    2.13
  55577.930    29.519     1.74    2.19
  55862.605    29.887     1.29    2.41
  56150.122    30.344     1.59    2.33
  56438.854    30.846     1.74    2.33
  56727.565    31.470     2.16    2.42
  57016.258    32.166     2.41    2.37
  57304.930    32.663     1.72    2.00
  57593.583    33.040     1.31    1.61
  57882.216    32.969    -0.25    1.33
  58170.830    32.940    -0.10    1.36
  58459.424    32.685    -0.88    2.25
  58747.999    32.451    -0.81    2.59
  59036.554    32.543     0.32    2.70
  59325.089    32.132    -1.43    2.84
  59613.605    31.307    -2.86    2.99
  59902.101    31.047    -0.90    3.41
  60190.578    31.051     0.01    3.90
  60479.035    30.933    -0.41    3.86
  60767.473    31.384     1.57    4.61
  61055.891    31.633     0.86    5.26
  61344.290    32.436     2.78    6.05
  61632.669    33.415     3.40    6.35
  61921.028    35.078     5.77    7.05
  62209.368    36.452     4.76    7.10
  62497.689    37.493     3.61    6.80
  62785.990    38.621     3.91    6.22
  63074.271    38.981     1.25    5.64
  63362.533    39.171     0.66    4.74
  63650.776    39.292     0.42    3.87
  63938.999    39.089    -0.70    2.99
  64227.202    38.789    -1.04    2.22
  64515.386    38.367    -1.46    1.30
  64803.551    38.303    -0.22    1.19
  65091.696    38.715     1.43    1.47
  65379.821    39.209     1.72    1.60
  65667.927    39.741     1.85    1.66
  65956.014    40.338     2.07    1.70
  66244.081    40.477     0.48    2.00
  66532.129    40.425    -0.18    2.17
  66820.157    40.035    -1.35    2.35
  67108.166    39.586    -1.56    2.43
  67396.155    39.204    -1.33    2.26
  67684.125    38.946    -0.90    1.96
  67972.076    39.502     1.93    2.10
  68260.007    40.445     3.27    3.05
  68547.919    41.510     3.70    3.62
  68835.811    42.364     2.96    3.58
  69123.684    42.969     2.10    3.25
  69411.537    43.452     1.68    3.01
  69699.371    43.857     1.41    2.76
  69987.186    43.976     0.41    2.78
  70274.981    44.019     0.15    2.70
  70562.757    44.342     1.12    2.83
  70850.513    45.194     2.96    2.70
  71138.250    46.105     3.17    1.69
  71425.968    46.283     0.62    1.40
  71713.666    45.934    -1.21    1.74
  72001.345    45.079    -2.97    2.23
  72289.005    44.653    -1.48    2.23
  72576.645    44.313    -1.18    2.05
  72864.266    43.798    -1.79    1.93
  73151.868    43.185    -2.13    1.84
  73439.450    42.717    -1.63    1.73
  73727.013    42.437    -0.97    1.74
  74014.556    42.217    -0.76    1.74
  74302.081    41.601    -2.14    1.32
  74589.585    41.169    -1.50    1.07
  74877.071    41.134    -0.12    1.10
  75164.537    41.214     0.28    1.38
  75451.984    41.369     0.54    1.47
  75739.412    41.577     0.73    1.52
  76026.820    42.109     1.85    1.47
  76314.209    42.554     1.55    1.31
  76601.579    42.719     0.57    1.24
  76888.929    42.627    -0.32    1.32
  77176.260    42.648     0.07    1.39
  77463.572    42.758     0.38    1.36
  77750.865    42.768     0.04    1.47
  78038.138    42.502    -0.93    1.57
  78325.392    42.544     0.15    1.89
  78612.627    42.632     0.31    2.05
  78899.843    42.789     0.55    2.18
  79187.039    43.079     1.01    2.29
  79474.216    43.334     0.89    2.36
  79761.374    43.692     1.25    2.38
  80048.512    44.174     1.68    2.38
  80335.631    44.604     1.50    2.24
  80622.732    44.813     0.73    2.17
  80909.812    44.727    -0.30    1.95
  81196.874    44.712    -0.05    1.79
  81483.916    44.612    -0.35    1.71
  81770.940    44.281    -1.15    1.61
  82057.944    44.083    -0.69    1.30
  82344.928    43.781    -1.05    1.40
  82631.894    43.264    -1.80    1.99
  82918.840    42.787    -1.66    2.89
  83205.768    42.295    -1.71    3.51
  83492.676    41.435    -3.00    4.15
  83779.564    40.677    -2.64    4.30
  84066.434    40.114    -1.96    4.14
  84353.285    39.339    -2.70    3.83
  84640.116    38.940    -1.39    3.48
  84926.928    38.510    -1.50    2.94
  85213.721    38.002    -1.77    2.36
