# NaN NaN NaN ;Mean Elev.(m), Avg Gradient(m/km), RMS Gradient(m/km) - SRTM1     
#   23.606     NaN     NaN ;Mean Elev.(m), Avg Gradient(m/km), RMS Gradient(m/km) - ASTER GDEM
#    3.723   0.075   3.282 ;Mean Elev.(m), Avg Gradient(m/km), RMS Gradient(m/km) - GMTED2010 
   2  65.668607  64.996500     9.147     9.038  3 54674.23970129 38.529
   3  65.667583  64.997980    -2.318    -2.292  3 54684.15534465 19.917
   4  65.666669  64.998455     9.072     9.075  3 54694.07098654 32.973
   5  65.667914  64.997331    -1.528    -1.557  4 54703.98662600 23.736
   6  65.670186  64.995432     8.556     8.876  3 54713.90227646 30.481
   7  65.672825  64.994009     7.643     7.987  4 54723.81792718 30.796
   8  65.672404  64.993916     8.210     8.269  3 54733.73357546 27.994
   9  65.670579  64.995460     8.082     8.105  4 54743.64922236 32.084
  10  65.668636  64.996591     5.860     5.095  3 54753.56486891 41.520
  11  65.671030  64.996487     5.176     5.147  3 54763.48051518 40.325
  12  65.674010  64.994720     5.352     5.335  4 54773.39615879 43.257
  13  65.675422  64.993167     6.411     6.393  3 54783.31179951 37.936
  14  65.677183  64.993461     5.612     5.578  3 54793.22743814 33.368
  15  65.671705  64.994455     7.507     7.602  3 54803.14307510 25.698
  16  65.670944  64.995720     5.985     5.898  3 54813.05871223 24.187
  17  65.671428  64.996069     6.025     5.543  3 54822.97435549 23.952
  18  65.670323  64.995435     7.730     7.736  3 54832.88999557 20.090
  19  65.671684  64.995947     8.349     8.160  3 54842.80564579 18.358
  20  65.667102  64.996963     8.689     8.666  4 54852.72129440 17.276
  21  65.665228  64.998829     8.926     8.877  4 54862.63694303 17.627
  22  65.664304  64.999595     8.876     8.890  4 54872.55259163 17.714
  23  65.665124  64.998337     8.492     8.662  4 54882.46823823 17.033
  24  65.671527  64.996264     8.055     7.894  3 54892.38388194 17.478
  25  65.672716  64.994157     7.988     7.763  3 54902.29952236 17.825
  26  65.672915  64.994332     8.993     8.950  3 54912.21516133 18.329
  27  65.670599  64.995717     8.545     8.574  3 54922.13079914 16.587
  28  65.669572  64.996624     8.408     8.269  3 54932.04643630 16.547
  29  65.670109  64.995498    10.151    10.189  3 54941.96207183 13.238
  30  65.675618  64.993630     6.825     7.117  3 54951.87770601 13.473
  31  65.677835  64.992197     6.998     6.958  4 54961.79334813 32.822
  32  65.675784  64.992802     9.329     9.330  3 54971.70899663 33.970
  33  65.671319  64.994373    10.019     9.972  3 54981.62464391 31.453
  34  65.670460  64.996258    10.031    10.029  3 54991.54029123 33.106
  35  65.667402  64.996349     9.963     9.867  3 55001.45593774 43.327
  36  65.667756  64.996180     9.718     9.601  3 55011.37158274 32.180
  37  65.668316  64.995836     9.496     9.357  3 55021.28722625 38.606
  38  65.669345  64.996834     9.045     9.059  4 55031.20286884 34.510
  39  65.667021  64.997835     8.735     8.573  4 55041.11851041 26.731
  40  65.666044  64.998140     8.052     7.904  4 55051.03415058 32.625
  41  65.668622  64.996909     8.092     7.891  4 55060.94978882 30.483
  42  65.671678  64.994661     7.946     7.648  3 55070.86543077 29.009
  43  65.675966  64.993347     6.274     6.340  4 55080.78108008 47.704
  44  65.675810  64.993573     8.818     8.792  4 55090.69672735 22.515
  45  65.671736  64.994992     7.762     7.833  3 55100.61237355 26.120
  46  65.668903  64.996439     8.160     7.923  3 55110.52801942 25.841
  47  65.669294  64.996120     7.651     7.632  4 55120.44366368 33.162
  48  65.672210  64.994284     7.672     7.642  4 55130.35930537 29.622
  49  65.676145  64.992791     5.062     5.047  4 55140.27494517 42.277
  50  65.676992  64.993149     3.904     3.914  4 55150.19058383 32.926
  51  65.674418  64.994797     4.188     4.161  3 55160.10622210 30.327
  52  65.669758  64.995983     7.121     7.215  4 55170.02185975 21.820
  53  65.668476  64.996169     7.560     7.576  4 55179.93749638 19.848
  54  65.670004  64.995912     7.806     7.884  4 55189.85314372 16.642
  55  65.670323  64.996251     7.529     7.599  4 55199.76879419 16.612
  56  65.669610  64.997189     8.117     8.134  3 55209.68444389 16.746
  57  65.666489  64.997984     7.588     7.299  3 55219.60009290 15.834
  58  65.665987  64.997859     8.467     8.410  3 55229.51574120 15.485
  59  65.668514  64.996879     8.702     8.768  4 55239.43138654 15.488
  60  65.671104  64.995094     8.305     8.025  3 55249.34702822 15.827
  61  65.674513  64.994193     8.218     8.163  4 55259.26266766 15.238
  62  65.674467  64.994244     8.422     8.584  3 55269.17830607 15.698
  63  65.671482  64.994920     8.750     8.689  4 55279.09394404 14.885
  64  65.671636  64.995461     7.477     7.562  4 55289.00958100 17.357
  65  65.671922  64.994787     3.754     3.782  4 55298.92521550 23.101
  66  65.674940  64.993719     3.637     3.662  3 55308.84085933 23.344
  67  65.676958  64.993101     7.429     7.394  4 55318.75650548 37.025
  68  65.675385  64.993438     9.086     9.071  3 55328.67215038 45.384
  69  65.671659  64.994769     9.454     9.405  4 55338.58779466 38.119
  70  65.670970  64.996356     9.427     9.338  3 55348.50343885 36.881
  71  65.669254  64.996813     9.260     9.164  4 55358.41908103 36.310
  72  65.668969  64.996679     9.052     9.042  3 55368.33472119 36.355
  73  65.670556  64.996655     8.983     8.972  3 55378.25036003 34.810
  74  65.670677  64.996807     9.337     9.323  3 55388.16599795 45.685
  75  65.670591  64.996831     8.810     8.818  3 55398.08163489 31.111
  76  65.669906  64.996140     8.895     8.914  4 55407.99727923 51.640
  77  65.671458  64.995179     8.506     8.539  3 55417.91293021 32.207
  78  65.672859  64.993957     7.998     7.940  3 55427.82857771 33.257
  79  65.673917  64.993695     8.280     8.343  4 55437.74422259 32.507
  80  65.675113  64.994559     8.134     8.049  3 55447.65986625 27.914
  81  65.672049  64.995047     7.924     7.841  4 55457.57550920 33.873
  82  65.671171  64.995241     8.173     8.128  4 55467.49115164 35.604
  83  65.672328  64.994480     8.003     7.984  4 55477.40679096 32.532
  84  65.674363  64.993441     8.446     8.486  3 55487.32242717 28.190
  85  65.675378  64.992774     8.113     8.116  4 55497.23806106 30.979
  86  65.673592  64.993371     6.293     6.071  3 55507.15369776 38.803
  87  65.671402  64.994820     5.546     5.561  4 55517.06934806 44.238
  88  65.671391  64.996219     4.716     4.694  3 55526.98499762 34.306
  89  65.668743  64.996458     4.265     4.231  3 55536.90064486 32.634
  90  65.670054  64.996861     4.604     4.589  3 55546.81629027 24.130
  91  65.667952  64.997098     5.030     4.503  3 55556.73193359 22.029
  92  65.667871  64.997707     6.134     6.283  3 55566.64757626 19.935
  93  65.668012  64.997352     6.978     6.735  4 55576.56321823 19.676
  94  65.669016  64.995779     8.076     8.060  3 55586.47885831 17.598
  95  65.675586  64.994411     7.156     7.514  3 55596.39449572 18.740
  96  65.674257  64.992937     7.580     7.496  3 55606.31012936 20.074
  97  65.674886  64.992969     7.216     7.285  3 55616.22576115 20.007
  98  65.672313  64.993860     7.084     7.360  3 55626.14140329 19.818
  99  65.672214  64.994622     7.150     7.260  4 55636.05705522 19.245
 100  65.672536  64.994421     7.060     7.351  3 55645.97270503 15.747
 101  65.673670  64.993624    10.106    10.171  3 55655.88835212 13.158
 102  65.675530  64.993358     7.367     7.345  4 55665.80399483 23.268
 103  65.674724  64.993746     7.378     6.519  3 55675.71963444 39.546
 104  65.673496  64.994871     9.160     9.183  4 55685.63527234 50.781
 105  65.670855  64.995553     9.487     9.392  3 55695.55090895 34.865
 106  65.669012  64.995453     9.437     9.343  3 55705.46654432 39.488
 107  65.672094  64.995859     9.456     9.453  3 55715.38219292 44.168
 108  65.669586  64.995940     9.136     9.017  3 55725.29784160 33.301
 109  65.667912  64.996710     8.968     8.978  4 55735.21348848 36.253
 110  65.665883  64.997369     8.657     8.649  3 55745.12913404 29.651
 111  65.669459  64.997512     8.028     8.045  3 55755.04477838 28.857
 112  65.672384  64.995818     6.923     6.970  3 55764.96042018 37.345
 113  65.675176  64.993663     8.176     8.208  4 55774.87605911 27.625
 114  65.675198  64.992349     8.118     8.313  3 55784.79169471 30.110
 115  65.674334  64.993112     8.442     8.415  3 55794.70732819 25.797
 116  65.674347  64.994729     7.779     7.691  3 55804.62296625 28.342
 117  65.670916  64.995128     7.923     7.911  4 55814.53861547 29.001
 118  65.673277  64.994316     7.783     7.817  3 55824.45426287 28.058
 119  65.677418  64.993182     5.997     5.294  3 55834.36990577 37.642
 120  65.676266  64.992315     7.856     7.729  3 55844.28554435 30.356
 121  65.674157  64.993144     6.906     7.717  3 55854.20117995 35.322
 122  65.671827  64.994900     5.810     4.753  3 55864.11681798 35.666
 123  65.669327  64.996426     4.435     4.427  3 55874.03247136 38.440
 124  65.669560  64.996504     3.889     3.869  4 55883.94811952 34.616
 125  65.670444  64.995971     4.881     4.122  4 55893.86376154 29.382
 126  65.671672  64.995565     4.951     4.059  4 55903.77939816 30.668
 127  65.671579  64.996230     3.995     4.026  3 55913.69503685 29.355
 128  65.667579  64.997157     4.481     4.123  4 55923.61069064 25.099
 129  65.667007  64.997183     5.769     6.390  3 55933.52634168 22.486
 130  65.670943  64.995687     6.021     6.184  4 55943.44198856 21.701
 131  65.676046  64.993705     6.738     6.748  3 55953.35763120 19.224
 132  65.676767  64.992683     6.975     7.117  4 55963.27327038 19.265
 133  65.674291  64.993567     7.612     7.573  3 55973.18890751 18.649
 134  65.672815  64.995366     7.055     7.306  4 55983.10454356 17.599
 135  65.672735  64.995638     7.043     6.938  3 55993.02017771 17.322
 136  65.672468  64.994492     7.157     7.232  3 56002.93582657 18.081
 137  65.675217  64.992990     7.415     7.489  4 56012.85147606 18.524
 138  65.676804  64.992842     8.430     8.660  3 56022.76712215 13.106
 139  65.673961  64.994288     3.770     3.669  3 56032.68276531 17.967
 140  65.668632  64.996154     5.467     4.828  4 56042.59840621 30.432
 141  65.666622  64.997259     7.851     7.860  4 56052.51404485 34.779
 142  65.667612  64.996798     9.227     9.232  4 56062.42968064 37.329
 143  65.671737  64.995840     9.050     9.084  3 56072.34532124 29.317
 144  65.670746  64.995548     8.316     8.366  4 56082.26097143 32.019
 145  65.670435  64.996406     8.099     7.866  4 56092.17661921 33.274
 146  65.667649  64.997202     8.093     7.902  4 56102.09226446 34.259
 147  65.666560  64.996720     7.479     7.833  3 56112.00789541 36.629
 148  65.672774  64.995490     8.021     7.878  3 56121.92353501 27.091
 149  65.675768  64.993066     6.459     6.337  4 56131.83917046 31.697
 150  65.677994  64.992121     7.336     8.134  4 56141.75480647 28.827
 151  65.675189  64.993424     5.255     4.336  4 56151.67045722 35.595
 152  65.672466  64.995460     7.806     7.831  3 56161.58610631 24.237
 153  65.668206  64.995942     7.755     7.710  3 56171.50175335 28.198
 154  65.672994  64.995406     6.280     7.513  3 56181.41739672 32.410
 155  65.674499  64.993665     7.731     7.698  4 56191.33303585 28.183
 156  65.675202  64.992885     7.793     7.819  3 56201.24867221 25.471
 157  65.675517  64.994160     7.583     7.604  3 56211.16430646 27.828
 158  65.669926  64.995444     7.710     7.824  3 56221.07993825 25.563
 159  65.668872  64.997348     8.193     8.202  4 56230.99559029 26.570
 160  65.667835  64.997322     3.979     3.998  3 56240.91124303 40.859
 161  65.669196  64.996680     3.619     3.571  3 56250.82689190 34.701
 162  65.670107  64.995908     4.001     4.047  3 56260.74253600 28.452
 163  65.670126  64.996078     4.142     4.016  4 56270.65817774 28.136
 164  65.668835  64.996285     5.444     5.188  4 56280.57381767 22.865
 165  65.669352  64.996714     5.515     4.963  3 56290.48946998 21.670
 166  65.670862  64.995619     6.178     6.434  4 56300.40511810 21.638
 167  65.675403  64.994288     7.262     7.154  3 56310.32076238 18.565
 168  65.676344  64.993474     7.403     7.549  3 56320.23640403 18.610
 169  65.673351  64.994085     7.015     6.977  4 56330.15204463 18.535
 170  65.669850  64.995192     7.979     7.986  3 56340.06768451 14.989
 171  65.671521  64.995958     8.203     8.177  3 56349.98332264 15.659
 172  65.671376  64.994698     8.273     8.231  4 56359.89895950 14.965
 173  65.673495  64.993925     8.334     8.360  3 56369.81460971 14.260
 175  65.669297  64.995315     9.607     9.587  3 56389.64590194 14.497
 176  65.667359  64.997063     9.928     9.941  4 56399.56154523  8.085
 177  65.667528  64.998023     3.464     3.463  3 56409.47718608 34.563
 178  65.669198  64.997540     9.388     9.490  3 56419.39282239 32.444
 179  65.668067  64.996016     9.746     9.628  3 56429.30845700 43.238
 180  65.670277  64.996340     9.345     9.258  3 56439.22411069 36.328
 181  65.670461  64.996726     9.171     9.171  3 56449.13976169 35.420
 182  65.667213  64.996506     9.099     9.091  3 56459.05541014 38.898
 183  65.670251  64.996165     9.061     9.054  3 56468.97105582 37.114
 184  65.671454  64.995170     8.992     8.979  3 56478.88669734 31.920
 185  65.675567  64.994403     8.857     8.869  3 56488.80233524 29.266
 186  65.674488  64.993854     9.181     9.203  4 56498.71797020 46.816
 187  65.674733  64.994052     8.693     8.694  4 56508.63360415 31.386
 188  65.672186  64.994419     8.511     8.559  3 56518.54924359 28.521
 189  65.673443  64.995280     8.502     8.507  3 56528.46489785 24.635
 190  65.671315  64.994935     8.259     8.363  4 56538.38054750 31.188
 191  65.671260  64.994555     8.107     8.217  3 56548.29619325 28.044
 192  65.673516  64.995390     7.933     8.078  3 56558.21183674 26.054
 193  65.670785  64.996212     7.800     7.844  3 56568.12747884 27.729
 194  65.668469  64.997285     7.964     8.007  4 56578.04311968 30.615
 195  65.666187  64.997169     4.718     4.656  3 56587.95875679 41.912
 196  65.667304  64.996732     6.192     6.089  3 56597.87439890 42.693
 197  65.668645  64.996494     6.019     6.018  4 56607.79005039 35.262
 198  65.669033  64.996545     6.055     6.053  4 56617.70569692 30.906
 199  65.670616  64.996786     5.527     5.503  3 56627.62134025 30.383
 200  65.668855  64.996064     4.908     4.919  3 56637.53698042 25.825
 201  65.671981  64.995199     6.813     6.512  4 56647.45262295 22.391
 202  65.672083  64.994324     6.030     5.141  3 56657.36827489 25.958
 203  65.675629  64.994368     5.779     4.856  3 56667.28392287 24.183
 204  65.672839  64.994783     5.919     5.111  3 56677.19956768 23.763
 205  65.670109  64.995475     6.347     6.356  4 56687.11521129 23.645
 206  65.671441  64.995956     5.249     5.189  3 56697.03085317 23.939
 207  65.672096  64.995197     4.912     4.485  3 56706.94649032 25.622
 208  65.673453  64.994294     4.201     4.211  3 56716.86212523 27.250
 209  65.673036  64.994961     7.472     7.431  3 56726.77777825 18.788
 210  65.668040  64.996012     4.174     4.194  3 56736.69342696 28.127
 211  65.666857  64.997758     9.462     9.564  3 56746.60907263 14.105
 212  65.665616  64.998031     8.867     9.046  4 56756.52471388 14.177
 213  65.665983  64.997032     4.086     4.040  3 56766.44034941 37.890
 214  65.668438  64.996215     4.763     4.775  4 56776.35599125 30.395
 215  65.668027  64.996555     8.099     8.054  4 56786.27164771 33.276
 216  65.668852  64.997628     9.794     9.787  3 56796.18730067 39.510
 217  65.665433  64.997716     9.906     9.866  4 56806.10294859 41.229
 218  65.668527  64.997043     9.917     9.866  4 56816.01859053 41.033
 219  65.670979  64.995331     9.824     9.828  3 56825.93422888 33.182
 220  65.676128  64.994162     9.845     9.891  3 56835.84986396 36.856
 221  65.674281  64.993551     9.921     9.903  3 56845.76549525 37.359
 222  65.671534  64.994597     9.852     9.787  3 56855.68114268 34.532
 223  65.668675  64.995820     9.793     9.701  3 56865.59679604 35.779
 224  65.670228  64.996293     9.470     9.451  4 56875.51244879 37.658
 225  65.671735  64.995991     8.826     8.920  3 56885.42809837 34.116
 226  65.672490  64.995458     8.545     8.754  4 56895.34374492 32.977
 227  65.671997  64.996034     7.723     7.255  3 56905.25938832 34.862
 228  65.667709  64.997230     7.867     7.825  4 56915.17502922 30.606
 229  65.664533  64.998354     7.919     7.947  3 56925.09066837 28.286
 230  65.664793  64.998446     7.676     7.767  3 56935.00630482 32.516
 231  65.667832  64.997092     6.501     6.548  3 56944.92193614 43.243
 232  65.671305  64.996091     6.200     6.176  4 56954.83758626 42.296
 233  65.671171  64.995758     5.820     5.832  3 56964.75323589 37.217
 234  65.669716  64.996586     7.680     7.409  3 56974.66888092 21.401
 235  65.667482  64.997204     8.576     8.668  4 56984.58452146 19.509
 236  65.668639  64.996388     8.738     8.731  3 56994.50015710 18.601
 237  65.674093  64.994612     8.272     8.238  4 57004.41579709 17.752
 238  65.675006  64.993207     7.812     7.783  4 57014.33145294 18.068
 239  65.674510  64.993465     8.189     8.205  4 57024.24710388 18.610
 240  65.671158  64.995335     8.620     8.596  3 57034.16275222 18.246
 241  65.668410  64.996863     8.703     8.717  3 57044.07839814 15.981
 242  65.668937  64.996933     9.317     9.273  3 57053.99404157 17.748
 243  65.670322  64.995292     7.647     7.771  3 57063.90968031 17.160
 244  65.672610  64.994212     8.279     8.391  4 57073.82531422 14.453
 245  65.673427  64.994591     7.667     7.558  3 57083.74094455 14.935
 246  65.669381  64.996754     8.917     8.899  4 57093.65659480 14.409
 247  65.665798  64.998827    10.130    10.133  3 57103.57225149 12.042
 248  65.664224  64.998995    10.216    10.233  4 57113.48790430 11.438
 249  65.668730  64.997820     8.380     9.400  3 57123.40355149 11.328
 250  65.671304  64.996213     8.346     8.192  3 57133.31919307 10.993
 251  65.672114  64.995518     5.155     5.141  3 57143.23482988 24.823
 252  65.669231  64.995786     8.677     8.663  4 57153.15046358 38.931
 253  65.668513  64.996181    10.085    10.056  4 57163.06609738 35.477
 254  65.668675  64.996365    10.049    10.045  4 57172.98175441 36.388
 255  65.672146  64.995255     9.901     9.907  3 57182.89740855 34.526
 256  65.674908  64.993914     9.947     9.911  4 57192.81305875 35.080
 257  65.674524  64.993887     9.870     9.858  3 57202.72870624 34.643
 258  65.669914  64.995061     9.889     9.904  3 57212.64433998 36.032
 259  65.667732  64.996652    10.066    10.087  3 57222.55998373 34.348
 260  65.668887  64.997113    10.338    10.312  3 57232.47562617 34.089
 261  65.669351  64.996061    10.451    10.399  4 57242.39126573 35.717
 262  65.671101  64.994836    10.404    10.400  3 57252.30690282 35.620
 263  65.672839  64.995163    10.238    10.169  4 57262.22253828 35.904
 264  65.669238  64.996268     9.492     9.471  3 57272.13817274 39.241
 265  65.665061  64.998152     7.957     7.958  4 57282.05382989 47.845
 266  65.665160  64.998714     8.576     8.637  4 57291.96948485 30.795
 267  65.667229  64.997561     8.473     8.474  4 57301.88513665 30.565
 268  65.669284  64.995806     7.165     7.652  3 57311.80078465 28.038
 269  65.671786  64.995406     6.925     6.706  3 57321.71642952 29.131
 270  65.669853  64.996019     8.159     8.310  3 57331.63207178 41.885
 271  65.668325  64.997017     7.958     7.956  4 57341.54771205 33.889
 272  65.667242  64.996995     7.117     7.073  4 57351.46336331 26.919
 273  65.670949  64.995703     6.806     6.804  3 57361.37900828 25.406
 274  65.674356  64.993971     7.618     7.540  4 57371.29464997 21.794
 275  65.675060  64.993742     7.502     7.334  4 57381.21028942 21.244
 276  65.672792  64.994857     7.298     7.182  4 57391.12592790 20.858
 277  65.671958  64.996266     7.616     7.678  3 57401.04156554 20.942
 278  65.670163  64.996345     7.781     7.953  3 57410.95720609 18.748
 279  65.670582  64.995977     7.794     7.772  4 57420.87285818 17.327
 280  65.672362  64.996034     7.667     7.589  3 57430.78850784 18.799
 281  65.669009  64.996467     8.050     8.082  3 57440.70415509 17.272
 282  65.666764  64.997774     8.620     8.469  3 57450.61980161 17.246
 283  65.666540  64.998758     9.623     9.638  3 57460.53544681 19.064
 284  65.667448  64.998381     9.770     9.747  3 57470.45108872 16.147
 285  65.667683  64.996623    10.304    10.289  3 57480.36672643  9.433
 286  65.672254  64.995411     6.736     6.762  4 57490.28236151 19.291
 287  65.673401  64.994557     7.209     7.686  4 57500.19799425 26.566
 288  65.672925  64.995035     8.496     8.499  3 57510.11363968 34.137
 289  65.669762  64.995616    10.630    10.552  4 57520.02929510 45.395
 290  65.670742  64.996011    10.133    10.124  3 57529.94494822 35.960
 291  65.671285  64.995207    10.020    10.015  3 57539.86059800 36.007
 292  65.673415  64.994472    10.140    10.084  4 57549.77624520 40.402
 293  65.671715  64.994156    10.141    10.061  3 57559.69189077 48.710
 294  65.671345  64.995284     9.989     9.926  4 57569.60753596 36.857
 295  65.670692  64.996519     9.801     9.798  3 57579.52318079 36.170
 296  65.668201  64.996750     9.650     9.640  3 57589.43882377 39.741
 297  65.667385  64.996352     9.284     9.287  3 57599.35446416 38.252
