 -84645.635   128.111     0.00   32.00
 -84359.164   110.660   -60.92   28.94
 -84072.693    94.825   -55.28   25.40
 -83786.223    81.355   -47.02   20.69
 -83499.754    71.038   -36.01   17.92
 -83213.284    62.406   -30.13   13.99
 -82926.816    55.818   -23.00   10.56
 -82640.347    51.564   -14.85    7.72
 -82353.879    48.893    -9.32    6.50
 -82067.411    46.658    -7.80    4.88
 -81780.944    45.705    -3.33    4.01
 -81494.477    45.413    -1.02    3.93
 -81208.011    44.683    -2.55    4.50
 -80921.545    42.247    -8.50    7.54
 -80635.079    38.955   -11.49    9.76
 -80348.614    35.210   -13.07   11.13
 -80062.149    30.672   -15.84   11.32
 -79775.684    26.075   -16.05   10.24
 -79489.220    22.005   -14.21    8.02
 -79202.757    18.693   -11.56    4.35
 -78916.293    17.456    -4.32    2.34
 -78629.830    16.977    -1.67    0.67
 -78343.368    16.920    -0.20    0.00
 -78056.906    16.920     0.00    0.00
 -77770.444    16.934     0.05    0.17
 -77483.983    17.913     3.42    3.45
 -77197.522    20.068     7.52    6.21
 -76911.062    22.268     7.68    7.64
 -76624.602    24.240     6.88    8.25
 -76338.142    26.244     7.00    8.59
 -76051.683    27.934     5.90    8.60
 -75765.224    29.310     4.80    8.33
 -75478.765    30.042     2.55    8.21
 -75192.307    30.481     1.53    8.18
 -74905.850    30.970     1.71    8.06
 -74619.392    32.055     3.79    7.83
 -74332.935    33.100     3.65    6.99
 -74046.479    33.635     1.87    6.11
 -73760.023    32.870    -2.67    6.78
 -73473.567    31.499    -4.79    7.71
 -73187.112    30.920    -2.02    7.61
 -72900.657    30.513    -1.42    7.73
 -72614.203    30.363    -0.52    8.37
 -72327.749    31.410     3.65    8.77
 -72041.295    33.200     6.25    8.95
 -71754.842    35.899     9.42    8.50
 -71468.389    39.348    12.04    6.11
 -71181.936    41.734     8.33    3.76
 -70895.484    43.129     4.87    2.71
 -70609.033    43.816     2.40    2.33
 -70322.581    44.318     1.75    1.99
 -70036.130    44.598     0.98    1.47
 -69749.680    44.651     0.18    1.19
 -69463.230    44.920     0.94    1.99
 -69176.780    46.206     4.49    3.44
 -68890.331    47.791     5.53    4.44
 -68603.882    48.954     4.06    4.96
 -68317.434    49.743     2.75    5.20
 -68030.986    50.866     3.92    5.10
 -67744.538    52.281     4.94    5.33
 -67458.091    53.512     4.30    6.58
 -67171.644    55.139     5.68    7.59
 -66885.197    57.328     7.64    8.38
 -66598.751    60.797    12.11    8.96
 -66312.306    65.112    15.06    8.88
 -66025.860    69.417    15.03    8.53
 -65739.416    73.359    13.76    8.08
 -65452.971    77.009    12.74    8.10
 -65166.527    80.511    12.22    8.48
 -64880.083    84.639    14.41    9.66
 -64593.640    89.434    16.74   11.60
 -64307.197    94.927    19.18   13.54
 -64020.755   101.158    21.75   14.04
 -63734.313   107.809    23.22   12.46
 -63447.871   113.497    19.86   10.18
 -63161.430   118.123    16.15    7.91
 -62874.989   121.354    11.28    5.87
 -62588.549   122.789     5.01    4.72
 -62302.109   123.113     1.13    4.45
 -62015.669   122.316    -2.78    5.21
 -61729.230   120.005    -8.07    6.66
 -61442.791   116.977   -10.57    7.58
 -61156.352   113.835   -10.97    7.57
 -60869.914   110.685   -11.00    6.66
 -60583.477   108.277    -8.40    6.03
 -60297.039   106.268    -7.02    4.91
 -60010.602   104.786    -5.17    3.62
 -59724.166   104.223    -1.97    3.58
 -59437.730   103.998    -0.79    3.66
 -59151.294   103.625    -1.30    3.78
 -58864.859   103.144    -1.68    3.86
 -58578.424   102.754    -1.36    3.94
 -58291.990   102.358    -1.38    3.99
 -58005.556   102.350    -0.03    4.17
 -57719.122   102.554     0.71    4.32
 -57432.689   102.686     0.46    4.42
 -57146.256   102.963     0.96    4.60
 -56859.824   103.161     0.69    4.40
 -56573.391   103.644     1.68    4.21
 -56286.960   103.470    -0.61    4.56
 -56000.529   102.935    -1.87    5.58
 -55714.098   102.727    -0.72    6.45
 -55427.667   102.485    -0.85    7.05
 -55141.237   101.556    -3.24    7.63
 -54854.808   100.268    -4.50    8.22
 -54568.378    99.435    -2.91    8.74
 -54281.949   100.139     2.46    9.73
 -53995.521   101.808     5.83   10.85
 -53709.093   103.088     4.47   11.05
 -53422.665   103.705     2.15   10.98
 -53136.238   104.261     1.94   10.91
 -52849.811   104.113    -0.51   10.96
 -52563.385   102.636    -5.16   11.54
 -52276.959   100.458    -7.60   11.19
 -51990.533    98.044    -8.43    9.55
 -51704.108    96.126    -6.70    7.83
 -51417.683    95.169    -3.34    6.06
 -51131.259    94.741    -1.49    5.14
 -50844.835    95.281     1.88    4.58
 -50558.411    95.542     0.91    4.42
 -50271.988    94.628    -3.19    4.82
 -49985.565    92.587    -7.13    5.68
 -49699.142    89.907    -9.36    6.17
 -49412.720    86.818   -10.78    6.35
 -49126.299    84.217    -9.08    6.18
 -48839.877    82.681    -5.36    5.70
 -48553.457    80.845    -6.41    6.29
 -48267.036    79.383    -5.10    7.26
 -47980.616    79.043    -1.19    7.87
 -47694.196    79.245     0.70    7.85
 -47407.777    79.078    -0.58    7.42
 -47121.358    77.700    -4.81    7.24
 -46834.940    75.858    -6.43    7.97
 -46548.522    74.229    -5.69    9.00
 -46262.104    71.194   -10.59   11.51
 -45975.687    65.852   -18.65   14.91
 -45689.270    60.948   -17.12   15.70
 -45402.854    57.080   -13.50   14.96
 -45116.438    53.143   -13.75   14.22
 -44830.022    49.773   -11.76   12.71
 -44543.607    47.040    -9.54   11.00
 -44257.192    44.490    -8.90    9.98
 -43970.777    43.268    -4.27    9.58
 -43684.363    42.448    -2.86    9.32
 -43397.950    41.743    -2.46    8.47
 -43111.537    38.985    -9.63    9.05
 -42825.124    36.499    -8.68    9.43
 -42538.711    36.670     0.60    9.25
 -42252.299    39.077     8.40   11.21
 -41965.888    41.672     9.06   12.22
 -41679.476    44.146     8.64   12.17
 -41393.065    47.632    12.17   11.49
 -41106.655    52.054    15.44    7.64
 -40820.245    53.942     6.59    6.80
 -40533.835    55.406     5.11    6.27
 -40247.426    56.365     3.35    5.82
 -39961.017    57.420     3.69    5.11
 -39674.609    58.733     4.58    4.49
 -39388.201    59.083     1.22    4.20
 -39101.793    59.090     0.02    3.81
 -38815.386    58.913    -0.62    3.47
 -38528.979    58.589    -1.13    3.55
 -38242.573    58.294    -1.03    3.49
 -37956.167    58.133    -0.56    3.30
 -37669.761    57.570    -1.96    3.48
 -37383.356    56.913    -2.29    3.83
 -37096.951    56.963     0.17    3.97
 -36810.546    57.413     1.57    4.12
 -36524.142    57.254    -0.56    3.91
 -36237.739    56.836    -1.46    3.76
 -35951.336    56.465    -1.29    3.74
 -35664.933    56.413    -0.18    3.76
 -35378.530    56.585     0.60    3.94
 -35092.128    56.592     0.02    4.30
 -34805.727    56.899     1.07    4.05
 -34519.325    57.320     1.47    4.10
 -34232.924    57.516     0.68    3.97
 -33946.524    57.311    -0.72    4.33
 -33660.124    56.742    -1.98    5.11
 -33373.724    55.667    -3.75    5.60
 -33087.325    53.934    -6.05    6.22
 -32800.926    51.865    -7.22    6.56
 -32514.528    49.512    -8.22    6.90
 -32228.130    47.447    -7.21    7.57
 -31941.732    46.716    -2.55    7.71
 -31655.335    45.968    -2.61    7.43
 -31368.938    44.153    -6.34    7.84
 -31082.542    40.701   -12.05   11.17
 -30796.146    36.345   -15.21   14.04
 -30509.750    32.560   -13.22   15.14
 -30223.355    28.322   -14.80   15.25
 -29936.960    23.315   -17.48   12.96
 -29650.565    20.206   -10.86   10.06
 -29364.171    18.076    -7.44    8.72
 -29077.778    17.485    -2.06    8.96
 -28791.385    16.948    -1.88    8.73
 -28504.992    17.003     0.19    8.82
 -28218.599    18.537     5.36    9.14
 -27932.207    19.478     3.29    9.84
 -27645.816    19.170    -1.07   10.08
 -27359.424    18.115    -3.69   10.79
 -27073.033    16.927    -4.15   10.78
 -26786.643    15.431    -5.23   10.14
 -26500.253    14.116    -4.59    9.13
 -26213.863    14.330     0.75    8.76
 -25927.474    14.330     0.00    8.74
 -25641.085    15.054     2.53    9.50
 -25354.697    16.306     4.37   10.23
 -25068.309    18.381     7.25   10.79
 -24781.921    20.970     9.04   10.45
 -24495.534    21.363     1.37    9.74
 -24209.147    19.920    -5.04   10.23
 -23922.761    17.733    -7.64   11.04
 -23636.375    16.420    -4.58   11.14
 -23349.989    17.161     2.59   12.48
 -23063.597    18.041     3.07   13.70
 -22777.048    18.949     3.17   13.68
 -22490.499    21.364     8.43   13.14
 -22203.952    24.463    10.81   12.31
 -21917.406    26.477     7.03   10.72
 -21630.861    26.505     0.10   10.06
 -21344.317    25.032    -5.14   10.13
 -21057.775    23.351    -5.87    9.60
 -20771.233    20.196   -11.01    9.52
 -20484.692    17.064   -10.93    9.36
 -20198.153    15.003    -7.19    9.04
 -19911.615    15.465     1.61    9.20
 -19625.078    17.077     5.63    9.07
 -19338.542    18.557     5.17    8.75
 -19052.007    19.675     3.90    8.00
 -18765.473    19.722     0.16    7.78
 -18478.941    18.297    -4.97    7.92
 -18192.409    17.272    -3.58    7.57
 -17905.879    16.272    -3.49    7.27
 -17619.349    14.554    -6.00    6.28
 -17332.821    12.206    -8.19    6.42
 -17046.294    11.856    -1.22    6.72
 -16759.768    12.573     2.50    7.27
 -16473.244    12.885     1.09    7.54
 -16186.720    14.349     5.11    7.71
 -15900.197    15.857     5.26    8.29
 -15613.676    17.343     5.19    8.43
 -15327.156    18.997     5.77    7.42
 -15040.637    19.161     0.57    7.20
 -14754.119    18.913    -0.87    7.46
 -14467.602    18.479    -1.52    7.81
 -14181.086    17.424    -3.68    8.79
 -13894.571    15.170    -7.86    9.40
 -13608.058    12.913    -7.88    9.47
 -13321.545    12.379    -1.86    9.35
 -13035.034    10.335    -7.13    8.10
 -12748.524     7.424   -10.16    5.75
 -12462.015     6.118    -4.56    4.38
 -12175.507     5.811    -1.07    4.60
 -11889.000     5.294    -1.80    4.89
 -11602.494     5.662     1.28    6.12
 -11315.990     5.351    -1.09    6.24
 -11029.486     7.005     5.77    7.45
 -10742.984    10.056    10.65    9.03
 -10456.483    11.730     5.84    9.57
 -10169.983    13.367     5.71   10.72
  -9883.484    15.913     8.89   11.31
  -9596.986    17.420     5.26   11.51
  -9310.489    17.223    -0.69   11.49
  -9023.993    16.557    -2.33   10.93
  -8737.499    15.794    -2.66    9.97
  -8451.006    14.596    -4.18    8.21
  -8164.513    12.872    -6.02    6.85
  -7878.022    12.304    -1.98    6.23
  -7591.532    11.513    -2.76    6.55
  -7305.043    10.024    -5.20    7.33
  -7018.556     7.927    -7.32    7.36
  -6732.069     6.056    -6.53    6.99
  -6445.584     4.770    -4.49    6.78
  -6159.099     3.016    -6.12    5.79
  -5872.616     1.050    -6.86    2.36
  -5586.134     0.468    -2.03    1.28
  -5299.653     1.169     2.44    3.78
  -5013.173     1.962     2.77    7.24
  -4726.694     2.771     2.83    8.53
  -4440.217     3.620     2.96    9.08
  -4153.740     3.353    -0.93    8.11
  -3867.265     2.920    -1.51    6.28
  -3580.790     2.320    -2.09    5.17
  -3294.317     1.821    -1.74    4.60
  -3007.845     1.420    -1.40    4.18
  -2721.374     0.716    -2.46    3.19
  -2434.904     0.004    -2.48    0.45
  -2148.436    -0.073    -0.27    0.08
  -1861.968    -0.073    -0.00    0.08
  -1575.502    -0.059     0.05    0.14
  -1289.037    -0.066    -0.02    0.12
  -1002.572    -0.073    -0.02    0.08
   -716.109    -0.080    -0.02    0.00
   -429.647    -0.080     0.00    0.00
   -143.187    -0.080     0.00    0.00
    143.273    -0.080     0.00    0.00
    429.732    -0.080     0.00    0.00
    716.189    -0.052     0.10    0.16
   1002.646     0.035     0.31    0.43
   1289.101     0.141     0.37    0.78
   1575.555     0.202     0.21    0.93
   1862.008     0.204     0.01    0.94
   2148.460     0.206     0.01    0.94
   2434.910     0.332     0.44    1.06
   2721.360     0.672     1.19    1.68
   3007.808     1.606     3.26    3.00
   3294.256     2.688     3.78    3.78
   3580.702     3.399     2.48    3.99
   3867.147     3.751     1.23    3.89
   4153.591     4.286     1.87    3.75
   4440.034     4.892     2.11    4.22
   4726.476     5.205     1.09    4.63
   5012.916     6.318     3.88    5.43
   5299.356     7.756     5.02    5.76
   5585.794     8.893     3.97    5.82
   5872.232     9.254     1.26    5.90
   6158.668     8.982    -0.95    6.26
   6445.103     8.407    -2.01    6.34
   6731.537     7.648    -2.65    6.10
   7017.970     6.567    -3.78    5.59
   7304.401     5.886    -2.38    4.90
   7590.832     5.738    -0.52    4.39
   7877.261     5.817     0.28    4.02
   8163.689     5.864     0.16    3.43
   8450.117     5.820    -0.15    3.19
   8736.543     5.806    -0.05    3.31
   9022.968     5.984     0.62    4.00
   9309.391     6.206     0.77    4.37
   9595.814     6.715     1.78    4.60
   9882.236     7.505     2.76    4.68
  10168.656     8.040     1.87    4.62
  10455.076     8.544     1.76    4.57
  10741.494     8.948     1.41    4.56
  11027.911     9.316     1.28    4.73
  11314.327     9.441     0.44    4.76
  11600.742     9.352    -0.31    4.63
  11887.155     9.251    -0.35    4.17
  12173.568     8.982    -0.94    3.63
  12459.980     8.628    -1.24    2.67
  12746.390     8.104    -1.83    1.92
  13032.799     7.799    -1.07    1.28
  13319.207     7.941     0.50    1.13
  13605.614     8.229     1.00    0.88
  13892.020     8.359     0.45    0.81
  14178.425     8.420     0.22    0.84
  14464.829     8.561     0.49    0.80
  14751.231     8.627     0.23    0.77
  15037.633     8.604    -0.08    0.83
  15324.033     8.651     0.16    0.83
  15610.432     8.644    -0.02    0.82
  15896.830     8.651     0.02    0.76
  16183.227     8.765     0.40    0.77
  16469.623     8.878     0.39    0.83
  16756.017     9.005     0.44    0.90
  17042.411     9.154     0.52    0.97
  17328.803     9.358     0.71    0.99
  17615.195     9.608     0.87    1.00
  17901.585     9.859     0.88    0.96
  18187.974     9.838    -0.07    1.65
  18474.362     9.115    -2.53    3.45
  18760.749     8.215    -3.14    4.65
  19047.135     7.743    -1.65    5.05
  19333.519     7.662    -0.29    5.12
  19619.903     7.716     0.19    5.15
  19906.285     7.886     0.59    5.24
  20192.666     7.906     0.07    5.03
  20479.046     7.133    -2.70    5.02
  20765.425     5.941    -4.16    4.98
  21051.803     4.699    -4.34    4.71
  21338.180     3.506    -4.17    4.08
  21624.556     2.625    -3.08    3.53
  21910.930     1.169    -5.09    2.38
  22197.304     0.336    -2.91    1.99
  22483.676    -0.101    -1.53    2.03
  22770.047    -0.467    -1.28    2.02
  23056.417    -0.881    -1.45    1.78
  23342.786    -1.136    -0.89    1.61
  23629.154    -1.199    -0.22    1.60
  23915.521    -1.309    -0.38    1.52
  24201.886    -1.429    -0.42    1.36
  24488.251    -1.525    -0.33    1.18
  24774.614    -1.413     0.39    1.30
  25060.976    -0.724     2.41    1.99
  25347.337     0.131     2.98    2.48
  25633.697     1.010     3.07    2.65
  25920.056     1.776     2.68    2.57
  26206.414     2.417     2.24    2.23
  26492.770     2.823     1.42    1.84
  26779.126     3.025     0.71    1.72
  27065.480     3.189     0.57    1.74
  27351.833     3.339     0.52    1.77
  27638.185     3.485     0.51    1.88
  27924.536     3.370    -0.40    2.31
  28210.886     3.120    -0.87    2.78
  28497.235     2.708    -1.44    3.24
  28783.583     2.183    -1.83    3.55
  29069.929     1.601    -2.03    3.63
  29356.275     0.856    -2.60    3.45
  29642.619     0.346    -1.78    3.14
  29928.962    -0.066    -1.44    2.72
  30215.304    -0.373    -1.07    2.20
  30501.645    -0.392    -0.07    2.03
  30787.985    -0.251     0.49    2.22
  31074.324    -0.018     0.81    2.46
  31360.661     0.088     0.37    2.68
  31646.998     0.256     0.59    2.94
  31933.333     0.256     0.00    3.19
  32219.667     0.389     0.47    3.47
  32506.000     0.684     1.03    3.72
  32792.332     0.782     0.34    3.59
  33078.663     0.927     0.51    3.34
  33364.993     1.088     0.56    3.00
  33651.321     1.067    -0.07    2.77
  33937.649     1.577     1.78    2.62
  34223.975     1.978     1.40    2.37
  34510.300     2.100     0.43    2.25
  34796.625     2.020    -0.28    2.19
  35082.948     1.827    -0.67    2.11
  35369.270     1.735    -0.32    1.94
  35655.590     1.489    -0.86    1.85
  35941.910     1.035    -1.59    1.81
  36228.228     0.635    -1.40    1.65
  36514.546     0.302    -1.16    1.45
  36800.862     0.025    -0.97    1.27
  37087.177    -0.017    -0.15    1.32
  37373.491     0.155     0.60    1.58
  37659.804     0.279     0.43    1.55
  37946.116     0.256    -0.08    1.41
  38232.427     0.174    -0.29    1.27
  38518.736     0.276     0.36    1.46
  38805.081     0.536     0.91    1.88
  39091.710     0.982     1.56    2.51
  39378.337     1.476     1.72    2.95
  39664.962     1.544     0.24    2.79
  39951.585     1.674     0.45    2.71
  40238.207     1.722     0.17    2.39
  40524.827     1.509    -0.74    2.07
  40811.444     1.360    -0.52    1.73
  41098.060     1.306    -0.19    1.59
  41384.675     1.203    -0.36    1.95
  41671.287     0.927    -0.96    2.28
  41957.897     0.825    -0.36    2.56
  42244.506     1.056     0.81    2.72
  42531.113     1.356     1.04    2.84
  42817.718     1.879     1.83    3.28
  43104.321     2.776     3.13    3.65
  43390.922     3.399     2.17    4.01
  43677.521     3.814     1.45    4.63
  43964.119     3.779    -0.12    5.26
  44250.714     3.377    -1.40    5.88
  44537.308     2.434    -3.29    6.11
  44823.900     1.279    -4.03    5.77
  45110.490     0.102    -4.11    4.64
  45397.078    -0.357    -1.60    3.35
  45683.665    -0.381    -0.08    2.75
  45970.249     0.053     1.52    3.01
  46256.832     1.057     3.50    3.96
  46543.413     2.575     5.30    4.83
  46829.992     3.996     4.96    5.14
  47116.569     5.627     5.69    5.29
  47403.144     6.829     4.19    4.91
  47689.718     7.991     4.06    4.26
  47976.290     8.509     1.81    3.88
  48262.859     8.268    -0.84    3.55
  48549.427     7.798    -1.64    3.12
  48835.993     7.349    -1.57    2.68
  49122.558     6.893    -1.59    2.66
  49409.120     6.465    -1.49    2.82
  49695.681     6.410    -0.19    3.06
  49982.239     6.594     0.64    3.23
  50268.796     6.687     0.33    3.44
  50555.351     6.859     0.60    3.84
  50841.904     6.893     0.12    4.02
  51128.456     6.899     0.02    3.68
  51415.005     6.308    -2.06    3.40
  51701.553     5.822    -1.70    3.39
  51988.098     5.126    -2.43    3.33
  52274.642     4.495    -2.20    3.42
  52561.184     4.137    -1.25    3.57
  52847.725     4.530     1.37    4.03
  53134.263     5.268     2.57    4.67
  53420.799     6.770     5.24    5.32
  53707.334     8.559     6.25    5.70
  53993.867    10.263     5.95    5.56
  54280.398    11.592     4.64    5.17
  54566.927    12.774     4.13    5.10
  54853.454    14.448     5.84    5.86
  55139.980    16.081     5.70    6.90
  55426.503    17.542     5.10    8.22
  55713.025    18.722     4.12    9.05
  55999.545    19.491     2.68    9.39
  56286.063    19.726     0.82    9.31
  56572.579    19.794     0.24    9.10
  56859.094    19.351    -1.55    8.69
  57145.606    18.208    -3.99    7.48
