# NaN NaN NaN ;Mean Elev.(m), Avg Gradient(m/km), RMS Gradient(m/km) - SRTM1     
#  -12.836  -2.127   6.596 ;Mean Elev.(m), Avg Gradient(m/km), RMS Gradient(m/km) - ASTER GDEM
#    4.020  -0.766   6.082 ;Mean Elev.(m), Avg Gradient(m/km), RMS Gradient(m/km) - GMTED2010 
   2  65.881551  66.065731     6.247     6.193  8 54670.33803886 44.059
   3  65.881726  66.066508     0.417     0.494  8 54680.25368284 18.324
   4  65.879130  66.067684     5.565     5.417  8 54690.16932542 27.891
   5  65.878892  66.068140     2.307     2.303  8 54700.08496601 31.598
   6  65.880952  66.066979     4.867     4.587  8 54710.00061149 31.852
   7  65.884360  66.065117     4.540     4.695  8 54719.91626319 30.033
   8  65.885575  66.063392     3.140     3.122  8 54729.83191204 37.410
   9  65.884744  66.063003     4.117     4.180  9 54739.74755909 32.327
  10  65.882429  66.063548     5.467     5.328  8 54749.66320598 24.345
  11  65.881002  66.064198     3.597     3.832  8 54759.57885274 22.771
  12  65.883634  66.064051     4.089     4.130  8 54769.49449754 33.665
  13  65.883187  66.063300     3.222     3.236  8 54779.41013872 38.799
  14  65.886275  66.062273     2.812     2.826  9 54789.32577773 34.858
  15  65.887201  66.062287     2.639     2.642  9 54799.24141548 22.832
  16  65.882868  66.063551     2.736     2.536  8 54809.15705282 24.219
  17  65.881737  66.065084     3.163     2.956  8 54819.07269017 14.172
  18  65.881104  66.065776     3.315     3.220  8 54828.98834240 13.505
  19  65.883500  66.065809     3.528     3.651  8 54838.90398147 13.419
  20  65.883942  66.066072     4.263     4.287  8 54848.81963065 12.824
  21  65.880983  66.066844     4.728     4.709  8 54858.73527900 13.351
  22  65.882408  66.067463     3.948     4.058  8 54868.65092788 11.745
  23  65.880946  66.067059     4.642     4.704  7 54878.56657564 11.937
  24  65.879122  66.065594     4.212     4.298  8 54888.48222028 11.820
  25  65.885267  66.063544     5.376     5.328  8 54898.39786239 13.354
  26  65.884950  66.062901     5.224     5.312  9 54908.31350139 11.745
  27  65.883775  66.063550     5.384     5.312  9 54918.22913904 12.125
  28  65.879815  66.064455     5.438     5.381  8 54928.14477628 12.536
  29  65.880949  66.064279     5.574     5.527  8 54938.06041331 11.995
  30  65.884046  66.063393     6.361     6.395  9 54947.97604879  8.574
  31  65.884954  66.062570     3.221     3.225  9 54957.89168443 26.188
  32  65.888071  66.062466     5.093     5.074  9 54967.80733323 29.319
  33  65.885002  66.063426     7.135     7.145  9 54977.72298040 54.133
  34  65.881400  66.064506     6.838     6.768  8 54987.63862754 31.903
  35  65.883708  66.064893     7.134     7.186  8 54997.55427538 39.169
  36  65.879136  66.065275     6.434     6.338  8 55007.46992085 31.819
  37  65.883519  66.065482     6.252     6.285  8 55017.38556508 27.715
  38  65.883102  66.066297     6.184     6.082  8 55027.30120746 26.761
  39  65.882081  66.067415     5.889     5.891  8 55037.21684931 53.121
  40  65.879809  66.067851     5.555     5.677  8 55047.13249006 27.340
  41  65.881213  66.066720     4.723     4.578  7 55057.04812926 30.080
  42  65.882115  66.064566     4.811     4.778  8 55066.96376619 28.684
  43  65.883073  66.062826     3.573     3.542  9 55076.87941669 50.950
  44  65.886599  66.062563     3.914     4.204  9 55086.79506479 32.939
  45  65.885692  66.063634     3.621     3.403  8 55096.71071082 30.054
  46  65.882228  66.064580     4.055     4.139  7 55106.62635625 32.064
  47  65.883377  66.064085     4.294     4.142  8 55116.54200167 27.088
  48  65.883681  66.062643     4.845     4.848  9 55126.45764470 25.439
  49  65.888944  66.061445     3.175     3.167  9 55136.37328578 33.996
  50  65.885047  66.061881     2.351     2.275  9 55146.28892399 42.369
  51  65.885506  66.063518     1.937     1.891  8 55156.20456186 32.182
  52  65.880211  66.065124     2.110     2.132  8 55166.12019931 26.773
  53  65.881230  66.065793     2.297     2.299  8 55176.03583709 20.864
  54  65.880265  66.065424     2.355     2.339  8 55185.95147883 15.790
  55  65.882972  66.065219     2.301     2.273  8 55195.86713014 15.309
  56  65.880522  66.066126     2.822     2.829  8 55205.78277970 14.496
  57  65.881204  66.067472     2.499     2.342  7 55215.69842890 13.712
  58  65.879765  66.067841     2.562     2.375  8 55225.61407737 12.566
  59  65.881952  66.066150     2.481     2.415  8 55235.52972402 12.978
  60  65.883941  66.063391     2.522     2.416  9 55245.44536735 12.502
  61  65.888908  66.061300     2.582     2.593  9 55255.36100816 12.379
  62  65.888449  66.061777     3.532     3.383  9 55265.27664695 13.015
  63  65.882273  66.064066     4.058     3.908  8 55275.19228435 13.583
  64  65.879185  66.065455     5.306     5.367  8 55285.10792129 14.840
  65  65.882117  66.064549     4.095     4.258  8 55295.02355701 12.963
  66  65.885148  66.062342     6.012     5.814  9 55304.93919603 16.989
  67  65.888657  66.060873     2.691     2.482 10 55314.85484362 17.168
  68  65.887360  66.061811     4.187     4.188  9 55324.77048897 36.604
  69  65.882855  66.064139     6.914     6.952  9 55334.68613273 45.903
  70  65.880102  66.065893     6.282     6.401  8 55344.60177636 29.159
  71  65.882523  66.065895     6.213     6.143  8 55354.51741974 28.750
  72  65.882995  66.065349     6.093     6.088  8 55364.43306089 26.788
  73  65.881766  66.065222     5.982     5.930  7 55374.34870023 24.403
  74  65.881564  66.066127     5.818     5.914  7 55384.26433848 24.542
  75  65.881952  66.067222     5.853     5.700  8 55394.17997594 24.743
  76  65.880953  66.067658     5.687     5.752  7 55404.09561373 23.685
  77  65.881544  66.066065     5.624     5.702  7 55414.01126551 25.025
  78  65.883220  66.063397     5.404     5.377  9 55423.92691443 26.111
  79  65.887027  66.061284     4.819     4.806  9 55433.84256091 44.186
  80  65.885536  66.061666     4.249     3.963  9 55443.75820524 32.507
  81  65.885687  66.063405     4.541     4.469  8 55453.67384839 28.062
  82  65.883386  66.065150     4.263     4.051  8 55463.58949050 30.651
  83  65.879360  66.064830     4.073     4.385  8 55473.50513021 33.459
  84  65.884462  66.062713     4.550     4.786  9 55483.42076793 27.741
  85  65.888127  66.060892     3.813     3.726 10 55493.33640339 30.754
  86  65.887889  66.061627     2.423     2.385  9 55503.25203711 22.668
  87  65.885043  66.064059     3.334     3.347  8 55513.16768404 41.593
  88  65.883437  66.066226     2.710     2.741  8 55523.08333344 31.779
  89  65.882164  66.066748     2.128     2.118  8 55532.99898135 24.500
  90  65.883642  66.065763     2.172     2.183  8 55542.91462781 22.887
  91  65.880902  66.065148     2.295     2.303  8 55552.83027187 21.546
  92  65.881303  66.065657     2.486     2.406  8 55562.74591494 19.486
  93  65.879566  66.066819     2.699     2.703  8 55572.66155715 18.438
  94  65.881990  66.066864     2.497     2.324  7 55582.57719848 19.196
  95  65.883634  66.065256     3.021     3.057  8 55592.49283643 18.814
  96  65.882850  66.062999     3.440     3.574  9 55602.40847087 18.753
  97  65.886543  66.061565     2.410     2.365 10 55612.32410360 17.893
  98  65.883631  66.062306     3.932     3.858  9 55622.23973789 12.227
  99  65.885383  66.063928     3.627     3.513  8 55632.15539093 12.758
 100  65.883147  66.064969     3.971     3.890  8 55642.07104142 12.166
 101  65.883763  66.064388     3.818     3.696  8 55651.98668936 11.366
 102  65.886251  66.062433     6.381     6.280  9 55661.90233349 10.511
 103  65.885894  66.061456     2.874     2.890  9 55671.81797419 43.427
 104  65.887020  66.062153     4.742     4.589  9 55681.73361345 39.999
 105  65.882376  66.064497     6.964     6.997  7 55691.64925048 38.354
 106  65.880384  66.066450     6.461     6.344  8 55701.56488614 29.686
 107  65.880986  66.066991     6.445     6.480  7 55711.48052774 42.764
 108  65.881096  66.066357     6.396     6.371  8 55721.39617749 41.728
 109  65.879725  66.065929     5.969     5.912  8 55731.31182503 38.746
 110  65.883544  66.065815     5.851     5.854  8 55741.22747178 24.522
 111  65.881502  66.066132     5.800     5.643  8 55751.14311675 25.271
 112  65.879192  66.065911     5.446     5.209  8 55761.05875935 26.922
 113  65.879472  66.064863     4.424     4.700  8 55770.97439935 30.345
 114  65.884509  66.063000     4.002     4.294  8 55780.89003634 31.617
 115  65.888628  66.061996     4.178     4.090  9 55790.80567062 28.363
 116  65.887209  66.062502     4.027     4.075  9 55800.72130318 30.263
 117  65.881279  66.063880     2.553     2.492  8 55810.63695157 39.457
 118  65.882367  66.064696     4.436     4.139  8 55820.55260043 25.216
 119  65.883554  66.064352     3.691     3.332  8 55830.46824465 33.285
 120  65.884958  66.063022     4.120     4.114  9 55840.38388435 29.258
 121  65.884303  66.062239     2.945     2.862  9 55850.29952082 51.165
 122  65.885103  66.063144     4.683     4.470  8 55860.21515539 25.199
 123  65.879534  66.065126     2.422     2.405  8 55870.13080587 39.349
 124  65.883265  66.066463     1.972     1.939  8 55880.04645706 37.278
 125  65.881228  66.066881     1.788     1.786  7 55889.96210106 23.903
 126  65.879041  66.066582     2.075     1.905  8 55899.87773920 21.924
 127  65.881188  66.066310     1.849     1.844  8 55909.79337292 20.908
 128  65.883373  66.066319     1.958     1.928  8 55919.70902481 20.490
 129  65.879406  66.066215     1.910     1.888  8 55929.62467701 19.583
 130  65.884124  66.065026     1.806     1.813  8 55939.54032631 17.819
 131  65.882993  66.063406     1.997     1.878  8 55949.45597032 17.588
 132  65.886067  66.062325     2.935     3.265  9 55959.37161040 17.326
 133  65.885877  66.062535     2.638     2.569  8 55969.28724778 16.511
 134  65.885322  66.063584     1.653     1.659  8 55979.20288418 15.887
 135  65.883425  66.064278     2.622     2.437  8 55989.11851973 16.713
 136  65.884871  66.064064     2.090     2.138  8 55999.03416200 16.143
 137  65.885961  66.063230     4.169     4.336  9 56008.94981308 17.028
 138  65.885611  66.062723     4.922     4.921  9 56018.86545984 17.220
 139  65.884188  66.063148     5.678     5.646  9 56028.78110354 13.791
 140  65.882793  66.064357     5.855     5.931  8 56038.69674546 11.874
 141  65.880730  66.065620     3.510     3.452  8 56048.61238535 25.378
 142  65.882835  66.066427     5.367     5.346  8 56058.52802290 33.430
 143  65.881119  66.066609     6.267     6.286  7 56068.44365590 30.709
 144  65.880428  66.066413     5.871     5.807  8 56078.35930713 27.735
 145  65.881192  66.066401     5.668     5.593  7 56088.27495578 27.217
 146  65.881869  66.066603     5.773     5.747  7 56098.19060193 23.993
 147  65.879089  66.066155     5.315     5.059  8 56108.10624551 28.450
 148  65.883548  66.064548     5.264     5.008  8 56118.02187538 24.663
 149  65.883634  66.063013     2.968     2.894  9 56127.93751275 41.167
 150  65.886803  66.062214     4.175     4.287  9 56137.85314675 31.153
 151  65.885236  66.063012     5.183     5.197  9 56147.76879295 22.973
 152  65.880868  66.064415     2.147     2.150  8 56157.68444170 33.605
 153  65.880345  66.064962     2.736     1.831  8 56167.60008981 31.336
 154  65.884992  66.064001     2.009     1.934  8 56177.51573576 50.106
 155  65.885331  66.062875     4.314     4.310  8 56187.43137665 25.079
 156  65.885385  66.062508     4.569     4.652  8 56197.34701391 23.801
 157  65.883867  66.063780     4.733     4.955  8 56207.26264805 25.225
 158  65.881778  66.065851     2.851     2.340  7 56217.17828057 36.117
 159  65.879659  66.067242     5.057     5.092  8 56227.09392307 25.667
 160  65.879567  66.067002     2.031     2.044  8 56237.00957779 44.505
 161  65.881606  66.066077     1.723     1.630  7 56246.92522885 41.720
 162  65.881506  66.065664     1.902     1.895  7 56256.84087464 39.315
 163  65.879474  66.066387     1.776     1.752  8 56266.75651667 30.716
 164  65.883340  66.066879     1.697     1.657  8 56276.67215756 28.042
 165  65.879326  66.066488     1.845     1.833  8 56286.58780438 17.830
 166  65.882855  66.064290     1.940     1.801  8 56296.50345454 19.133
 167  65.887116  66.061952     2.439     2.602  9 56306.41910075 16.150
 168  65.887257  66.061403     2.492     2.555 10 56316.33474345 16.814
 169  65.885009  66.063091     2.145     2.015  9 56326.25038420 16.665
 170  65.883730  66.065052     2.152     1.917  8 56336.16602410 17.233
 171  65.882754  66.065564     1.808     1.664  8 56346.08166271 14.103
 172  65.879994  66.064432     1.616     1.630  8 56355.99729877 13.962
 173  65.884829  66.062632     1.786     1.676  9 56365.91294606 13.935
 174  65.887489  66.062341     1.736     1.753  9 56375.82859502 13.588
 176  65.881216  66.066549     3.181     3.466  8 56395.65988378 12.986
 177  65.880222  66.067676     5.315     5.616  8 56405.57552522  6.820
 178  65.880586  66.067366     2.230     2.271  7 56415.49116354 31.886
 179  65.879783  66.066168     4.670     4.636  8 56425.40679696 38.193
 180  65.883076  66.065363     6.382     6.361  8 56435.32244556 28.301
 181  65.881915  66.065690     6.158     6.143  8 56445.23809739 27.879
 182  65.882353  66.066646     5.988     5.981  8 56455.15374693 26.960
 183  65.879450  66.066457     6.254     6.264  8 56465.06939321 28.320
 184  65.882608  66.064524     5.938     5.913  8 56474.98503641 24.387
 185  65.883957  66.062195     5.903     5.877  9 56484.90067599 54.892
 186  65.887786  66.061398     5.776     5.768 10 56494.81631273 40.257
 187  65.884645  66.063096     5.635     5.607  9 56504.73194687 27.101
 188  65.884516  66.065496     5.628     5.516  8 56514.64757970 24.875
 189  65.881193  66.066313     4.913     4.944  8 56524.56323163 53.490
 190  65.884513  66.064876     4.583     4.179  8 56534.47888320 29.281
 192  65.883334  66.062707     2.909     2.756  9 56554.31017512 37.417
 193  65.883052  66.064564     4.524     4.443  8 56564.22581784 26.093
 194  65.880428  66.067192     3.515     3.608  7 56574.14145903 24.929
 195  65.879834  66.068562     3.051     3.105  7 56584.05709781 23.901
 196  65.880533  66.067897     2.826     2.781  8 56593.97273228 40.046
 197  65.880826  66.066151     3.322     2.983  8 56603.88838574 26.250
 198  65.884201  66.064951     3.139     3.060  8 56613.80403467 36.714
 199  65.883552  66.065426     3.031     3.025  8 56623.71967917 31.962
 200  65.880521  66.066259     2.621     2.598  8 56633.63532061 26.324
 201  65.880472  66.066353     2.234     2.241  8 56643.55095761 18.833
 202  65.882470  66.064621     2.442     2.441  8 56653.46660954 18.814
 203  65.887881  66.062446     2.431     2.394  9 56663.38225913 18.425
 204  65.887454  66.061629     2.829     2.925 10 56673.29790543 16.509
 205  65.885746  66.063071     2.679     2.455  8 56683.21355023 16.373
 206  65.884829  66.064970     2.892     2.843  8 56693.12919299 16.091
 207  65.880467  66.066165     3.320     3.452  8 56703.04483124 16.006
 208  65.879891  66.065329     2.977     3.009  8 56712.96046470 15.081
 209  65.884678  66.063752     2.729     2.781  8 56722.87611290 15.759
 210  65.884856  66.063357     4.067     4.213  9 56732.79176388 15.114
 211  65.879400  66.065227     6.020     6.066  8 56742.70741079 14.112
 212  65.880818  66.067396     5.943     5.954  7 56752.62305396 13.923
 213  65.879864  66.068558     6.637     6.645  7 56762.53869167  5.891
 214  65.880062  66.067937     3.331     3.397  8 56772.45432284 12.572
 215  65.882580  66.066157     3.014     3.041  8 56782.36998099 31.306
 216  65.882907  66.065023     5.777     5.685  8 56792.28563525 39.417
 217  65.882111  66.065057     6.493     6.509  7 56802.20128653 29.879
 218  65.882192  66.065626     6.416     6.381  8 56812.11693032 31.288
 219  65.881790  66.065564     6.950     6.965  7 56822.03257010 48.887
 220  65.885173  66.064346     7.085     7.140  8 56831.94820604 40.380
 221  65.883841  66.063079     6.928     6.855  8 56841.86383819 50.091
 222  65.884879  66.062741     6.470     6.538  8 56851.77947659 26.356
 223  65.882433  66.063680     6.322     6.381  8 56861.69513064 26.681
 224  65.883445  66.065029     6.372     6.350  8 56871.61078438 29.352
 225  65.879993  66.065676     6.230     6.159  8 56881.52643476 52.030
 226  65.884343  66.065056     5.723     5.556  8 56891.44208219 26.448
 227  65.881576  66.064247     4.500     4.502  8 56901.35772602 30.110
 228  65.883980  66.064515     4.617     4.385  8 56911.27336833 29.320
 229  65.879755  66.065940     4.618     4.428  8 56921.18900843 28.865
 230  65.883046  66.067452     3.550     3.553  8 56931.10464705 51.722
 231  65.879276  66.068141     5.096     4.986  8 56941.02027997 22.034
 232  65.880866  66.067471     3.093     2.918  8 56950.93592033 35.492
 233  65.880577  66.066167     3.295     3.275  8 56960.85157189 29.849
 234  65.882162  66.065381     3.205     3.162  8 56970.76721863 25.732
 235  65.880158  66.065404     3.326     3.283  8 56980.68286102 25.170
 236  65.882826  66.065446     3.448     3.342  8 56990.59849941 22.451
 237  65.883599  66.065075     3.614     3.589  8 57000.51413131 16.241
 238  65.883343  66.064142     3.666     3.653  8 57010.42978691 16.022
 239  65.884537  66.063174     3.726     3.601  8 57020.34543907 16.800
 240  65.885548  66.063240     3.142     3.221  8 57030.26108824 14.216
 241  65.882656  66.064109     3.458     3.446  8 57040.17673530 14.312
 242  65.884310  66.065003     3.661     3.606  8 57050.09238060 14.145
 243  65.880733  66.065390     3.804     3.870  8 57060.00802137 13.090
 244  65.882318  66.065166     4.016     3.895  8 57069.92365697 13.262
 245  65.881532  66.065226     3.938     3.902  8 57079.83928801 12.649
 246  65.878983  66.066131     4.028     3.923  8 57089.75492648 12.578
 247  65.883162  66.067132     6.278     6.252  8 57099.67058482 12.326
 248  65.881083  66.067943     6.223     6.226  7 57109.58623957 12.435
 249  65.881730  66.067473     6.193     6.216  8 57119.50188917 11.613
 250  65.881320  66.066349     5.864     5.967  7 57129.41753275 12.024
 251  65.879414  66.065750     6.335     6.291  8 57139.33317075 11.217
 252  65.881475  66.065903     3.682     3.753  8 57149.24880546 35.001
 253  65.881421  66.066269     6.411     6.444  7 57159.16443719 42.494
 254  65.884554  66.065570     6.792     6.763  8 57169.08008780 29.801
 255  65.883901  66.064304     6.674     6.483  8 57178.99574364 29.940
 256  65.884487  66.063127     6.560     6.481  8 57188.91139551 27.285
 257  65.883683  66.063193     6.815     6.804  9 57198.82704335 51.206
 258  65.881705  66.064230     6.286     6.285  8 57208.74267737 27.579
 259  65.882204  66.065203     6.604     6.623  7 57218.65832172 28.765
 260  65.881800  66.065366     7.106     7.109  8 57228.57396500 48.450
 261  65.884237  66.064966     6.548     6.465  8 57238.48960638 31.985
 262  65.884486  66.064775     6.843     6.749  8 57248.40524436 29.981
 263  65.881042  66.065590     6.718     6.597  8 57258.32087951 30.081
 264  65.881973  66.067041     6.520     6.609  7 57268.23651382 28.729
 265  65.880896  66.068243     5.867     5.980  7 57278.15216257 25.355
 266  65.880285  66.068175     4.817     4.654  7 57288.06781871 33.650
 267  65.879407  66.066982     5.107     5.052  8 57297.98347197 30.659
 268  65.880825  66.065419     4.373     4.492  8 57307.89912184 26.673
 269  65.879585  66.064960     4.208     4.290  8 57317.81476775 46.118
 270  65.880650  66.065346     4.535     4.486  8 57327.73041064 40.940
 271  65.883367  66.066031     4.404     4.426  8 57337.64605152 28.424
 272  65.879725  66.065610     3.918     3.934  8 57347.56169921 29.050
 273  65.884653  66.063849     3.314     3.315  8 57357.47734629 27.157
 274  65.883077  66.062444     3.309     3.329  9 57367.39298937 22.740
 275  65.883131  66.062586     3.363     3.348  9 57377.30862950 21.512
 276  65.881173  66.064398     3.408     3.422  8 57387.22426764 21.157
 277  65.879389  66.066082     3.472     3.480  8 57397.13990508 20.757
 278  65.882706  66.066361     3.426     3.332  8 57407.05554173 19.998
 279  65.880652  66.065328     3.711     3.634  8 57416.97119309 16.647
 280  65.879471  66.064604     3.244     3.056  8 57426.88684397 19.398
 281  65.882060  66.065253     4.340     4.246  7 57436.80249232 18.142
 282  65.880482  66.067282     3.317     3.244  8 57446.71813869 16.628
 283  65.880450  66.068783     3.692     3.745  8 57456.63378427 15.385
 284  65.881447  66.068465     4.307     4.427  8 57466.54942763 17.243
 285  65.880717  66.066543     6.101     6.111  8 57476.46506696 13.450
 286  65.884179  66.064527     6.258     6.278  8 57486.38070338  9.742
 287  65.881118  66.064390     6.249     6.254  8 57496.29633679 14.684
 288  65.879921  66.065886     3.736     3.694  8 57506.21197224 32.173
 289  65.879978  66.066747     5.716     5.660  8 57516.12762859 31.020
 290  65.883170  66.065961     7.162     7.109  8 57526.04328261 32.120
 291  65.883810  66.063799     6.881     6.806  8 57535.95893396 31.640
 292  65.885198  66.062087     6.700     6.622  9 57545.87458258 30.069
 293  65.884012  66.062389     6.661     6.741  9 57555.79022904 30.269
 294  65.883465  66.064422     6.661     6.602  8 57565.70587413 28.151
 295  65.881987  66.066200     6.434     6.396  8 57575.62151840 33.862
 296  65.880893  66.066484     5.726     5.528  7 57585.53716195 32.538
 297  65.881692  66.065530     6.173     6.196  8 57595.45280354 27.300
