-134765.654   108.400     0.00    5.31
-134478.606   111.168     9.64    7.29
-134191.551   112.959     6.24    7.52
-133904.489   113.915     3.33    7.40
-133617.420   115.549     5.69    6.60
-133330.344   117.510     6.83    7.20
-133043.262   117.987     1.66    6.98
-132756.172   117.031    -3.33    7.21
-132469.076   115.473    -5.43    6.75
-132181.974   114.071    -4.88    5.71
-131894.864   113.052    -3.55    4.42
-131607.747   112.452    -2.09    3.52
-131320.624   112.445    -0.02    3.20
-131033.494   112.802     1.24    3.33
-130746.357   113.191     1.35    3.36
-130459.214   113.752     1.95    3.56
-130172.063   115.202     5.05    4.13
-129885.090   117.174     6.87    5.89
-129599.308   119.676     8.76    7.82
-129313.519   122.365     9.41    8.24
-129027.725   125.226    10.01    7.73
-128741.924   127.945     9.51    7.20
-128456.118   130.745     9.79    5.99
-128170.305   132.730     6.95    4.68
-127884.487   134.149     4.96    3.35
-127598.662   134.938     2.76    2.65
-127312.832   135.555     2.16    2.09
-127026.995   135.763     0.73    1.72
-126741.153   135.437    -1.14    2.06
-126455.305   135.120    -1.11    2.56
-126169.450   134.764    -1.24    3.01
-125883.590   134.662    -0.36    3.09
-125597.724   134.770     0.38    3.15
-125311.851   135.279     1.78    3.34
-125025.973   136.174     3.13    3.67
-124740.089   137.506     4.66    4.16
-124454.198   139.203     5.94    4.80
-124168.302   141.043     6.43    5.21
-123882.400   143.087     7.15    4.96
-123596.492   144.850     6.17    4.15
-123310.578   145.589     2.59    3.65
-123024.657   145.283    -1.07    4.21
-122738.731   143.742    -5.39    5.53
-122452.799   141.987    -6.14    6.08
-122166.861   141.328    -2.30    6.35
-121880.917   141.122    -0.72    6.57
-121594.966   141.421     1.05    6.51
-121309.010   141.614     0.67    5.95
-121023.048   141.720     0.37    5.33
-120737.080   141.067    -2.28    5.20
-120451.106   139.572    -5.23    5.81
-120165.126   137.406    -7.57    6.08
-119879.140   135.166    -7.83    6.00
-119593.147   132.886    -7.97    5.25
-119307.149   131.191    -5.93    4.01
-119021.145   129.789    -4.90    3.34
-118735.135   128.546    -4.35    3.63
-118449.119   127.395    -4.03    4.22
-118163.097   126.021    -4.80    4.88
-117877.069   125.384    -2.23    4.79
-117591.035   125.170    -0.75    4.58
-117304.995   124.952    -0.76    4.28
-117018.948   124.824    -0.45    4.15
-116732.896   124.711    -0.40    3.89
-116446.838   124.267    -1.55    4.50
-116160.774   123.052    -4.25    6.24
-115874.704   120.988    -7.22    7.86
-115588.628   118.810    -7.61    8.53
-115302.546   116.241    -8.98    8.27
-115016.458   113.988    -7.87    7.58
-114730.364   111.815    -7.59    6.93
-114444.263   109.735    -7.27    5.49
-114158.157   107.085    -9.26    5.03
-113872.045   104.275    -9.82    5.48
-113585.927   101.669    -9.11    5.59
-113299.803    99.434    -7.81    5.19
-113013.673    97.707    -6.04    4.22
-112727.537    96.552    -4.04    3.19
-112441.394    96.053    -1.74    2.98
-112155.246    96.015    -0.13    3.27
-111869.092    96.099     0.29    3.25
-111582.932    96.170     0.25    3.19
-111296.766    96.314     0.50    3.16
-111010.593    96.604     1.01    3.28
-110724.415    96.332    -0.95    3.26
-110438.231    95.539    -2.77    3.15
-110152.041    94.509    -3.60    4.08
-109865.844    93.175    -4.66    5.04
-109579.642    92.334    -2.94    5.16
-109293.434    91.511    -2.88    4.95
-109007.219    90.379    -3.95    3.82
-108720.999    89.952    -1.49    3.38
-108434.773    90.191     0.84    3.58
-108148.540    90.566     1.31    3.71
-107862.302    90.173    -1.37    4.01
-107576.058    88.845    -4.64    4.45
-107289.807    87.726    -3.91    4.43
-107003.551    86.406    -4.61    3.68
-106717.289    85.403    -3.51    3.15
-106431.020    85.162    -0.84    3.95
-106144.746    85.273     0.39    4.55
-105858.465    85.441     0.59    5.12
-105572.179    86.382     3.29    5.75
-105285.886    87.319     3.27    5.86
-104999.588    88.649     4.65    5.59
-104713.283    89.700     3.67    5.16
-104426.972    91.311     5.62    5.68
-104140.656    92.901     5.55    5.70
-103854.333    94.642     6.08    5.86
-103568.004    96.176     5.36    6.44
-103281.670    98.091     6.69    6.43
-102995.329    99.908     6.35    6.16
-102708.982   101.865     6.83    5.69
-102422.630   102.597     2.56    5.60
-102136.271   102.712     0.40    5.62
-101849.906   101.987    -2.53    6.23
-101563.535   100.666    -4.61    7.10
-101277.158    97.867    -9.77    8.69
-100990.775    94.126   -13.07    9.44
-100704.387    90.183   -13.77    9.75
-100417.992    86.944   -11.31    9.42
-100131.591    83.452   -12.20    9.26
 -99845.184    80.898    -8.92    8.53
 -99558.771    78.441    -8.58    7.54
 -99272.352    76.491    -6.81    7.03
 -98985.926    74.448    -7.13    6.62
 -98699.495    73.232    -4.25    6.44
 -98413.058    71.931    -4.54    6.87
 -98126.615    70.103    -6.38    7.11
 -97840.166    68.010    -7.31    7.12
 -97553.710    66.137    -6.54    7.55
 -97267.249    64.318    -6.35    7.66
 -96980.782    62.087    -7.79    7.02
 -96694.308    59.852    -7.80    6.22
 -96407.829    57.043    -9.80    5.83
 -96121.344    54.152   -10.09    6.53
 -95834.852    51.016   -10.95    6.38
 -95548.355    49.031    -6.93    5.74
 -95261.851    47.887    -3.99    5.11
 -94975.342    47.469    -1.46    4.93
 -94688.826    47.847     1.32    5.03
 -94402.304    49.693     6.44    5.61
 -94115.777    52.103     8.41    5.54
 -93829.243    54.253     7.50    4.85
 -93542.703    55.707     5.08    4.53
 -93256.157    57.002     4.52    4.64
 -92969.605    58.372     4.78    4.74
 -92683.048    60.248     6.55    4.62
 -92396.484    61.810     5.45    4.75
 -92109.914    63.546     6.06    5.19
 -91823.338    66.402     9.97    7.04
 -91536.755    69.616    11.22    7.60
 -91250.167    72.055     8.51    6.75
 -90963.573    74.753     9.41    6.27
 -90676.973    76.459     5.95    6.06
 -90390.367    77.550     3.81    5.72
 -90103.754    78.575     3.58    6.06
 -89817.136    78.966     1.36    6.24
 -89530.512    79.430     1.62    6.42
 -89243.881    79.067    -1.27    8.10
 -88957.245    77.973    -3.82   10.21
 -88670.602    75.994    -6.90   11.85
 -88383.954    73.307    -9.37   12.88
 -88097.299    69.160   -14.46   13.53
 -87810.638    66.550    -9.10   13.63
 -87523.972    64.867    -5.87   12.72
 -87237.299    63.362    -5.25   11.27
 -86950.620    60.370   -10.43   10.80
 -86663.935    56.514   -13.45   10.28
 -86377.244    52.911   -12.57   11.03
 -86090.547    49.180   -13.01   11.77
 -85803.844    44.513   -16.28   11.40
 -85517.135    40.121   -15.32    9.91
 -85230.420    36.428   -12.88    7.12
 -84943.699    33.522   -10.13    4.77
 -84656.971    31.923    -5.58    3.86
 -84370.238    31.079    -2.94    4.01
 -84083.499    30.546    -1.86    3.92
 -83796.753    29.274    -4.44    3.79
 -83510.002    27.816    -5.08    2.80
 -83223.244    27.398    -1.46    2.89
 -82936.480    28.130     2.55    3.83
 -82649.711    29.490     4.74    4.38
 -82362.935    30.209     2.51    4.82
 -82076.153    30.888     2.37    5.01
 -81789.365    31.644     2.64    4.89
 -81502.571    31.702     0.20    4.56
 -81215.771    30.851    -2.97    4.95
 -80928.965    28.082    -9.65    7.91
 -80642.153    23.616   -15.57   10.60
 -80355.335    20.109   -12.23   11.64
 -80068.511    16.480   -12.65   12.41
 -79781.680    12.700   -13.18   12.27
 -79494.844     9.381   -11.57   11.44
 -79208.002     6.695    -9.37    9.83
 -78921.153     5.434    -4.39    8.07
 -78634.299     5.366    -0.24    6.89
 -78347.438     7.649     7.96    8.88
 -78060.571    11.297    12.71    9.96
 -77773.699    15.353    14.14    9.62
 -77486.820    18.705    11.68    8.32
 -77199.935    21.074     8.26    6.62
 -76913.044    21.826     2.62    6.50
 -76626.147    21.336    -1.71    7.16
 -76339.244    21.095    -0.84    6.98
 -76052.334    20.376    -2.50    6.76
 -75765.419    19.826    -1.92    6.20
 -75478.498    19.979     0.53    5.69
 -75191.570    20.319     1.18    4.84
 -74904.637    20.510     0.67    3.97
 -74617.697    20.480    -0.10    3.42
 -74330.752    20.027    -1.58    3.06
 -74043.800    20.001    -0.09    3.24
 -73756.842    19.859    -0.50    3.65
 -73469.879    19.043    -2.84    4.30
 -73182.909    17.973    -3.73    5.78
 -72895.933    16.022    -6.80    7.68
 -72608.951    13.016   -10.48    9.05
 -72321.962     9.452   -12.42    8.63
 -72034.968     6.252   -11.15    7.12
 -71747.968     4.049    -7.67    5.31
 -71460.961     2.345    -5.94    2.71
 -71173.949     2.016    -1.14    1.91
 -70886.930     2.504     1.70    2.27
 -70599.906     2.827     1.12    2.62
 -70312.875     3.060     0.81    2.64
 -70025.838     3.707     2.26    2.75
 -69738.795     4.403     2.42    2.82
 -69451.747     4.952     1.91    2.90
 -69164.691     5.546     2.07    3.30
 -68877.630     5.614     0.24    3.66
 -68590.563     6.064     1.57    3.99
 -68303.490     6.438     1.30    4.35
 -68016.655     6.755     1.10    4.32
 -67730.798     7.709     3.34    4.50
 -67444.935     8.642     3.27    5.07
 -67159.067    10.385     6.10    5.56
 -66873.194    12.512     7.44    5.98
 -66587.316    13.902     4.86    5.42
 -66301.432    15.330     5.00    4.61
 -66015.543    16.604     4.46    4.09
 -65729.649    16.874     0.94    4.07
 -65443.749    16.686    -0.66    3.94
 -65157.845    16.614    -0.25    3.66
 -64871.935    16.416    -0.69    3.20
 -64586.019    16.001    -1.45    3.23
 -64300.099    15.178    -2.88    2.92
 -64014.173    14.621    -1.95    2.77
 -63728.242    14.857     0.83    2.94
 -63442.305    15.394     1.88    3.32
 -63156.363    15.834     1.54    3.41
 -62870.416    16.959     3.93    3.98
 -62584.464    18.334     4.81    4.02
 -62298.506    19.383     3.67    3.68
 -62012.544    19.815     1.51    3.73
 -61726.575    20.445     2.20    3.71
 -61440.602    20.742     1.04    4.10
 -61154.623    20.505    -0.83    4.38
 -60868.639    19.709    -2.78    4.81
 -60582.650    18.916    -2.77    5.09
 -60296.655    18.128    -2.75    5.62
 -60010.656    17.618    -1.78    5.38
 -59724.650    17.302    -1.11    4.81
 -59438.640    17.087    -0.75    4.36
 -59152.624    16.909    -0.62    4.29
 -58866.603    16.521    -1.36    4.41
 -58580.577    15.639    -3.08    4.19
 -58294.545    15.060    -2.03    4.20
 -58008.509    14.196    -3.02    4.10
 -57722.466    13.712    -1.69    4.30
 -57436.419    14.081     1.29    4.59
 -57150.366    14.317     0.83    5.17
 -56864.308    14.524     0.72    5.60
 -56578.245    13.865    -2.30    5.83
 -56292.176    12.744    -3.92    5.68
 -56006.102    11.649    -3.83    5.67
 -55720.023    10.162    -5.20    5.98
 -55433.939     8.342    -6.36    5.82
 -55147.849     6.473    -6.53    5.36
 -54861.754     5.313    -4.05    5.43
 -54575.654     4.050    -4.41    5.32
 -54289.548     2.661    -4.86    4.28
 -54003.437     1.285    -4.81    1.92
 -53717.321     0.880    -1.42    1.02
 -53431.199     0.917     0.13    1.53
 -53145.072     0.714    -0.71    1.36
 -52858.940     0.437    -0.97    0.58
 -52572.803     0.416    -0.07    0.64
 -52286.660     0.600     0.64    0.78
 -52000.512     0.794     0.68    0.87
 -51714.359     1.057     0.92    0.91
 -51428.200     1.283     0.79    0.84
 -51142.036     1.430     0.51    0.77
 -50855.867     1.529     0.35    0.63
 -50569.693     1.586     0.20    0.51
 -50283.513     1.612     0.09    0.49
 -49997.328     1.621     0.03    0.47
 -49711.137     1.671     0.18    0.65
 -49424.942     1.771     0.35    0.78
 -49138.741     1.959     0.66    1.00
 -48852.534     2.113     0.54    1.10
 -48566.323     2.037    -0.26    1.12
 -48280.106     1.858    -0.63    1.07
 -47993.884     1.653    -0.72    1.14
 -47707.656     1.264    -1.36    1.00
 -47421.423     1.045    -0.77    1.01
 -47135.185     0.793    -0.88    0.98
 -46848.942     0.549    -0.85    0.84
 -46562.693     0.494    -0.19    0.79
 -46276.439     0.588     0.33    0.86
 -45990.180     0.700     0.39    0.95
 -45703.915     0.916     0.76    1.17
 -45417.645     1.311     1.38    1.56
 -45131.370     1.711     1.40    2.21
 -44845.090     2.113     1.40    2.51
 -44558.804     2.347     0.82    2.55
 -44272.513     2.495     0.52    2.49
 -43986.216     2.536     0.14    2.46
 -43699.914     2.180    -1.25    1.96
 -43413.607     1.653    -1.84    0.90
 -43127.295     1.606    -0.16    0.89
 -42840.977     1.477    -0.45    0.92
 -42554.654     1.420    -0.20    0.93
 -42268.326     1.399    -0.07    1.03
 -41981.992     1.191    -0.73    0.94
 -41695.653     1.030    -0.56    0.96
 -41409.309     1.221     0.67    1.57
 -41122.960     1.609     1.35    2.27
 -40836.605     2.087     1.67    2.81
 -40550.245     2.763     2.36    3.20
 -40263.879     3.230     1.63    3.39
 -39977.508     3.611     1.33    3.43
 -39691.132     3.640     0.10    3.39
 -39404.751     3.148    -1.72    3.39
 -39118.364     2.866    -0.98    3.30
 -38831.972     2.673    -0.67    3.27
 -38545.575     2.476    -0.69    3.03
 -38259.172     2.306    -0.59    2.81
 -37972.764     2.035    -0.95    2.51
 -37686.351     2.232     0.69    2.47
 -37399.932     2.757     1.83    2.48
 -37113.508     3.341     2.04    2.53
 -36827.079     3.815     1.66    2.59
 -36540.644     3.805    -0.03    2.64
 -36254.204     3.778    -0.10    2.84
 -35967.759     3.383    -1.38    2.95
 -35681.309     2.945    -1.53    2.93
 -35394.853     2.415    -1.85    2.86
 -35108.392     1.959    -1.59    2.73
 -34821.925     1.473    -1.70    2.47
 -34535.453     0.937    -1.87    2.01
 -34248.976     0.532    -1.41    1.49
 -33962.494     0.260    -0.95    1.06
 -33676.006     0.416     0.55    1.43
 -33389.513     0.802     1.35    2.16
 -33103.014     1.269     1.63    2.64
 -32816.511     1.770     1.75    2.96
 -32530.002     1.980     0.73    3.00
 -32243.487     2.095     0.40    3.02
 -31956.968     2.180     0.30    3.03
 -31670.443     2.452     0.95    3.23
 -31383.912     3.141     2.40    3.49
 -31097.377     3.938     2.78    3.68
 -30810.836     4.626     2.40    3.67
 -30524.289     5.477     2.97    3.33
 -30237.738     6.008     1.85    2.65
 -29951.181     6.349     1.19    2.24
 -29664.618     6.543     0.68    2.01
 -29378.051     6.268    -0.96    2.25
 -29091.478     5.484    -2.74    2.88
 -28804.899     4.347    -3.97    3.28
 -28518.316     3.510    -2.92    3.37
 -28231.727     2.837    -2.35    3.35
 -27945.133     2.203    -2.21    3.13
 -27658.533     1.931    -0.95    3.03
 -27371.928     1.660    -0.95    2.87
 -27085.318     1.452    -0.72    2.71
 -26798.702     1.516     0.22    2.79
 -26512.081     2.051     1.87    3.06
 -26225.455     2.714     2.31    3.27
 -25938.824     3.225     1.78    3.33
 -25652.187     4.134     3.17    3.34
 -25365.544     5.045     3.18    3.09
 -25078.897     5.280     0.82    2.94
 -24792.244     5.057    -0.78    2.97
 -24505.586     4.777    -0.98    3.08
 -24218.922     3.959    -2.85    3.28
 -23932.253     2.966    -3.46    3.29
 -23645.579     1.973    -3.46    2.94
 -23358.899     1.022    -3.32    2.19
 -23072.214     0.688    -1.16    1.77
 -22785.524     0.966     0.97    2.08
 -22498.829     1.187     0.77    2.12
 -22212.128     1.630     1.54    2.31
 -21925.421     2.124     1.72    2.47
 -21638.710     2.237     0.39    2.42
 -21351.993     2.024    -0.74    2.24
 -21065.271     1.606    -1.46    1.97
 -20778.543     0.980    -2.19    1.59
 -20491.810     0.925    -0.19    1.60
 -20205.072     1.255     1.15    2.09
 -19918.328     1.676     1.47    2.39
 -19631.579     2.343     2.32    2.56
 -19344.825     2.799     1.59    2.54
 -19058.065     3.137     1.18    2.50
 -18771.300     3.169     0.11    2.57
 -18484.530     2.466    -2.45    2.71
 -18197.754     1.752    -2.49    2.52
 -17910.973     1.382    -1.29    2.33
 -17624.187     1.085    -1.04    2.04
 -17337.395     1.143     0.20    2.01
 -17050.598     1.366     0.78    2.01
 -16763.796     1.595     0.80    2.02
 -16476.988     1.693     0.34    1.88
 -16190.175     1.847     0.54    1.70
 -15903.357     2.146     1.04    1.66
 -15616.533     2.444     1.04    1.62
 -15329.704     2.804     1.25    1.61
 -15042.869     3.283     1.67    1.57
 -14756.029     3.632     1.22    1.61
 -14469.184     3.711     0.27    1.65
 -14182.334     3.733     0.08    1.54
 -13895.478     3.644    -0.31    1.50
 -13608.617     3.662     0.06    1.57
 -13321.750     3.630    -0.11    1.56
 -13034.878     3.711     0.28    1.54
 -12748.001     3.858     0.51    1.62
 -12461.118     3.833    -0.09    1.79
 -12174.230     3.666    -0.58    2.02
 -11887.337     3.508    -0.55    2.06
 -11600.439     3.585     0.27    2.08
 -11313.535     3.714     0.45    2.16
 -11026.625     3.959     0.85    2.11
 -10739.711     4.143     0.64    1.94
 -10452.790     4.218     0.26    1.54
 -10165.865     4.606     1.35    1.43
  -9878.934     4.938     1.16    1.47
  -9591.998     5.183     0.86    1.63
  -9305.057     5.320     0.48    1.92
  -9018.110     5.484     0.57    2.24
  -8731.158     5.559     0.26    2.40
  -8444.200     5.288    -0.95    2.63
  -8157.237     4.855    -1.51    2.73
  -7870.269     4.539    -1.10    2.70
  -7583.296     4.064    -1.65    2.65
  -7296.317     3.548    -1.80    2.46
  -7009.332     2.924    -2.17    2.09
  -6722.343     2.350    -2.00    1.67
  -6435.348     2.022    -1.15    1.35
  -6148.629     1.787    -0.82    1.11
  -5862.694     1.526    -0.91    0.82
  -5576.755     1.382    -0.50    0.70
  -5290.811     1.311    -0.25    0.66
  -5004.862     1.308    -0.01    0.66
  -4718.909     1.295    -0.05    0.65
  -4432.951     1.292    -0.01    0.66
  -4146.989     1.278    -0.05    0.66
  -3861.022     1.281     0.01    0.69
  -3575.051     1.369     0.31    0.83
  -3289.075     1.403     0.12    0.90
  -3003.094     1.377    -0.09    0.87
  -2717.109     1.352    -0.09    0.84
  -2431.119     1.278    -0.26    0.81
  -2145.125     1.130    -0.52    0.88
  -1859.126     0.924    -0.72    0.91
  -1573.123     0.757    -0.58    0.89
  -1287.115     0.527    -0.80    0.85
  -1001.102     0.299    -0.80    0.68
   -715.085     0.115    -0.64    0.43
   -429.063    -0.014    -0.45    0.16
   -143.037    -0.041    -0.10    0.00
    142.994     0.169     0.73    0.92
    429.029     1.642     5.15    4.33
    715.069     4.285     9.24    7.50
   1001.114     7.781    12.22    9.32
   1287.163    10.366     9.04    9.23
   1573.217    12.570     7.71    8.65
   1859.275    14.245     5.85    7.98
   2145.338    15.109     3.02    7.51
   2431.406    14.738    -1.30    7.67
   2717.478    13.366    -4.80    7.48
   3003.554    11.677    -5.90    7.35
   3289.635    10.682    -3.48    7.10
   3575.721     9.853    -2.90    6.61
   3861.812     9.183    -2.34    6.30
   4147.907     9.357     0.61    6.18
   4434.006    10.688     4.65    6.50
   4720.110    12.987     8.04    6.50
   5006.219    14.909     6.72    5.90
   5292.332    16.304     4.88    5.01
   5578.450    17.162     3.00    3.91
   5864.573    17.339     0.62    3.31
   6150.700    16.777    -1.96    3.19
   6436.831    16.434    -1.20    3.37
   6722.968    16.552     0.41    4.89
   7009.108    17.325     2.70    6.66
   7295.254    18.015     2.41    7.93
   7581.404    18.396     1.33    8.82
   7867.558    17.637    -2.65    9.51
   8153.717    16.809    -2.90    9.94
   8439.881    15.830    -3.42    9.89
   8726.049    14.764    -3.72    9.32
   9012.222    13.139    -5.68    8.45
   9298.400    12.092    -3.66    7.44
   9584.582    11.916    -0.61    7.10
   9870.768    12.736     2.86    7.92
  10156.960    14.274     5.37    8.73
  10443.155    16.007     6.06    8.89
  10729.356    16.966     3.35    9.06
  11015.561    16.901    -0.23    9.02
  11301.770    16.259    -2.24    8.67
  11587.985    15.966    -1.02    7.96
  11874.203    15.938    -0.10    7.56
  12160.427    15.898    -0.14    7.13
  12446.655    16.239     1.19    7.06
  12732.887    17.017     2.72    6.90
  13019.124    18.010     3.47    7.13
  13305.366    19.681     5.84    7.37
  13591.612    21.707     7.08    7.14
  13877.863    23.483     6.20    5.92
  14164.118    23.498     0.05    6.59
  14450.379    22.773    -2.53    7.23
  14736.643    21.945    -2.89    7.45
  15022.912    20.931    -3.54    7.06
  15309.186    20.566    -1.28    6.83
  15595.465    20.994     1.50    6.81
  15881.748    21.512     1.81    6.33
  16168.035    22.179     2.33    5.96
  16454.327    23.378     4.19    5.35
  16740.624    23.413     0.12    5.62
  17026.926    23.001    -1.44    5.60
  17313.232    22.711    -1.01    4.93
  17599.542    22.595    -0.41    4.82
  17885.857    22.384    -0.73    4.95
  18172.177    21.480    -3.16    5.47
  18458.501    20.777    -2.45    5.69
  18744.830    20.406    -1.29    5.79
  19031.164    20.203    -0.71    5.60
  19317.502    20.285     0.28    5.36
  19603.845    20.966     2.38    5.26
  19890.192    22.167     4.20    5.22
  20176.544    23.876     5.97    4.69
  20462.901    25.037     4.06    4.05
  20749.262    25.059     0.07    3.56
  21035.627    24.709    -1.22    3.78
  21321.998    25.021     1.09    3.62
  21608.373    25.014    -0.02    3.57
  21894.752    24.854    -0.56    3.21
  22181.136    24.515    -1.18    3.20
  22467.525    24.705     0.66    3.17
  22753.918    25.274     1.98    2.95
  23040.316    25.329     0.20    3.57
  23326.719    24.709    -2.17    4.15
  23613.126    23.959    -2.62    4.50
  23899.538    23.316    -2.24    4.98
  24185.954    22.680    -2.22    4.88
  24472.375    21.455    -4.28    5.36
  24758.800    21.493     0.13    5.40
  25045.230    22.169     2.36    4.62
  25331.665    22.146    -0.08    4.20
  25618.105    21.347    -2.79    4.24
  25904.548    20.546    -2.80    4.55
  26190.997    19.911    -2.22    4.84
  26477.450    18.452    -5.09    5.56
  26763.908    17.268    -4.13    6.23
  27050.370    17.309     0.14    6.46
  27336.837    17.455     0.51    6.83
  27623.309    18.028     2.00    7.00
  27909.785    18.143     0.40    6.73
  28196.265    18.404     0.91    6.60
  28482.751    19.821     4.95    6.42
  28769.241    22.088     7.91    5.31
  29055.735    23.181     3.81    4.81
  29342.235    22.938    -0.85    5.13
  29628.738    22.767    -0.60    5.01
  29915.247    22.808     0.14    4.62
  30201.760    23.165     1.25    4.03
  30488.277    22.945    -0.77    4.13
  30774.799    22.628    -1.11    4.00
  31061.326    22.966     1.18    3.86
  31347.858    23.357     1.37    4.14
  31634.394    23.491     0.47    4.06
  31920.934    23.051    -1.54    4.00
  32207.480    23.385     1.17    3.76
  32494.029    24.138     2.63    3.96
  32780.584    24.681     1.89    4.00
  33067.143    24.587    -0.33    4.61
  33353.707    24.030    -1.94    5.21
  33640.275    24.576     1.90    5.11
  33926.848    25.329     2.63    5.27
  34213.425    25.197    -0.46    5.19
  34500.008    24.742    -1.59    4.94
  34786.594    24.719    -0.08    4.57
  35073.186    25.381     2.31    3.93
  35359.782    25.896     1.80    3.77
  35646.382    26.169     0.95    3.85
  35932.987    26.577     1.42    4.27
  36219.597    27.470     3.11    3.81
  36506.211    28.170     2.44    3.60
  36792.831    28.995     2.88    3.21
  37079.454    29.414     1.46    3.17
  37366.082    29.466     0.18    3.31
  37652.715    29.535     0.24    3.46
  37939.353    29.844     1.08    3.36
  38225.995    30.362     1.81    2.71
  38512.642    30.092    -0.94    3.03
  38799.293    29.141    -3.32    3.62
  39085.949    28.327    -2.84    4.09
  39372.609    27.773    -1.93    4.40
  39659.275    27.180    -2.07    4.50
  39945.944    26.540    -2.23    4.44
  40232.619    26.146    -1.37    4.43
  40519.298    27.292     4.00    4.14
  40805.981    28.777     5.18    3.75
  41092.670    29.550     2.70    3.61
  41379.362    29.910     1.25    3.32
  41666.060    30.162     0.88    2.52
  41952.762    30.267     0.37    2.48
  42239.469    30.001    -0.93    2.51
  42526.180    29.750    -0.87    2.51
  42812.896    28.952    -2.79    3.00
  43099.617    27.873    -3.76    3.89
  43386.342    27.237    -2.22    4.74
  43673.072    26.124    -3.88    5.15
  43959.806    24.763    -4.75    5.44
  44246.545    23.640    -3.92    4.99
  44533.289    23.172    -1.63    4.94
  44820.037    23.623     1.57    5.44
  45106.790    24.041     1.46    5.98
  45393.548    24.683     2.24    6.26
  45680.310    26.080     4.87    6.14
  45967.077    27.766     5.88    5.49
  46253.848    28.816     3.66    4.69
  46540.624    30.075     4.39    3.72
  46827.405    30.564     1.71    3.13
  47114.190    30.225    -1.18    3.71
  47400.980    29.858    -1.28    4.00
  47687.775    29.462    -1.38    3.96
  47974.574    28.945    -1.80    3.98
  48261.378    28.564    -1.33    3.60
  48548.186    28.297    -0.93    3.09
  48834.999    27.988    -1.08    2.89
  49121.817    27.880    -0.37    2.74
  49408.639    27.852    -0.10    2.55
  49695.466    27.359    -1.72    2.64
  49982.297    26.884    -1.66    2.60
  50269.134    26.432    -1.58    2.94
  50555.974    26.064    -1.28    3.17
  50842.820    25.588    -1.66    3.15
