# NaN NaN NaN ;Mean Elev.(m), Avg Gradient(m/km), RMS Gradient(m/km) - SRTM1     
#   -0.596  -0.848   4.286 ;Mean Elev.(m), Avg Gradient(m/km), RMS Gradient(m/km) - ASTER GDEM
#    5.778  -0.092   2.036 ;Mean Elev.(m), Avg Gradient(m/km), RMS Gradient(m/km) - GMTED2010 
   1  65.725254  64.590722    10.628    10.607 33 54667.29066104 41.138
   2  65.725605  64.591947     9.993    10.008 32 54677.20630562 29.262
   3  65.726258  64.593832     3.502     1.953 31 54687.12194892 27.192
   4  65.735241  64.596039     8.650     8.177 28 54697.03759121 33.792
   5  65.728040  64.593617     3.684     4.630 31 54706.95323119 46.813
   6  65.725069  64.591000     9.414     9.451 32 54716.86888273 30.955
   7  65.726151  64.589072     2.390     1.325 33 54726.78453222 26.473
   8  65.724174  64.588680     6.716     6.199 33 54736.70017987 32.786
   9  65.724738  64.590642     9.030     9.059 33 54746.61582742 31.101
  10  65.727104  64.592812     9.215     9.291 32 54756.53147475 29.085
  11  65.724852  64.592284     8.419     8.771 32 54766.44711970 30.822
  12  65.725128  64.590070     6.299     6.263 33 54776.36276163 54.746
  13  65.721166  64.587309     6.780     6.781 32 54786.27840069 35.437
  14  65.722953  64.587377     6.563     6.583 32 54796.19403920 36.634
  15  65.726492  64.589678     6.135     6.128 33 54806.10967753 28.333
  16  65.725999  64.591115     6.454     6.402 32 54816.02531481 23.669
  17  65.727939  64.592298     7.365     7.272 32 54825.94096247 23.181
  18  65.723251  64.591396     7.806     7.857 32 54835.85660132 22.072
  19  65.725695  64.592286     8.408     8.804 31 54845.77225121 18.690
  20  65.725686  64.593368     8.543     8.913 31 54855.68790024 19.343
  21  65.740670  64.597326     8.438     8.618 27 54865.60355080 16.622
  22  65.741759  64.597935     8.501     8.512 25 54875.51919944 15.196
  23  65.736523  64.596023     8.538     8.550 28 54885.43484449 13.598
  24  65.725945  64.592078     8.694     8.746 32 54895.35048545 13.854
  25  65.724604  64.590022     8.989     8.900 33 54905.26612470 14.314
  26  65.722942  64.589414     9.554     9.573 33 54915.18176286 14.729
  27  65.725191  64.590652     9.988     9.957 32 54925.09740111 15.348
  28  65.728213  64.591842     9.832     9.693 32 54935.01303870 13.500
  29  65.725297  64.590750     6.182     5.119 32 54944.92867363 19.620
  30  65.726494  64.588776     6.485     6.528 33 54954.84430648 30.248
  31  65.721084  64.586638     9.166     9.157 33 54964.75995227 39.445
  32  65.720017  64.586892    11.129    11.093 32 54974.67560033 41.557
  34  65.728005  64.591898    10.766    10.750 32 54994.50689690 28.982
  35  65.726747  64.592658    10.776    10.710 32 55004.42254320 27.884
  36  65.725215  64.592540    10.666    10.640 32 55014.33818729 28.114
  37  65.726948  64.592750    10.425    10.380 31 55024.25383028 26.128
  38  65.726552  64.593417    10.013    10.009 31 55034.16947249 36.625
  39  65.728046  64.594216     9.703     9.612 31 55044.08511414 26.839
  40  65.727910  64.593576     9.245     9.140 32 55054.00075387 28.334
  41  65.725378  64.591168     7.519     7.508 32 55063.91639101 47.289
  42  65.725700  64.589688     8.974     8.990 33 55073.83203686 27.096
  43  65.722365  64.588588     7.159     6.810 33 55083.74768452 33.650
  44  65.722775  64.589317     6.718     6.353 33 55093.66333114 41.733
  45  65.725750  64.590695     8.394     8.512 32 55103.57897793 26.765
  46  65.726452  64.591381     8.376     8.486 32 55113.49462423 27.665
  47  65.726066  64.590740     8.754     8.991 32 55123.41026788 28.655
  48  65.722826  64.589092     7.516     8.207 33 55133.32590832 30.751
  49  65.721650  64.587982     5.718     5.677 33 55143.24154685 43.838
  50  65.722317  64.588431     4.982     4.987 33 55153.15718503 35.087
  51  65.723003  64.589527     5.350     5.348 33 55163.07282358 33.307
  52  65.724963  64.590816     5.695     5.540 33 55172.98846195 23.550
  53  65.724671  64.590947     6.586     6.309 32 55182.90409884 20.878
  54  65.723534  64.591482     7.260     7.224 32 55192.81975000 18.674
  55  65.725696  64.592918     7.902     8.062 32 55202.73540031 15.305
  56  65.732998  64.595197     8.044     8.103 30 55212.65105053 16.037
  57  65.736065  64.596014     7.916     7.950 28 55222.56669982 15.075
  58  65.726039  64.593396     8.079     8.120 32 55232.48234633 15.170
  59  65.727377  64.591659     8.331     8.348 32 55242.39799074 15.338
  60  65.723942  64.589692     8.395     8.503 33 55252.31363131 15.261
  61  65.726720  64.589984     8.736     8.667 33 55262.22927036 15.341
  62  65.724868  64.590571     9.066     9.073 32 55272.14490804 15.739
  63  65.726334  64.591097     8.175     8.310 32 55282.06054582 14.407
  64  65.723534  64.589789     9.477     9.369 33 55291.97618190 15.166
  65  65.722521  64.588007     9.860     9.819 33 55301.89181624 14.162
  66  65.720814  64.587137     5.452     5.193 32 55311.80746374 41.436
  67  65.721421  64.587749     8.806     8.517 32 55321.72310926 39.034
  68  65.724599  64.589644    10.229    10.203 32 55331.63875397 28.611
  69  65.725895  64.591277    10.567    10.525 33 55341.55439849 53.757
  70  65.726799  64.591871    10.605    10.530 32 55351.47004270 53.443
  71  65.727573  64.591933    10.217    10.170 32 55361.38568468 26.875
  72  65.723556  64.591503    10.259    10.266 32 55371.30132407 28.416
  73  65.726364  64.592688     9.998     9.996 32 55381.21696272 28.018
  74  65.726350  64.593440    10.140    10.141 32 55391.13260035 27.701
  75  65.725250  64.592759     9.890     9.874 32 55401.04823650 27.547
  76  65.724413  64.591027     9.878     9.889 32 55410.96388538 32.301
  77  65.725160  64.589012     9.695     9.695 33 55420.87953521 37.338
  78  65.722459  64.587556     9.046     9.011 32 55430.79518178 29.565
  79  65.723383  64.588818     7.303     7.277 33 55440.71082659 41.014
  80  65.725874  64.590966     7.807     7.431 32 55450.62647015 30.324
  81  65.726945  64.591796     6.245     6.205 32 55460.54211291 50.689
  82  65.724650  64.590201     8.953     9.094 33 55470.45775408 28.666
  83  65.720878  64.587663     8.817     9.189 32 55480.37339201 30.318
  84  65.722589  64.586748     7.456     7.639 32 55490.28902797 32.304
  85  65.723435  64.587383     8.023     8.546 32 55500.20466179 30.253
  86  65.725117  64.589616     5.776     5.782 32 55510.12030380 52.227
  87  65.726467  64.591624     6.464     6.473 32 55520.03595386 42.553
  88  65.727138  64.592333     5.666     5.685 32 55529.95160277 37.104
  89  65.727675  64.592150     5.535     5.521 32 55539.86724989 35.635
  90  65.727450  64.592132     5.625     5.648 32 55549.78289477 25.891
  91  65.726569  64.593016     5.535     5.523 32 55559.69853803 23.971
  92  65.733238  64.595321     5.569     5.461 30 55569.61418125 20.263
  93  65.731296  64.594837     5.387     5.273 30 55579.52982255 21.513
  94  65.728462  64.592074     5.890     5.503 32 55589.44546097 19.750
  95  65.719801  64.587401     7.321     7.477 32 55599.36109563 18.290
  96  65.718380  64.585313     6.984     6.919 32 55609.27672872 18.341
  97  65.722133  64.586523     6.519     6.453 32 55619.19236087 18.764
  98  65.726405  64.590015     6.007     5.727 33 55629.10801034 18.143
  99  65.726431  64.591405     7.035     7.123 32 55639.02366145 17.451
 100  65.724098  64.589975     7.631     7.776 32 55648.93930988 14.266
 101  65.721033  64.587254    10.389    10.396 32 55658.85495502  8.894
 102  65.720365  64.586211     6.987     6.559 32 55668.77059668 36.457
 103  65.722797  64.587941     8.384     8.192 32 55678.68623651 44.812
 104  65.725068  64.590622    10.435    10.380 33 55688.60187449 31.647
 105  65.725895  64.592145    10.299    10.214 32 55698.51751087 27.866
 106  65.723482  64.591315    10.477    10.438 32 55708.43314732 55.027
 107  65.725986  64.591129    10.394    10.356 33 55718.34879845 55.938
 108  65.724708  64.591057    10.191    10.151 32 55728.26444667 27.774
 109  65.724218  64.592026    10.159    10.135 32 55738.18009349 48.286
 110  65.728449  64.593877     9.655     9.634 31 55748.09573953 48.945
 111  65.725914  64.593314     8.832     8.615 32 55758.01138253 33.096
 112  65.726132  64.591377     8.602     8.667 32 55767.92702296 24.926
 113  65.719749  64.587553     7.113     7.018 32 55777.84265957 35.825
 114  65.720941  64.585981     7.866     7.782 32 55787.75829449 27.516
 115  65.721689  64.586703     7.399     7.511 32 55797.67392812 26.859
 116  65.723984  64.589138     6.409     6.014 33 55807.58957204 34.746
 117  65.724679  64.590813     7.229     7.638 33 55817.50522128 27.994
 118  65.723315  64.589646     7.469     7.722 33 55827.42086648 28.930
 119  65.723080  64.587582     7.017     6.621 32 55837.33650735 32.337
 120  65.719484  64.585600     8.377     8.666 32 55847.25214475 28.832
 121  65.721496  64.586898     7.044     6.898 32 55857.16778051 32.370
 122  65.724766  64.590095     6.234     5.531 33 55867.08342552 30.070
 123  65.727755  64.593016     5.235     5.253 32 55876.99907814 38.089
 124  65.727338  64.593238     4.831     4.811 32 55886.91472399 30.994
 125  65.724131  64.591690     4.986     4.986 32 55896.83036373 26.565
 126  65.726375  64.590803     5.257     4.984 33 55906.74599891 23.258
 127  65.726027  64.591287     5.228     5.109 33 55916.66164409 22.979
 128  65.725254  64.592489     5.774     5.275 32 55926.57729761 21.946
 129  65.726665  64.593006     5.721     5.230 31 55936.49294796 22.294
 130  65.723883  64.590958     5.856     5.904 32 55946.40859281 20.070
 131  65.722415  64.588395     6.645     7.021 33 55956.32423322 20.267
 132  65.721835  64.587032     5.786     5.497 32 55966.23987120 19.470
 133  65.722007  64.587851     7.107     7.251 32 55976.15550831 17.533
 134  65.724191  64.589684     7.102     7.243 33 55986.07114488 17.217
 135  65.725521  64.590334     7.390     7.442 33 55995.98678116 17.636
 136  65.725069  64.589730     6.733     6.866 32 56005.90243278 18.183
 137  65.722772  64.587921     7.146     7.536 32 56015.81808014 20.583
 138  65.721911  64.587581     8.338     9.157 32 56025.73372480 19.832
 139  65.724482  64.589507     8.047     8.750 33 56035.64936819 26.625
 140  65.724501  64.591542     7.179     6.797 32 56045.56500935 36.661
 141  65.727983  64.593257    10.109    10.138 32 56055.48064800 37.128
 142  65.726889  64.592670     9.481     9.494 31 56065.39628207 36.728
 143  65.725193  64.591772     9.690     9.563 32 56075.31192739 27.042
 144  65.726078  64.592048     9.562     9.469 31 56085.22757688 31.564
 145  65.723877  64.591922     9.378     9.265 32 56095.14322367 25.720
 146  65.726188  64.592365     8.191     8.192 31 56105.05886877 54.679
 147  65.728139  64.591789     8.639     8.891 32 56114.97449926 25.800
 148  65.723288  64.589661     6.466     6.126 33 56124.89013682 37.247
 149  65.722350  64.587773     6.580     6.131 33 56134.80577078 31.491
 150  65.720289  64.586999     6.037     5.684 32 56144.72141140 34.928
 151  65.724264  64.588564     6.096     5.334 33 56154.63706201 29.945
 152  65.726522  64.590276     4.985     4.844 33 56164.55271138 39.418
 153  65.725197  64.590715     7.121     7.505 33 56174.46835819 29.308
 154  65.724698  64.590115     6.139     5.255 32 56184.38399987 32.972
 155  65.725138  64.589009     4.991     4.960 33 56194.29963780 45.598
 156  65.726914  64.588865     7.814     8.379 33 56204.21527304 27.161
 157  65.723906  64.589171     6.323     5.570 33 56214.13090631 34.262
 158  65.725790  64.590948     5.788     5.238 32 56224.04654177 38.521
 159  65.725700  64.592521     5.423     5.033 31 56233.96219779 33.001
 160  65.726075  64.592905     4.520     4.538 31 56243.87784979 38.945
 161  65.725495  64.592446     4.658     4.505 32 56253.79349685 30.205
 162  65.726521  64.592470     4.812     4.795 32 56263.70913980 28.809
 163  65.728186  64.592800     5.073     4.853 32 56273.62478102 25.772
 164  65.726177  64.592131     5.444     4.914 32 56283.54042446 23.295
 165  65.726290  64.591290     5.375     4.808 32 56293.45607595 21.570
 166  65.725564  64.589780     6.829     7.320 33 56303.37172292 17.639
 167  65.722771  64.588667     7.177     7.252 33 56313.28736562 15.189
 168  65.724160  64.589411     6.534     6.681 33 56323.20300668 15.965
 169  65.725869  64.590688     6.729     7.375 32 56333.11864718 17.894
 170  65.724204  64.590532     7.013     7.342 32 56343.03428674 16.413
 171  65.723502  64.589535     7.545     7.579 33 56352.94992402 14.851
 172  65.723416  64.588578     7.578     7.793 33 56362.86556582 15.501
 173  65.726491  64.589404     6.536     7.041 33 56372.78121525 15.083
 175  65.728182  64.592938     7.904     8.105 32 56392.61250637 18.607
 176  65.726914  64.593505     7.526     7.470 32 56402.52814897 16.281
 177  65.727806  64.593446     6.913     7.228 31 56412.44378890 30.868
 178  65.726801  64.592209     8.960     8.844 32 56422.35942357 34.659
 179  65.724718  64.591656    10.440    10.404 32 56432.27506479 27.518
 180  65.727218  64.592952    10.257    10.267 31 56442.19071770 26.365
 181  65.726425  64.593519    10.238    10.209 32 56452.10636768 27.525
 182  65.726900  64.592876    10.240    10.183 32 56462.02201522 26.899
 183  65.725546  64.590938    10.189    10.169 32 56471.93765920 25.700
 184  65.723551  64.588868    10.207    10.137 33 56481.85329962 41.496
 185  65.724216  64.588525    10.428    10.338 33 56491.76893671 55.687
 186  65.727015  64.589613    10.339    10.297 33 56501.68457163 52.488
 187  65.724981  64.589987     9.849     9.935 33 56511.60020455 30.789
 188  65.726407  64.590425     9.414     9.278 33 56521.51585060 27.962
 189  65.724761  64.589749     8.044     7.659 33 56531.43150339 28.113
 191  65.724726  64.589386     6.711     6.445 33 56551.26279759 51.570
 192  65.725393  64.591269     8.588     8.790 33 56561.17844052 25.699
 193  65.725832  64.593263     8.477     8.660 31 56571.09408232 30.674
 194  65.733262  64.595254     8.281     8.884 30 56581.00972319 27.184
 195  65.725650  64.592755     5.379     5.300 31 56590.92535821 56.000
 196  65.726853  64.591751     6.466     6.319 32 56600.84100612 37.226
 197  65.723302  64.591047     7.028     6.920 32 56610.75665582 32.893
 198  65.724453  64.592315     6.963     6.818 32 56620.67230146 33.647
 199  65.727653  64.593682     6.645     6.180 32 56630.58794426 32.749
 200  65.726889  64.592623     7.087     7.328 31 56640.50358287 25.144
 201  65.725565  64.590147     7.706     7.750 32 56650.41922943 19.915
 202  65.722711  64.587886     8.084     8.437 32 56660.33487970 20.101
 203  65.722046  64.587862     8.064     8.434 33 56670.25052679 19.201
 204  65.726517  64.590739     8.042     8.058 32 56680.16617236 18.635
 205  65.726560  64.592521     7.774     7.821 31 56690.08181568 18.412
 206  65.724080  64.591917     7.888     8.137 32 56699.99745543 17.664
 207  65.724641  64.589864     8.050     8.486 33 56709.91309065 16.932
 208  65.726421  64.588863     8.629     8.809 33 56719.82873205 16.135
 209  65.726156  64.589867     9.459     9.460 33 56729.74438427 16.258
 210  65.726875  64.592660     6.388     6.240 32 56739.66003284 14.964
 211  65.738791  64.596861     9.188     9.165 28 56749.57567856 12.004
 212  65.739263  64.597141     9.902     9.925 26 56759.49131816  9.967
 213  65.727197  64.593369     5.617     5.082 31 56769.40694999 26.185
 214  65.727399  64.592052     7.345     7.606 32 56779.32259971 38.613
 215  65.723471  64.591500    10.181    10.196 32 56789.23825486 40.320
 216  65.726371  64.593179    10.771    10.777 32 56799.15390739 30.508
 217  65.736677  64.595985    10.950    10.911 28 56809.06955448 29.082
 218  65.726763  64.593820    10.976    11.006 32 56818.98519387 32.058
 219  65.725945  64.591312    10.974    10.925 33 56828.90083034 30.718
 220  65.723322  64.588008    10.857    10.780 32 56838.81646341 32.289
 221  65.718934  64.586274    11.089    11.057 32 56848.73209442 33.435
 222  65.725874  64.589624    11.111    11.122 33 56858.64774989 32.216
 223  65.725772  64.592234    10.660    10.657 31 56868.56340365 27.331
 224  65.727821  64.593418    10.319    10.334 31 56878.47905542 34.594
 225  65.727002  64.592326     9.548     9.490 32 56888.39470345 28.182
 226  65.724600  64.590533     8.465     8.624 33 56898.31034855 29.185
 227  65.723647  64.590748     9.175     9.257 32 56908.22599141 25.544
 228  65.726464  64.593240     9.074     9.025 32 56918.14163277 25.826
 229  65.741965  64.597681     9.378     9.557 26 56928.05727340 24.076
 230  65.741157  64.597633     9.586     9.665 27 56937.97290811 25.765
 231  65.726635  64.593267     7.948     7.266 31 56947.88853906 32.908
 232  65.726831  64.591741     7.338     7.362 32 56957.80419244 43.264
 233  65.726024  64.591032     6.800     6.784 32 56967.71984046 30.104
 234  65.725000  64.591640     7.381     6.951 32 56977.63548459 24.107
 235  65.725636  64.592612     7.468     7.407 32 56987.55112441 25.568
 236  65.727507  64.592091     7.916     7.832 32 56997.46675824 19.006
 237  65.724007  64.589899     7.881     7.979 33 57007.38240494 17.461
 238  65.722745  64.588237     8.679     8.768 33 57017.29805840 18.020
 239  65.724670  64.588506     8.605     8.634 33 57027.21370875 17.158
 240  65.724082  64.590242     9.232     9.516 33 57037.12935713 18.197
 241  65.724454  64.592067     8.814     8.968 32 57047.04500302 16.017
 242  65.725268  64.592624     9.063     9.191 32 57056.96064521 15.873
 243  65.727599  64.591622     8.435     8.566 32 57066.87628202 15.860
 244  65.725943  64.590164     9.029     9.088 33 57076.79191409 14.309
 245  65.724495  64.589630     9.095     9.135 32 57086.70754406 15.979
 246  65.725266  64.592334     8.919     8.921 32 57096.62320323 13.857
 247  65.737404  64.596496    10.285    10.374 27 57106.53886073 11.369
 248  65.742422  64.597845    10.312    10.467 26 57116.45451261 10.708
 250  65.726288  64.592350     8.017     8.369 32 57136.28579548 12.122
 251  65.726238  64.591142     7.081     6.965 33 57146.20143088 35.050
 252  65.726620  64.590918    10.588    10.614 32 57156.11706396 43.508
 253  65.723488  64.590789    11.321    11.279 32 57166.03270575 44.861
 254  65.728127  64.592037    11.367    11.341 32 57175.94836277 56.705
 255  65.725926  64.590903    11.022    10.956 33 57185.86401516 31.536
 256  65.725456  64.589709    10.830    10.752 33 57195.77966363 32.648
 257  65.724771  64.589442    10.827    10.731 32 57205.69529853 29.163
 258  65.724571  64.590584    11.321    11.189 33 57215.61094385 47.939
 259  65.726008  64.592055    11.295    11.362 31 57225.52658803 33.817
 260  65.726626  64.592525    11.906    11.827 31 57235.44223009 51.022
 261  65.723116  64.591306    12.006    11.925 32 57245.35786822 47.726
 262  65.723940  64.590688    11.477    11.448 32 57255.27350420 30.374
 263  65.724398  64.591087    10.893    10.846 32 57265.18913892 30.367
 264  65.725685  64.592527    10.068     9.996 32 57275.10478103 30.399
 265  65.731664  64.594898     9.885    10.051 30 57285.02043884 28.276
 266  65.730433  64.594679     9.836     9.734 30 57294.93609293 26.789
 267  65.725834  64.593070     9.600     9.580 31 57304.85174298 23.194
 268  65.725039  64.592114     8.178     8.354 32 57314.76738958 23.121
 269  65.726757  64.592303     8.025     8.014 32 57324.68303330 53.796
 270  65.726260  64.592300     8.971     8.958 31 57334.59867490 47.041
 271  65.727461  64.592177     8.847     8.848 32 57344.51431472 40.606
 272  65.727639  64.591896     7.905     7.903 32 57354.42996878 35.917
 273  65.724988  64.590550     7.856     7.835 33 57364.34561234 31.858
 274  65.722879  64.589428     7.774     7.757 33 57374.26125255 26.865
 275  65.723160  64.589657     7.775     7.758 33 57384.17689122 24.798
 276  65.726669  64.590669     7.570     7.549 32 57394.09252980 24.340
 277  65.725352  64.590755     7.412     7.328 33 57404.00816695 23.452
 278  65.725825  64.590952     8.307     8.431 33 57413.92381317 18.063
 279  65.723664  64.590998     7.976     8.033 32 57423.83946444 18.371
 280  65.724450  64.592009     8.213     8.316 32 57433.75511320 18.453
 281  65.726893  64.593813     8.476     8.575 31 57443.67076040 19.159
 282  65.737779  64.596553     8.864     9.041 28 57453.58640778 18.225
 283  65.737657  64.596530     9.979    10.313 28 57463.50205223 18.275
 284  65.725368  64.593000    10.161    10.125 31 57473.41769167 15.776
 285  65.724085  64.591107    10.376    10.447 32 57483.33332850 13.035
 286  65.726378  64.590507     5.911     5.782 33 57493.24896275 15.307
 287  65.724689  64.590344     8.237     8.411 33 57503.16459462 34.550
 288  65.727320  64.591597    10.693    10.692 32 57513.08024726 36.904
 289  65.724856  64.591148    11.499    11.442 32 57522.99590182 51.562
 290  65.725960  64.590286    11.258    11.280 32 57532.91155434 29.765
 291  65.725034  64.589326    11.093    10.982 33 57542.82720347 32.281
 292  65.724506  64.589565    10.981    10.930 32 57552.74285000 31.236
 293  65.726047  64.591070    10.968    10.935 32 57562.65849535 31.905
 295  65.725272  64.592150    11.271    11.195 32 57582.48978459 53.446
 296  65.724089  64.591371    10.597    10.558 32 57592.40542713 30.191
 297  65.727838  64.591706    10.269    10.221 32 57602.32106766 28.450
