-150343.111    39.241     0.00    1.04
-150057.356    39.253     0.05    1.02
-149771.583    39.251    -0.01    0.95
-149485.790    39.421     0.60    0.99
-149199.978    39.271    -0.53    1.23
-148914.146    38.977    -1.03    1.49
-148628.296    38.719    -0.90    1.63
-148342.426    38.460    -0.91    1.70
-148056.537    38.121    -1.19    1.69
-147770.629    37.755    -1.28    1.59
-147484.702    37.426    -1.15    1.37
-147198.755    37.034    -1.37    1.20
-146912.789    36.706    -1.15    1.05
-146626.804    36.299    -1.42    1.03
-146340.800    35.934    -1.27    0.97
-146054.776    35.689    -0.86    0.92
-145768.733    35.477    -0.74    0.88
-145482.671    35.408    -0.24    0.94
-145196.590    35.388    -0.07    0.94
-144910.489    35.363    -0.09    0.97
-144624.369    35.329    -0.12    0.88
-144338.230    35.345     0.06    0.88
-144052.072    35.276    -0.24    0.98
-143765.894    35.163    -0.39    1.15
-143479.697    35.171     0.03    1.19
-143193.481    35.310     0.49    1.27
-142907.245    35.695     1.35    1.31
-142620.990    36.210     1.80    1.26
-142334.716    36.744     1.87    1.23
-142048.423    37.130     1.35    1.20
-141762.110    37.531     1.40    1.04
-141475.778    37.822     1.02    0.93
-141189.426    38.036     0.75    0.90
-140903.055    38.068     0.11    0.95
-140616.665    38.045    -0.08    0.92
-140330.256    37.977    -0.24    0.97
-140043.827    37.763    -0.75    1.02
-139757.379    37.427    -1.17    1.19
-139470.911    36.977    -1.57    1.50
-139184.424    36.327    -2.27    1.75
-138897.918    35.667    -2.31    1.94
-138611.392    34.909    -2.64    2.04
-138324.847    34.115    -2.77    1.82
-138038.283    33.372    -2.59    1.58
-137751.699    32.926    -1.55    1.41
-137465.096    32.643    -0.99    1.34
-137178.474    32.443    -0.70    1.30
-136891.832    32.360    -0.29    1.15
-136605.170    32.443     0.29    1.20
-136318.490    32.572     0.45    1.20
-136031.790    32.770     0.69    1.21
-135745.070    33.119     1.22    1.26
-135458.331    33.526     1.42    1.33
-135171.573    34.020     1.72    1.51
-134884.795    34.572     1.93    1.51
-134597.998    34.968     1.38    1.38
-134311.181    35.265     1.04    1.27
-134024.345    35.556     1.02    1.17
-133737.490    35.874     1.11    0.95
-133450.615    35.968     0.33    0.97
-133163.720    35.900    -0.24    0.99
-132876.806    36.029     0.45    0.92
-132589.873    36.299     0.94    0.92
-132302.920    36.595     1.03    0.98
-132015.948    37.054     1.60    1.24
-131728.956    37.438     1.34    1.36
-131441.945    37.893     1.58    1.47
-131154.914    38.536     2.24    1.47
-130867.864    39.179     2.24    1.40
-130580.794    39.689     1.77    1.24
-130293.705    40.143     1.58    1.30
-130006.596    40.538     1.37    1.27
-129719.468    40.769     0.81    1.18
-129432.320    40.918     0.52    1.10
-129145.153    41.001     0.29    0.98
-128857.966    40.994    -0.02    0.95
-128570.760    40.977    -0.06    0.96
-128283.534    40.804    -0.60    0.99
-127996.289    40.670    -0.46    1.03
-127709.024    40.451    -0.76    1.06
-127421.740    40.350    -0.35    1.07
-127134.436    40.235    -0.40    0.99
-126847.112    40.136    -0.34    0.95
-126559.769    39.986    -0.52    0.92
-126272.406    39.910    -0.26    0.82
-125985.024    39.943     0.12    0.84
-125697.622    39.951     0.03    0.85
-125410.201    39.943    -0.03    0.90
-125122.760    39.927    -0.06    0.78
-124835.299    39.876    -0.17    0.75
-124547.819    39.746    -0.45    0.73
-124260.319    39.650    -0.34    0.72
-123972.800    39.726     0.27    0.78
-123685.261    39.884     0.55    0.78
-123397.703    40.043     0.55    0.84
-123110.124    40.129     0.30    0.86
-122822.527    40.340     0.73    0.84
-122534.909    40.575     0.82    0.85
-122247.272    40.738     0.56    0.89
-121959.616    40.867     0.45    0.84
-121671.939    40.943     0.26    0.78
-121384.243    41.107     0.57    0.76
-121096.528    41.279     0.60    0.77
-120808.792    41.414     0.47    0.75
-120521.038    41.514     0.35    0.74
-120233.263    41.592     0.27    0.74
-119945.469    41.578    -0.05    0.76
-119657.655    41.282    -1.03    1.36
-119369.821    40.585    -2.42    2.27
-119081.968    39.607    -3.40    2.92
-118794.095    38.431    -4.08    3.28
-118506.202    37.389    -3.62    3.30
-118218.290    36.502    -3.08    3.11
-117930.358    35.391    -3.86    2.51
-117642.406    34.724    -2.32    1.84
-117354.435    34.189    -1.86    0.96
-117066.444    33.951    -0.83    0.00
-116778.433    34.210     0.90    0.92
-116490.402    34.786     2.00    1.72
-116202.352    35.535     2.60    2.20
-115914.282    36.426     3.09    2.48
-115626.192    37.581     4.01    2.38
-115338.083    38.493     3.17    1.90
-115049.954    39.248     2.62    1.09
-114761.805    39.582     1.16    0.82
-114473.636    39.731     0.52    0.80
-114185.447    39.654    -0.27    1.06
-113897.239    39.676     0.08    1.18
-113609.011    39.661    -0.05    1.42
-113320.763    39.751     0.31    1.70
-113032.496    39.968     0.75    2.00
-112744.208    40.167     0.69    2.17
-112455.901    40.529     1.26    2.20
-112167.574    40.776     0.86    2.17
-111879.227    41.010     0.81    2.22
-111590.861    41.089     0.28    2.26
-111302.474    41.071    -0.06    2.39
-111014.068    40.736    -1.16    2.45
-110725.642    40.571    -0.57    2.47
-110437.196    40.357    -0.74    2.42
-110148.731    40.128    -0.79    2.24
-109860.245    39.951    -0.61    1.98
-109571.740    39.935    -0.06    1.80
-109283.215    40.132     0.69    1.61
-108994.670    40.293     0.56    1.39
-108706.105    40.621     1.14    1.17
-108417.520    41.020     1.38    0.86
-108128.916    41.305     0.99    0.53
-107840.291    41.439     0.46    0.58
-107551.647    41.523     0.29    0.63
-107262.983    41.601     0.27    0.65
-106974.299    41.650     0.17    0.70
-106685.595    41.624    -0.09    0.76
-106396.871    41.565    -0.20    0.77
-106109.503    41.531    -0.12    0.71
-105824.889    41.502    -0.10    0.62
-105540.258    41.530     0.10    0.56
-105255.607    41.607     0.27    0.58
-104970.938    41.652     0.16    0.58
-104686.251    41.738     0.30    0.58
-104401.545    41.801     0.22    0.59
-104116.820    41.900     0.35    0.64
-103832.077    42.081     0.64    0.79
-103547.316    42.293     0.74    0.98
-103262.535    42.650     1.25    1.19
-102977.736    43.104     1.59    1.32
-102692.919    43.660     1.95    1.37
-102408.083    44.265     2.13    1.40
-102123.228    44.857     2.08    1.20
-101838.355    45.406     1.93    1.04
-101553.463    45.884     1.68    0.93
-101268.552    46.341     1.60    0.98
-100983.623    46.799     1.61    1.06
-100698.675    47.343     1.91    1.15
-100413.709    47.900     1.95    1.33
-100128.724    48.477     2.03    1.35
 -99843.720    49.035     1.96    1.18
 -99558.698    49.570     1.88    1.04
 -99273.657    49.994     1.49    0.91
 -98988.597    50.439     1.56    0.77
 -98703.519    50.835     1.39    0.78
 -98418.422    51.153     1.12    0.75
 -98133.306    51.578     1.49    0.74
 -97848.172    51.893     1.10    0.78
 -97563.019    52.187     1.03    0.89
 -97277.847    52.451     0.93    1.05
 -96992.657    52.618     0.58    1.18
 -96707.448    52.624     0.02    1.30
 -96422.220    52.650     0.09    1.34
 -96136.974    52.635    -0.05    1.39
 -95851.709    52.642     0.03    1.34
 -95566.425    52.632    -0.04    1.16
 -95281.123    52.780     0.52    1.02
 -94995.802    53.027     0.86    1.01
 -94710.462    53.372     1.21    1.09
 -94425.103    53.876     1.77    1.20
 -94139.726    54.468     2.07    1.14
 -93854.330    54.960     1.72    1.09
 -93568.915    55.460     1.75    0.92
 -93283.481    55.917     1.60    0.87
 -92998.029    56.249     1.16    0.90
 -92712.558    56.526     0.97    1.06
 -92427.068    56.719     0.67    1.20
 -92141.560    56.714    -0.02    1.31
 -91856.032    56.500    -0.75    1.57
 -91570.486    56.279    -0.77    1.64
 -91284.922    55.515    -2.67    1.93
 -90999.338    55.026    -1.71    2.21
 -90713.736    54.538    -1.71    2.30
 -90428.115    54.088    -1.58    2.43
 -90142.475    54.026    -0.22    2.77
 -89856.816    54.193     0.59    3.23
 -89571.138    54.519     1.14    3.39
 -89285.442    54.581     0.22    3.44
 -88999.727    54.125    -1.60    4.16
 -88713.993    53.276    -2.97    5.06
 -88428.240    51.533    -6.10    6.09
 -88142.469    49.783    -6.12    6.25
 -87856.679    48.136    -5.76    5.39
 -87570.869    46.426    -5.99    4.01
 -87285.041    44.662    -6.17    3.72
 -86999.195    42.591    -7.25    5.17
 -86713.329    40.943    -5.76    5.95
 -86427.445    39.400    -5.40    6.07
 -86141.541    39.298    -0.36    5.87
 -85855.619    39.345     0.16    6.04
 -85569.678    40.184     2.94    6.84
 -85283.718    43.175    10.46    7.53
 -84997.739    46.579    11.91    6.57
 -84711.742    49.227     9.26    4.39
 -84425.725    50.644     4.95    3.00
 -84139.690    50.271    -1.30    3.60
 -83853.636    49.035    -4.32    5.18
 -83567.562    46.618    -8.45    6.68
 -83281.470    43.543   -10.75    7.68
 -82995.359    40.271   -11.44    7.62
 -82709.230    37.020   -11.36    6.64
 -82423.081    34.080   -10.28    5.29
 -82136.913    32.115    -6.86    4.20
 -81850.727    30.530    -5.54    3.13
 -81564.521    29.201    -4.64    2.06
 -81278.297    28.337    -3.02    1.82
 -80992.054    27.564    -2.70    1.58
 -80705.792    26.900    -2.32    1.46
 -80419.510    26.045    -2.99    1.48
 -80133.210    25.342    -2.46    1.57
 -79846.891    24.584    -2.65    1.56
 -79560.553    23.773    -2.83    1.65
 -79274.197    23.143    -2.20    1.74
 -78987.821    22.405    -2.58    1.79
 -78701.426    21.883    -1.82    1.70
 -78415.012    21.374    -1.78    1.80
 -78128.579    21.265    -0.38    2.05
 -77842.128    21.447     0.63    2.34
 -77555.657    21.816     1.29    2.49
 -77269.167    22.228     1.44    2.62
 -76982.659    22.878     2.27    2.72
 -76696.131    23.589     2.48    2.51
 -76409.584    24.313     2.52    2.37
 -76123.019    25.101     2.75    2.07
 -75836.434    25.876     2.70    1.98
 -75549.830    26.655     2.72    1.88
 -75263.208    27.447     2.76    1.61
 -74976.566    28.118     2.34    1.40
 -74689.905    28.716     2.09    1.26
 -74403.226    29.262     1.91    1.16
 -74116.527    29.662     1.39    0.96
 -73829.809    30.011     1.22    0.83
 -73543.072    30.146     0.47    0.81
 -73256.317    30.282     0.47    0.83
 -72969.542    30.360     0.27    0.84
 -72682.748    30.357    -0.01    0.88
 -72395.935    30.313    -0.15    0.90
 -72109.103    30.230    -0.29    0.96
 -71822.252    30.121    -0.38    0.95
 -71535.381    30.011    -0.38    0.95
 -71248.492    29.662    -1.22    1.05
 -70961.584    29.340    -1.12    1.22
 -70674.656    28.934    -1.41    1.39
 -70387.710    28.502    -1.51    1.42
 -70100.744    27.951    -1.92    1.44
 -69813.760    27.201    -2.61    1.79
 -69526.756    26.336    -3.02    1.93
 -69239.733    25.365    -3.38    2.08
 -68952.691    24.526    -2.92    2.09
 -68665.630    23.607    -3.20    1.96
 -68378.550    22.826    -2.72    1.63
 -68091.450    22.255    -1.99    1.23
 -67804.332    21.824    -1.50    0.97
 -67517.194    21.400    -1.48    0.92
 -67230.037    20.910    -1.70    1.09
 -66942.861    20.460    -1.57    1.09
 -66655.666    20.087    -1.30    1.05
 -66368.452    19.909    -0.62    1.01
 -66081.219    19.679    -0.80    0.85
 -65793.966    19.558    -0.42    0.71
 -65506.695    19.464    -0.33    0.65
 -65219.404    19.435    -0.10    0.62
 -64932.094    19.447     0.04    0.58
 -64644.765    19.519     0.25    0.58
 -64357.417    19.497    -0.08    0.58
 -64070.049    19.542     0.16    0.63
 -63782.662    19.573     0.11    0.61
 -63495.256    19.555    -0.06    0.60
 -63207.831    19.496    -0.20    0.66
 -62920.387    19.224    -0.95    0.92
 -62632.924    18.807    -1.45    1.24
 -62345.441    18.305    -1.75    1.37
 -62057.939    17.761    -1.89    1.47
 -61770.418    17.208    -1.93    1.37
 -61482.877    16.649    -1.94    1.08
 -61195.318    16.332    -1.10    0.83
 -60907.739    16.183    -0.52    0.85
 -60620.141    16.170    -0.04    0.92
 -60332.524    16.168    -0.01    0.92
 -60044.887    16.263     0.33    0.89
 -59757.231    16.582     1.11    1.02
 -59469.556    16.908     1.14    1.11
 -59181.862    17.318     1.42    1.14
 -58894.148    17.679     1.25    1.12
 -58606.415    17.926     0.86    1.13
 -58318.663    18.268     1.19    0.91
 -58030.892    18.398     0.45    0.82
 -57743.101    18.498     0.35    0.69
 -57455.291    18.472    -0.09    0.58
 -57167.462    18.318    -0.54    0.55
 -56879.613    18.163    -0.54    0.50
 -56591.746    17.951    -0.73    0.61
 -56303.858    17.807    -0.50    0.66
 -56015.952    17.653    -0.54    0.70
 -55728.026    17.476    -0.61    0.74
 -55440.081    17.382    -0.32    0.68
 -55152.116    17.285    -0.34    0.64
 -54864.133    17.132    -0.53    0.60
 -54576.130    17.097    -0.12    0.53
 -54288.107    17.105     0.03    0.54
 -54000.065    17.035    -0.24    0.60
 -53712.004    16.876    -0.55    0.62
 -53423.924    16.624    -0.88    0.70
 -53135.824    16.265    -1.24    0.91
 -52847.705    15.870    -1.37    1.11
 -52559.566    15.384    -1.69    1.20
 -52271.408    14.762    -2.16    1.16
 -51983.231    14.201    -1.94    1.18
 -51695.034    13.560    -2.23    1.15
 -51406.818    12.951    -2.11    1.17
 -51118.583    12.375    -2.00    1.09
 -50830.328    11.811    -1.96    1.19
 -50542.054    11.276    -1.85    1.21
 -50253.760    11.062    -0.74    1.59
 -49965.447    10.951    -0.38    1.85
 -49677.115    10.877    -0.26    2.02
 -49388.763    11.078     0.70    2.14
 -49100.392    11.145     0.23    2.08
 -48812.001    11.099    -0.16    2.08
 -48523.591    11.143     0.15    1.94
 -48235.161    11.122    -0.07    1.77
 -47946.712    11.360     0.82    1.46
 -47658.244    11.535     0.61    1.23
 -47369.756    11.738     0.70    1.16
 -47081.248    11.857     0.41    1.02
 -46792.722    11.803    -0.19    1.00
 -46504.175    11.685    -0.41    1.07
 -46215.610    11.502    -0.63    1.10
 -45927.024    11.263    -0.83    1.00
 -45638.420    11.151    -0.39    0.90
 -45349.796    11.087    -0.22    0.79
 -45061.152    11.105     0.06    0.75
 -44772.489    11.244     0.48    0.71
 -44483.806    11.426     0.63    0.56
 -44196.870    11.447     0.07    0.50
 -43912.217    11.523     0.27    0.51
 -43627.546    11.582     0.21    0.50
 -43342.856    11.635     0.19    0.55
 -43058.149    11.640     0.02    0.63
 -42773.423    11.561    -0.28    0.74
 -42488.679    11.498    -0.22    0.80
 -42203.917    11.299    -0.70    0.83
 -41919.136    11.138    -0.56    0.88
 -41634.338    10.794    -1.21    0.90
 -41349.521    10.472    -1.13    0.77
 -41064.686    10.158    -1.10    0.83
 -40779.833     9.751    -1.43    0.91
 -40494.961     9.285    -1.64    1.04
 -40210.072     8.726    -1.96    1.19
 -39925.164     8.076    -2.28    1.34
 -39640.238     7.443    -2.22    1.33
 -39355.294     6.836    -2.13    1.23
 -39070.331     6.435    -1.41    1.09
 -38785.350     6.112    -1.13    1.05
 -38500.351     6.035    -0.27    1.26
 -38215.334     6.155     0.42    1.33
 -37930.299     6.321     0.58    1.38
 -37645.245     6.587     0.93    1.30
 -37360.173     6.666     0.28    1.27
 -37075.083     6.691     0.09    1.21
 -36789.974     6.624    -0.24    1.33
 -36504.847     6.660     0.13    1.95
 -36219.702     6.797     0.48    2.74
 -35934.539     6.934     0.48    3.28
 -35649.357     7.794     3.02    4.29
 -35364.157     8.734     3.29    5.00
 -35078.939     9.699     3.39    5.30
 -34793.703    11.114     4.96    5.48
 -34508.448    12.195     3.79    5.38
 -34223.175    13.310     3.91    4.84
 -33937.883    14.553     4.36    3.93
 -33652.574    15.125     2.00    3.28
 -33367.246    15.613     1.71    2.32
 -33081.899    15.805     0.67    1.43
 -32796.535    15.691    -0.40    1.25
 -32511.152    15.492    -0.70    0.98
 -32225.750    15.244    -0.87    0.70
 -31940.330    15.550     1.07    2.02
 -31654.892    16.640     3.82    4.20
 -31369.436    18.088     5.07    5.87
 -31083.961    19.477     4.87    6.79
 -30798.468    20.480     3.51    7.22
 -30512.957    22.027     5.42    7.31
 -30227.427    22.809     2.74    6.93
 -29941.879    22.169    -2.24    6.95
 -29656.312    20.379    -6.27    6.51
 -29370.728    18.408    -6.90    4.97
 -29085.124    16.591    -6.36    3.88
 -28799.503    15.125    -5.13    3.41
 -28513.863    13.833    -4.52    3.11
 -28228.204    12.430    -4.91    2.64
 -27942.527    11.251    -4.13    2.21
 -27656.832    10.358    -3.13    1.70
 -27371.118     9.460    -3.14    1.35
 -27085.386     8.829    -2.21    1.38
 -26799.636     8.268    -1.96    1.37
 -26513.867     7.607    -2.31    1.40
 -26228.080     6.813    -2.78    1.81
 -25942.274     5.843    -3.39    2.20
 -25656.450     4.817    -3.59    2.30
 -25370.607     3.918    -3.14    2.21
 -25084.746     3.168    -2.62    1.94
 -24798.867     2.570    -2.09    1.56
 -24512.969     2.288    -0.99    1.20
 -24227.053     2.358     0.25    1.12
 -23941.118     2.635     0.97    1.32
 -23655.165     3.299     2.32    1.58
 -23369.193     3.976     2.37    1.72
 -23083.203     4.746     2.69    1.67
 -22797.194     5.724     3.42    1.34
 -22511.167     6.298     2.01    1.18
 -22225.122     6.812     1.80    1.11
 -21939.058     7.094     0.99    1.10
 -21652.975     7.141     0.17    1.12
 -21366.874     6.951    -0.66    1.31
 -21080.754     6.550    -1.40    1.48
 -20794.616     5.776    -2.70    1.59
 -20508.460     5.163    -2.14    1.70
 -20222.285     4.472    -2.41    1.67
 -19936.091     3.666    -2.82    1.55
 -19649.879     3.101    -1.97    1.40
 -19363.649     2.842    -0.91    1.24
 -19077.399     2.867     0.09    1.37
 -18791.132     3.101     0.82    1.63
 -18504.846     3.561     1.61    1.90
 -18218.541     4.262     2.45    2.00
 -17932.218     4.827     1.98    1.88
 -17645.876     5.138     1.09    1.65
 -17359.515     5.324     0.65    1.44
 -17073.136     5.310    -0.05    1.32
 -16786.739     5.093    -0.76    1.46
 -16500.323     4.498    -2.08    1.83
 -16213.888     3.643    -2.98    2.00
 -15927.435     2.821    -2.87    1.79
 -15640.963     2.187    -2.21    1.37
 -15354.473     1.762    -1.48    0.97
 -15067.964     1.583    -0.63    0.65
 -14781.437     1.607     0.09    0.51
 -14494.891     1.875     0.94    0.54
 -14208.326     2.114     0.83    0.47
 -13921.743     2.216     0.36    0.44
 -13635.141     2.226     0.04    0.45
 -13348.520     2.318     0.32    0.48
 -13061.881     2.415     0.34    0.50
 -12775.223     2.476     0.21    0.50
 -12488.547     2.512     0.13    0.50
 -12201.852     2.624     0.39    0.47
 -11915.138     2.760     0.48    0.40
 -11628.406     2.884     0.43    0.25
 -11341.655     2.951     0.24    0.00
 -11054.886     2.943    -0.03    0.09
 -10768.098     2.909    -0.12    0.20
 -10481.291     2.766    -0.50    0.39
 -10194.465     2.615    -0.53    0.47
  -9907.621     2.459    -0.54    0.50
  -9620.758     2.302    -0.55    0.48
  -9333.877     2.135    -0.58    0.45
  -9046.977     1.894    -0.84    0.49
  -8760.058     1.655    -0.83    0.48
  -8473.120     1.460    -0.68    0.50
  -8186.164     1.285    -0.61    0.47
  -7899.189     1.121    -0.57    0.38
  -7612.196     1.010    -0.39    0.24
  -7325.184     0.951    -0.20    0.00
  -7038.153     0.951     0.00    0.00
  -6751.103     0.951     0.00    0.00
  -6464.034     0.951     0.00    0.00
  -6176.947     0.951     0.00    0.00
  -5889.842     0.951     0.00    0.00
  -5602.717     0.951     0.00    0.00
  -5315.574     0.951     0.00    0.00
  -5028.412     0.951     0.00    0.00
  -4741.231     0.951     0.00    0.00
  -4454.031     0.951     0.00    0.00
  -4166.813     0.951     0.00    0.00
  -3879.576     0.951     0.00    0.00
  -3592.320     0.951     0.00    0.00
  -3305.046     0.794    -0.55    0.72
  -3017.753     0.401    -1.37    1.32
  -2730.441    -0.221    -2.17    1.76
  -2443.110    -0.825    -2.10    1.94
  -2155.760    -1.465    -2.23    1.91
  -1868.392    -2.200    -2.56    1.57
  -1581.005    -2.658    -1.60    1.11
  -1293.599    -2.990    -1.15    0.40
  -1006.174    -3.049    -0.20    0.00
   -718.730    -3.049     0.00    0.00
   -431.268    -2.862     0.65    1.38
   -143.787    -0.818     7.11    7.86
    143.713     3.591    15.33   13.99
    431.232    10.895    25.40   20.34
    718.769    19.206    28.90   23.13
   1006.326    31.392    42.38   24.55
   1293.901    41.034    33.53   22.58
   1581.495    49.026    27.79   17.29
   1869.108    53.160    14.37   13.73
   2156.740    57.693    15.76    9.28
   2444.390    60.492     9.73    7.11
   2732.060    62.563     7.20    5.81
   3019.748    64.238     5.82    5.17
   3307.455    65.634     4.85    4.52
   3595.181    66.968     4.64    4.27
   3882.926    67.985     3.53    4.52
   4170.690    69.277     4.49    4.56
   4458.472    70.099     2.86    4.23
   4746.274    70.105     0.02    3.99
   5034.094    68.685    -4.93    5.22
   5321.934    66.605    -7.23    6.61
   5609.792    63.243   -11.68    9.06
   5897.669    58.084   -17.92   11.50
   6185.565    52.208   -20.41   12.98
   6473.480    48.070   -14.37   12.15
   6761.414    45.126   -10.22   10.87
   7049.366    43.663    -5.08   10.00
   7337.338    44.314     2.26   10.19
   7625.328    47.088     9.63   10.25
   7913.338    51.074    13.84    8.36
   8201.366    54.787    12.89    4.89
   8489.414    56.756     6.84    2.89
   8777.480    58.430     5.81    3.73
   9065.565    60.726     7.97    5.01
   9353.669    63.338     9.07    5.67
   9641.793    66.268    10.17    5.64
   9929.935    68.094     6.34    5.70
  10218.096    69.419     4.60    5.38
  10506.276    70.115     2.42    5.35
  10794.475    70.210     0.33    5.42
  11082.693    70.621     1.43    5.20
  11370.930    70.868     0.86    4.56
  11659.186    72.010     3.96    4.24
  11947.461    73.074     3.69    3.99
  12235.754    74.141     3.70    3.09
  12524.067    74.551     1.42    2.13
  12812.399    74.208    -1.19    2.08
  13100.750    73.148    -3.67    2.71
  13389.120    71.276    -6.49    4.98
  13677.509    68.287   -10.36    7.63
  13965.917    65.040   -11.26    9.02
  14254.344    62.760    -7.91    8.95
  14542.790    60.335    -8.41    8.60
  14831.255    59.927    -1.41    8.72
  15119.739    60.705     2.70    9.77
  15408.242    64.168    12.00   10.74
  15696.765    68.365    14.55    9.33
  15985.306    71.328    10.27    7.70
  16273.866    73.195     6.47    6.07
  16562.446    73.951     2.62    5.08
  16851.044    73.508    -1.54    6.36
  17139.662    72.756    -2.60    7.30
  17428.298    70.706    -7.11    9.16
  17714.823    69.576    -3.94    9.67
  17999.516    68.770    -2.83    9.34
  18284.228    67.460    -4.60    8.46
  18568.958    66.095    -4.79    7.40
  18853.705    64.250    -6.48    6.52
  19138.470    62.632    -5.68    5.78
  19423.253    60.017    -9.18    7.09
  19708.053    56.918   -10.88    8.84
  19992.872    52.976   -13.84   10.77
  20277.708    49.406   -12.54   11.73
  20562.562    46.171   -11.36   11.98
  20847.433    42.615   -12.48   11.13
  21132.323    39.709   -10.20   11.52
  21417.230    37.431    -8.00   10.79
  21702.155    35.804    -5.71    9.44
  21987.098    36.073     0.95    9.00
  22272.059    35.533    -1.89    7.65
  22557.037    36.100     1.99    7.85
  22842.034    39.114    10.58    9.55
  23127.048    43.293    14.66   11.11
  23412.080    47.627    15.21   12.27
  23697.130    52.542    17.24   12.45
  23982.198    57.001    15.64   11.44
  24267.283    60.909    13.71   10.01
  24552.387    64.148    11.36    8.87
  24837.508    67.155    10.54    7.40
  25122.647    69.506     8.25    5.47
  25407.804    71.246     6.10    4.33
  25692.979    72.597     4.73    3.88
  25978.172    73.607     3.54    3.68
  26263.382    74.780     4.11    4.21
  26548.611    74.572    -0.73    5.17
  26833.857    73.573    -3.50    6.66
  27119.121    72.976    -2.09    7.19
  27404.403    72.427    -1.93    7.13
  27689.703    71.439    -3.46    6.55
  27975.021    70.135    -4.57    6.12
  28260.357    67.976    -7.57    7.59
  28545.711    66.052    -6.74    8.55
  28831.082    62.743   -11.60    8.80
  29116.472    59.524   -11.28    7.80
  29401.879    57.083    -8.55    5.70
  29687.305    55.741    -4.70    2.99
  29972.748    56.161     1.47    3.58
  30258.209    57.439     4.48    4.62
  30543.688    58.301     3.02    5.28
  30829.185    59.246     3.31    6.06
  31114.700    60.423     4.12    6.89
  31400.233    62.072     5.78    7.92
  31685.784    64.105     7.12    8.63
  31971.353    66.212     7.38    9.02
  32256.940    69.796    12.55    8.31
  32542.544    73.748    13.84    5.32
  32828.167    76.238     8.72    3.24
  33113.808    77.368     3.96    2.96
  33399.466    77.685     1.11    2.82
  33685.143    77.499    -0.65    3.50
  33970.838    76.851    -2.27    4.32
  34256.550    76.423    -1.50    4.67
  34542.281    76.033    -1.36    4.83
  34828.029    75.819    -0.75    4.73
  35113.796    76.100     0.98    5.05
  35399.580    77.105     3.51    6.11
  35685.383    78.410     4.57    6.64
  35971.203    81.187     9.72    8.02
  36257.042    84.008     9.87    8.52
  36542.899    86.265     7.90    8.05
  36828.773    88.536     7.94    7.13
  37114.666    89.634     3.84    6.12
  37400.576    89.355    -0.98    6.27
  37686.505    86.876    -8.67   10.28
  37972.452    82.967   -13.67   12.74
  38258.417    80.252    -9.50   13.47
  38544.399    78.434    -6.36   13.99
  38830.400    79.009     2.01   14.76
  39116.419    79.853     2.95   15.50
  39402.456    82.302     8.56   15.83
  39688.511    84.991     9.40   13.19
  39974.584    87.512     8.81    8.73
  40260.675    87.091    -1.47    8.16
  40546.784    84.218   -10.04   11.04
  40832.912    81.476    -9.58   12.05
  41119.057    77.439   -14.11   13.50
  41405.221    74.468   -10.38   14.24
  41691.402    72.610    -6.49   14.91
  41977.602    70.776    -6.41   14.96
  42263.819    69.287    -5.20   15.27
  42550.055    67.084    -7.70   14.78
  42836.309    66.125    -3.35   14.69
  43122.581    66.885     2.66   14.23
  43408.871    67.023     0.48   14.51
  43695.180    65.343    -5.87   14.91
  43981.506    64.160    -4.13   16.41
  44267.850    64.169     0.03   17.77
  44554.213    63.434    -2.57   17.81
  44840.594    65.876     8.52   17.87
  45126.993    68.215     8.17   19.11
  45413.410    71.435    11.24   18.38
  45699.845    73.657     7.76   14.52
  45986.298    71.306    -8.21   15.75
  46272.770    65.670   -19.67   21.75
  46559.259    53.868   -41.20   28.86
  46845.767    40.476   -46.74   30.89
  47132.293    27.605   -44.92   27.86
  47418.837    17.615   -34.86   22.63
  47705.399    10.039   -26.44   15.69
  47991.980     4.427   -19.59    6.05
  48278.579     2.743    -5.88    2.88
  48565.195     2.525    -0.76    2.29
  48851.830     3.073     1.91    2.85
  49138.484     4.208     3.96    4.26
  49425.155     6.427     7.74    6.13
  49711.845     8.338     6.67    6.32
  49998.553     8.522     0.64    6.15
  50285.279     8.435    -0.30    5.92
  50572.023     8.960     1.83    5.98
  50858.785     9.951     3.46    6.29
  51145.566    11.263     4.57    6.84
  51432.365    11.976     2.49    6.78
  51719.182    13.027     3.67    6.08
  52006.017    13.489     1.61    5.11
  52292.871    13.000    -1.70    5.26
  52579.743    11.637    -4.75    5.51
  52866.633    10.245    -4.85    5.64
  53153.541     9.420    -2.88    5.13
  53440.468     9.017    -1.40    5.21
  53727.413     9.588     1.99    6.05
  54014.376    11.033     5.04    6.72
  54301.357    13.067     7.09    7.06
  54588.357    14.346     4.46    6.43
  54875.375    15.476     3.93    5.38
  55162.411    15.855     1.32    5.14
  55449.466    15.885     0.10    4.92
  55736.538    14.894    -3.45    4.70
  56023.629    13.827    -3.71    4.17
  56310.739    13.468    -1.25    4.33
  56597.866    12.992    -1.66    4.45
  56885.012    12.629    -1.27    3.97
  57172.177    12.293    -1.17    3.67
  57459.359    12.367     0.26    3.43
  57746.560    11.951    -1.45    3.39
  58033.779    11.556    -1.38    3.59
  58321.017    11.582     0.09    3.85
  58608.273    12.102     1.81    4.38
  58895.547    12.373     0.94    4.71
  59182.840    13.290     3.19    4.83
  59470.151    13.610     1.11    4.72
  59757.480    14.203     2.07    4.00
  60044.827    14.260     0.20    3.96
  60332.193    14.250    -0.03    4.25
  60619.578    14.709     1.60    4.96
  60906.980    15.468     2.64    5.22
  61194.401    15.648     0.63    5.34
  61481.841    15.894     0.86    5.20
  61769.299    16.343     1.56    5.21
  62056.775    16.886     1.89    5.58
  62344.269    17.388     1.74    6.06
  62631.782    18.260     3.03    5.84
  62919.313    17.699    -1.95    6.63
  63206.863    17.847     0.51    6.63
  63494.431    18.817     3.37    6.48
  63782.018    18.818     0.00    6.90
  64069.623    18.419    -1.39    6.69
  64357.246    18.287    -0.46    6.49
  64644.888    17.596    -2.40    6.64
  64932.548    17.279    -1.10    6.53
  65220.226    17.285     0.02    5.96
  65507.923    17.226    -0.20    5.23
  65795.639    17.231     0.02    5.30
  66083.373    17.561     1.15    5.89
  66371.125    18.345     2.72    5.82
  66658.896    18.492     0.51    6.01
  66946.685    19.242     2.61    5.54
  67234.493    19.518     0.96    5.39
  67522.319    20.569     3.65    4.95
  67810.164    20.783     0.74    4.70
  68098.027    20.918     0.47    4.43
  68385.908    21.260     1.19    4.48
  68673.808    21.774     1.79    4.56
  68961.727    22.218     1.54    4.38
  69249.664    21.771    -1.55    4.31
  69537.619    21.359    -1.43    4.43
  69825.593    21.222    -0.48    4.15
  70113.585    21.111    -0.38    4.00
  70401.596    20.464    -2.25    4.33
  70689.626    19.693    -2.67    4.64
  70977.674    18.857    -2.90    4.87
  71265.740    18.239    -2.15    4.74
  71553.825    17.545    -2.41    4.93
  71841.929    16.918    -2.18    4.92
  72130.051    16.298    -2.15    4.81
  72418.191    15.904    -1.37    4.56
  72706.350    16.002     0.34    4.36
  72994.528    16.084     0.28    4.31
  73282.724    16.252     0.58    4.44
  73570.939    16.044    -0.72    4.37
  73859.172    16.245     0.70    4.59
  74147.424    16.487     0.84    4.44
  74435.694    16.025    -1.60    4.36
  74723.983    14.635    -4.82    3.80
  75012.291    14.342    -1.02    3.71
  75300.617    14.743     1.39    4.28
  75588.961    15.216     1.64    4.48
  75877.325    14.607    -2.11    5.27
  76165.706    12.847    -6.11    6.55
  76454.107    10.712    -7.40    6.95
  76742.526     9.271    -5.00    6.83
  77030.963     7.410    -6.45    6.26
  77319.420     6.249    -4.03    5.55
  77607.894     5.212    -3.60    4.13
  77896.388     5.428     0.75    4.60
  78184.900     6.535     3.84    5.49
  78473.430     8.299     6.11    6.02
  78761.980     9.371     3.71    5.70
  79050.548     9.568     0.68    5.64
  79339.134    10.794     4.25    6.23
  79625.273    13.263     8.63    6.81
  79910.006    14.679     4.97    6.20
  80194.756    15.397     2.52    5.60
  80479.524    16.532     3.99    5.57
  80764.308    18.092     5.48    5.86
  81049.110    18.566     1.67    5.99
  81333.930    18.519    -0.16    6.40
  81618.767    17.783    -2.58    6.37
  81903.621    17.976     0.68    6.50
  82188.492    18.064     0.31    6.25
  82473.381    17.535    -1.86    5.80
  82758.287    17.764     0.81    5.15
  83043.211    18.199     1.53    4.68
  83328.152    18.745     1.91    4.51
  83613.110    19.361     2.16    4.51
  83898.086    19.039    -1.13    4.61
  84183.079    19.318     0.98    4.00
  84468.090    18.822    -1.74    4.11
  84753.118    18.309    -1.80    4.06
  85038.163    17.509    -2.81    4.13
  85323.226    16.911    -2.10    4.50
  85608.306    16.567    -1.20    4.26
  85893.403    16.062    -1.77    3.96
  86178.518    16.185     0.43    3.74
  86463.650    16.317     0.46    4.02
  86748.800    16.555     0.83    4.23
  87033.967    17.878     4.64    4.96
  87319.152    19.048     4.10    5.39
  87604.354    19.045    -0.01    5.46
  87889.573    18.951    -0.33    5.46
  88174.810    18.222    -2.56    5.89
  88460.064    17.629    -2.08    6.13
  88745.336    16.412    -4.27    6.32
  89030.625    14.642    -6.20    5.23
  89315.932    13.635    -3.53    4.16
  89601.256    13.613    -0.08    4.03
  89886.598    14.033     1.47    3.60
  90171.957    14.976     3.30    3.94
  90457.333    15.607     2.21    3.88
  90742.727    16.556     3.32    3.72
  91028.139    17.576     3.57    3.44
  91313.567    17.806     0.81    3.41
  91599.014    17.151    -2.29    3.58
  91884.478    17.301     0.53    3.76
  92169.959    17.822     1.82    3.91
  92455.458    17.826     0.01    3.89
  92740.974    18.456     2.20    4.50
  93026.508    19.666     4.24    4.89
  93312.060    21.489     6.39    4.63
  93597.628    22.260     2.70    4.31
  93883.215    22.340     0.28    4.41
  94168.819    22.568     0.80    4.94
  94454.440    21.860    -2.48    5.90
  94740.079    20.153    -5.98    6.59
  95025.736    19.610    -1.90    6.73
  95311.410    19.504    -0.37    6.78
  95597.101    19.610     0.37    6.89
  95882.810    19.811     0.70    7.12
  96168.537    20.827     3.56    6.75
  96454.281    22.258     5.01    6.52
  96740.043    23.568     4.59    5.80
  97025.822    24.000     1.51    4.94
  97311.619    24.103     0.36    3.67
  97597.433    22.992    -3.89    4.32
  97883.265    22.274    -2.51    5.00
  98169.115    22.255    -0.07    5.50
  98454.982    22.163    -0.32    5.78
  98740.866    21.935    -0.80    5.96
  99026.769    21.330    -2.12    6.52
  99312.688    20.746    -2.04    6.36
  99598.626    20.659    -0.31    5.70
  99884.581    19.984    -2.36    5.08
 100170.554    19.607    -1.32    4.96
 100456.544    19.524    -0.29    5.04
 100742.552    20.471     3.31    5.25
 101028.577    21.779     4.57    5.55
 101314.620    22.663     3.09    6.07
 101600.681    23.750     3.80    6.89
 101886.759    24.604     2.99    7.23
 102172.855    23.782    -2.87    8.09
 102458.968    23.277    -1.77    8.28
 102745.100    23.343     0.23    8.50
 103031.248    24.245     3.15    8.35
 103317.415    25.167     3.22    8.21
 103603.599    25.199     0.11    8.30
 103889.801    26.025     2.88    8.25
 104176.020    27.588     5.46    7.81
 104462.257    28.876     4.50    7.85
 104748.512    30.975     7.33    8.13
 105034.784    31.838     3.01    8.66
 105321.074    32.419     2.03    8.97
 105607.382    33.407     3.45    8.86
 105893.707    33.699     1.02    9.04
 106180.050    33.443    -0.90    8.96
 106466.411    33.023    -1.47    8.87
 106752.789    32.447    -2.01    9.00
 107039.186    31.274    -4.10    8.92
 107325.599    30.287    -3.44    8.58
 107612.031    29.153    -3.96    8.25
 107898.480    29.451     1.04    7.73
 108184.947    28.602    -2.96    7.95
 108471.432    28.010    -2.07    8.10
 108757.934    28.216     0.72    8.22
 109044.454    30.143     6.73    9.29
 109330.992    31.043     3.14    9.91
 109617.547    31.743     2.44    9.67
 109904.120    33.025     4.47    9.58
 110190.711    33.603     2.02    8.43
 110477.320    33.328    -0.96    8.38
 110763.946    33.812     1.69    8.44
