-120767.943   152.176     0.00    2.66
-120480.367   151.898    -0.97    3.01
-120192.805   151.283    -2.14    3.59
-119905.257   149.709    -5.47    4.55
-119617.722   148.453    -4.37    5.35
-119330.201   146.641    -6.30    5.68
-119042.693   144.945    -5.90    5.24
-118755.199   141.814   -10.89    5.70
-118467.719   138.536   -11.40    6.95
-118180.253   135.661   -10.00    7.64
-117892.800   134.866    -2.77    7.71
-117605.361   135.303     1.52    8.10
-117317.936   136.045     2.58    8.40
-117030.524   137.447     4.88    8.80
-116743.126   140.105     9.25    8.15
-116455.742   143.414    11.52    5.25
-116168.372   144.912     5.21    2.70
-115881.015   144.545    -1.28    3.39
-115593.672   143.152    -4.85    4.64
-115306.342   141.122    -7.07    5.93
-115019.026   138.498    -9.13    7.03
-114731.724   135.135   -11.71    7.68
-114444.436   131.836   -11.48    6.89
-114157.161   128.884   -10.28    5.83
-113869.900   126.850    -7.08    5.07
-113582.652   124.607    -7.81    5.30
-113295.418   122.900    -5.94    5.77
-113008.198   121.088    -6.31    6.36
-112720.991   118.886    -7.67    6.57
-112433.799   116.070    -9.81    6.64
-112146.619   112.836   -11.26    6.63
-111859.454   109.507   -11.59    7.26
-111572.302   106.127   -11.77    7.98
-111285.163   102.160   -13.81    8.28
-110998.039    98.054   -14.30    8.16
-110710.928    94.045   -13.96    7.26
-110423.830    90.927   -10.86    6.05
-110136.746    88.614    -8.05    5.08
-109849.676    87.543    -3.73    4.90
-109562.620    86.899    -2.24    5.73
-109275.577    86.445    -1.58    6.35
-108988.547    85.322    -3.91    7.21
-108701.532    83.851    -5.13    7.77
-108414.530    81.700    -7.50    8.20
-108127.541    79.613    -7.27    7.97
-107840.566    77.473    -7.46    7.24
-107553.605    76.064    -4.91    5.87
-107266.658    75.356    -2.47    5.51
-106979.724    74.670    -2.39    6.50
-106692.803    72.897    -6.18    7.97
-106405.896    69.520   -11.77   10.10
-106119.003    66.348   -11.06   11.15
-105832.123    64.424    -6.71   11.21
-105545.257    63.590    -2.91   11.60
-105258.405    65.229     5.71   12.16
-104971.566    67.865     9.19   13.64
-104684.741    72.745    17.01   14.17
-104397.929    78.806    21.13   12.30
-104111.131    82.806    13.95   10.35
-103824.346    82.909     0.36   13.71
-103537.576    81.960    -3.31   16.56
-103250.818    80.836    -3.92   18.14
-102964.074    79.783    -3.67   18.76
-102677.344    77.206    -8.99   18.77
-102390.627    77.908     2.45   16.30
-102103.924    80.167     7.88   14.28
-101817.235    82.501     8.14   11.30
-101530.559    82.069    -1.51   10.04
-101243.896    79.890    -7.60   10.48
-100957.247    77.844    -7.14   10.87
-100670.612    75.693    -7.51   10.80
-100383.990    73.821    -6.53    9.70
-100097.382    73.379    -1.54    9.98
 -99810.787    74.567     4.15   11.18
 -99524.206    76.837     7.92   12.01
 -99237.639    80.647    13.30   10.94
 -98951.084    83.303     9.27    9.39
 -98664.544    85.139     6.41    9.45
 -98378.017    85.814     2.36    9.07
 -98091.503    83.947    -6.52    9.04
 -97805.003    82.448    -5.23    8.69
 -97518.517    80.415    -7.09    9.10
 -97232.044    79.022    -4.86    9.32
 -96945.585    75.889   -10.94    9.32
 -96659.139    72.760   -10.92    6.60
 -96372.706    70.602    -7.54    4.94
 -96086.288    69.532    -3.74    5.16
 -95799.882    67.187    -8.19    6.67
 -95513.490    64.408    -9.70    7.92
 -95227.112    61.269   -10.96    9.52
 -94940.747    58.381   -10.08   10.21
 -94654.396    54.314   -14.20   10.60
 -94368.058    50.521   -13.25   10.97
 -94081.734    45.837   -16.36   10.93
 -93795.423    41.836   -13.97   11.03
 -93509.126    37.101   -16.54    9.64
 -93222.842    33.769   -11.64    7.37
 -92936.571    31.868    -6.64    5.45
 -92650.315    31.314    -1.94    4.14
 -92364.071    31.784     1.64    4.35
 -92077.841    33.160     4.81    4.83
 -91791.625    34.582     4.97    4.39
 -91505.422    35.543     3.36    4.20
 -91219.232    36.605     3.71    3.09
 -90933.056    36.709     0.36    2.89
 -90646.894    37.043     1.17    2.67
 -90360.745    37.265     0.78    3.30
 -90074.609    37.730     1.63    3.38
 -89788.487    38.603     3.05    3.89
 -89502.378    40.230     5.68    5.03
 -89216.283    42.543     8.09    6.65
 -88930.201    45.967    11.97    8.51
 -88644.133    49.536    12.48    8.85
 -88358.078    52.806    11.43    7.62
 -88072.037    55.333     8.83    5.18
 -87786.009    55.651     1.11    5.07
 -87499.994    54.551    -3.85    5.99
 -87213.993    53.330    -4.27    6.20
 -86928.005    52.495    -2.92    5.70
 -86642.031    52.697     0.71    5.90
 -86356.070    54.043     4.71    6.51
 -86070.123    55.682     5.73    6.83
 -85784.189    58.000     8.11    5.71
 -85498.268    58.945     3.30    4.62
 -85212.361    58.932    -0.05    4.25
 -84926.467    58.760    -0.60    4.11
 -84640.587    58.739    -0.08    4.43
 -84354.720    59.899     4.06    5.37
 -84068.867    60.828     3.25    6.15
 -83783.027    62.264     5.02    6.47
 -83497.200    63.679     4.95    6.53
 -83211.387    65.112     5.01    5.72
 -82925.587    65.955     2.95    5.94
 -82639.801    65.933    -0.08    5.80
 -82354.028    65.082    -2.98    5.69
 -82068.268    64.072    -3.53    5.35
 -81782.522    63.549    -1.83    4.76
 -81496.789    63.937     1.36    4.41
 -81211.070    64.678     2.59    4.31
 -80925.364    65.471     2.78    4.36
 -80639.671    66.463     3.47    4.63
 -80353.992    66.158    -1.07    5.43
 -80068.326    64.890    -4.44    7.50
 -79782.673    62.415    -8.67    8.75
 -79497.034    60.119    -8.04    8.84
 -79211.409    57.724    -8.39    8.45
 -78925.796    56.094    -5.70    7.37
 -78640.197    54.806    -4.51    5.80
 -78354.611    55.379     2.01    5.02
 -78069.039    57.287     6.68    5.35
 -77783.480    60.090     9.82    5.71
 -77497.935    62.776     9.41    7.25
 -77212.402    65.736    10.37    7.72
 -76926.884    68.197     8.62    7.12
 -76641.378    69.869     5.85    6.07
 -76355.886    71.092     4.28    5.29
 -76070.407    72.030     3.28    5.26
 -75784.942    72.964     3.27    5.77
 -75499.490    74.099     3.98    5.58
 -75214.051    75.009     3.19    5.94
 -74928.625    76.637     5.70    5.45
 -74643.213    78.082     5.06    6.20
 -74357.815    80.184     7.36    6.08
 -74072.429    81.336     4.04    6.24
 -73787.057    82.005     2.34    5.84
 -73501.698    82.363     1.25    5.97
 -73216.353    81.876    -1.71    5.97
 -72931.021    80.246    -5.71    6.20
 -72645.702    77.954    -8.03    5.99
 -72360.396    75.791    -7.58    5.53
 -72075.104    74.604    -4.16    5.24
 -71789.825    74.859     0.89    6.22
 -71504.560    76.369     5.30    8.45
 -71219.308    79.560    11.19   10.53
 -70934.069    83.604    14.18   11.09
 -70648.843    88.105    15.78   10.39
 -70363.631    92.610    15.80    7.93
 -70078.432    95.615    10.54    6.47
 -69793.246    98.127     8.81    5.15
 -69508.074    99.911     6.25    5.87
 -69222.914   101.373     5.13    5.79
 -68937.769   102.575     4.22    6.02
 -68652.636   103.799     4.29    5.41
 -68367.517   104.918     3.93    4.78
 -68082.411   106.119     4.21    3.71
 -67796.512   107.202     3.79    3.36
 -67508.448   108.722     5.28    3.78
 -67220.398   110.127     4.88    4.32
 -66932.363   111.868     6.04    4.75
 -66644.342   113.468     5.56    4.68
 -66356.336   114.769     4.52    4.53
 -66068.344   115.390     2.16    3.98
 -65780.366   115.814     1.47    3.85
 -65492.403   115.972     0.55    3.65
 -65204.454   115.934    -0.13    3.75
 -64916.519   115.690    -0.85    3.36
 -64628.599   115.423    -0.93    3.23
 -64340.693   114.994    -1.49    3.13
 -64052.802   114.082    -3.17    4.11
 -63764.925   113.117    -3.35    4.53
 -63477.062   111.701    -4.92    4.79
 -63189.214   110.022    -5.83    4.71
 -62901.380   107.844    -7.57    4.98
 -62613.561   105.455    -8.30    4.74
 -62325.756   103.414    -7.09    4.63
 -62037.965   101.648    -6.14    4.74
 -61750.189    99.537    -7.34    4.17
 -61462.427    97.889    -5.73    3.74
 -61174.679    96.168    -5.98    3.78
 -60886.946    95.483    -2.38    3.98
 -60599.227    94.541    -3.27    4.25
 -60311.522    93.543    -3.47    4.80
 -60023.832    91.699    -6.41    5.09
 -59736.156    90.227    -5.12    5.10
 -59448.494    88.607    -5.63    4.84
 -59160.847    87.212    -4.85    4.26
 -58873.214    85.314    -6.60    3.47
 -58585.595    84.074    -4.31    3.21
 -58297.991    82.524    -5.39    3.53
 -58010.401    80.845    -5.84    3.92
 -57722.826    79.182    -5.78    3.85
 -57435.264    77.652    -5.32    3.75
 -57147.717    76.448    -4.19    3.22
 -56860.185    75.338    -3.86    2.47
 -56572.666    74.433    -3.15    2.01
 -56285.162    73.783    -2.26    2.14
 -55997.673    73.235    -1.91    2.29
 -55710.197    72.838    -1.38    2.52
 -55422.736    71.889    -3.30    2.58
 -55135.290    70.894    -3.46    2.55
 -54847.857    70.024    -3.02    2.29
 -54560.439    69.572    -1.58    2.10
 -54273.035    69.081    -1.71    2.10
 -53985.645    68.440    -2.23    2.30
 -53698.270    67.775    -2.31    2.34
 -53410.909    66.927    -2.95    2.68
 -53123.562    65.947    -3.41    3.74
 -52836.230    64.243    -5.93    5.32
 -52548.912    62.526    -5.98    6.24
 -52261.608    60.828    -5.91    6.47
 -51974.318    59.327    -5.23    6.30
 -51687.043    58.258    -3.72    5.72
 -51399.782    56.892    -4.75    5.17
 -51112.535    55.572    -4.60    4.41
 -50825.302    54.532    -3.62    4.05
 -50538.084    53.405    -3.92    3.59
 -50250.880    52.478    -3.23    3.65
 -49963.690    51.596    -3.07    4.11
 -49676.514    50.303    -4.50    4.96
 -49389.353    49.210    -3.81    5.51
 -49102.206    47.573    -5.70    5.74
 -48815.073    46.379    -4.16    5.43
 -48527.955    45.299    -3.76    4.84
 -48240.850    44.625    -2.35    4.09
 -47953.760    43.905    -2.51    3.90
 -47666.684    43.622    -0.99    3.71
 -47379.623    42.776    -2.95    3.91
 -47092.575    41.807    -3.38    3.96
 -46805.542    40.182    -5.66    3.64
 -46518.523    39.379    -2.80    3.23
 -46231.518    38.494    -3.09    2.53
 -45944.528    38.097    -1.38    2.63
 -45657.551    37.931    -0.58    2.51
 -45370.589    37.465    -1.62    2.83
 -45083.641    37.174    -1.02    2.86
 -44796.708    36.731    -1.55    3.19
 -44509.788    36.651    -0.28    3.00
 -44222.883    35.888    -2.66    3.38
 -43935.992    35.166    -2.52    3.61
 -43649.115    34.024    -3.98    4.45
 -43362.252    33.295    -2.54    4.57
 -43075.404    32.761    -1.86    4.51
 -42788.570    32.007    -2.63    4.61
 -42501.749    31.188    -2.85    4.62
 -42214.943    30.463    -2.53    4.94
 -41928.152    29.891    -1.99    5.11
 -41641.374    29.155    -2.57    5.31
 -41354.611    28.360    -2.77    5.24
 -41067.861    27.017    -4.69    4.90
 -40781.126    26.160    -2.99    4.17
 -40494.406    25.784    -1.31    3.48
 -40207.699    26.226     1.54    3.98
 -39921.006    27.066     2.93    4.79
 -39634.328    28.102     3.61    5.33
 -39347.664    30.137     7.10    5.23
 -39061.013    32.014     6.55    4.30
 -38774.378    33.558     5.39    3.81
 -38487.756    34.276     2.50    3.28
 -38201.148    34.618     1.19    3.53
 -37914.555    34.585    -0.12    3.34
 -37627.975    33.890    -2.42    3.26
 -37341.410    33.333    -1.94    2.71
 -37054.859    32.659    -2.35    2.83
 -36768.322    31.519    -3.98    3.03
 -36481.799    30.815    -2.46    2.99
 -36195.291    30.875     0.21    3.10
 -35908.796    31.838     3.36    4.37
 -35622.316    33.388     5.41    5.56
 -35335.849    34.885     5.22    5.91
 -35049.397    36.321     5.01    5.39
 -34762.959    37.106     2.74    4.51
 -34476.535    37.276     0.59    3.98
 -34190.125    36.491    -2.74    4.20
 -33903.729    35.384    -3.87    3.78
 -33617.348    34.892    -1.72    3.13
 -33330.980    34.142    -2.62    2.99
 -33044.627    33.570    -2.00    2.92
 -32758.287    32.691    -3.07    3.05
 -32471.962    32.009    -2.38    3.23
 -32185.651    31.284    -2.53    3.91
 -31899.354    30.167    -3.90    4.25
 -31613.071    29.084    -3.79    3.70
 -31326.802    28.791    -1.02    3.61
 -31040.547    29.253     1.61    4.06
 -30754.307    29.829     2.01    4.34
 -30468.080    30.830     3.50    4.30
 -30181.867    31.521     2.41    3.84
 -29895.669    31.396    -0.44    4.23
 -29609.484    30.573    -2.87    4.90
 -29323.314    28.987    -5.54    5.52
 -29037.158    26.678    -8.07    6.06
 -28751.016    24.199    -8.66    6.25
 -28464.887    19.646   -15.91    7.89
 -28178.773    15.653   -13.96    8.50
 -27892.673    12.088   -12.46    8.43
 -27606.587     9.028   -10.70    7.29
 -27320.515     6.940    -7.30    6.02
 -27034.457     5.122    -6.35    4.04
 -26748.413     4.020    -3.85    1.32
 -26462.384     3.739    -0.98    0.22
 -26176.368     3.705    -0.12    0.28
 -25890.366     3.626    -0.28    0.37
 -25604.378     3.572    -0.19    0.42
 -25318.405     3.443    -0.45    0.48
 -25032.445     3.295    -0.52    0.50
 -24746.499     3.160    -0.47    0.48
 -24460.568     2.854    -1.07    0.82
 -24174.650     2.405    -1.57    1.20
 -23888.747     1.976    -1.50    1.49
 -23602.857     2.499     1.83    3.07
 -23316.982     3.549     3.67    4.47
 -23031.120     5.272     6.03    5.81
 -22745.272     7.852     9.03    7.48
 -22459.439    10.901    10.67    8.11
 -22173.619    14.024    10.93    7.14
 -21887.814    17.382    11.75    5.38
 -21602.022    20.140     9.65    4.38
 -21316.245    22.303     7.57    4.05
 -21030.481    23.536     4.31    3.97
 -20744.732    24.697     4.07    3.71
 -20458.996    25.791     3.83    3.20
 -20173.275    26.730     3.28    2.70
 -19887.567    27.489     2.66    2.99
 -19601.874    28.032     1.90    3.04
 -19316.194    28.853     2.87    2.93
 -19030.528    29.761     3.18    2.86
 -18744.877    30.362     2.10    2.79
 -18459.239    30.303    -0.21    2.80
 -18173.615    30.101    -0.70    2.59
 -17888.006    30.167     0.23    2.78
 -17602.410    30.481     1.10    3.16
 -17316.828    31.344     3.02    4.03
 -17031.260    32.644     4.55    4.76
 -16745.706    33.318     2.36    5.01
 -16460.166    33.768     1.58    5.03
 -16174.640    34.390     2.18    4.66
 -15889.128    33.531    -3.01    3.66
 -15603.630    32.367    -4.08    3.78
 -15318.146    30.799    -5.49    4.47
 -15032.675    28.859    -6.79    5.22
 -14747.219    27.024    -6.43    5.58
 -14461.777    25.330    -5.94    5.33
 -14176.348    23.852    -5.18    4.68
 -13890.934    21.957    -6.64    4.03
 -13605.533    20.603    -4.74    4.22
 -13320.147    19.012    -5.58    4.27
 -13034.774    17.526    -5.21    3.87
 -12749.415    16.518    -3.53    3.31
 -12464.070    16.632     0.40    3.69
 -12178.739    17.202     2.00    4.63
 -11893.422    18.196     3.48    4.93
 -11608.119    19.852     5.81    5.81
 -11322.830    21.746     6.64    6.21
 -11037.554    23.553     6.33    6.01
 -10752.293    24.836     4.50    5.53
 -10467.045    24.993     0.55    5.36
 -10181.812    24.445    -1.92    5.67
  -9896.592    23.976    -1.65    5.51
  -9611.386    23.478    -1.74    4.74
  -9326.194    23.295    -0.64    4.22
  -9041.016    23.514     0.77    3.95
  -8755.852    23.784     0.94    3.73
  -8470.701    24.177     1.38    3.20
  -8185.565    25.026     2.98    2.55
  -7900.442    25.471     1.56    2.69
  -7615.334    24.056    -4.96    5.80
  -7330.239    20.627   -12.03    9.49
  -7045.158    16.904   -13.06   10.93
  -6760.091    12.385   -15.85   11.16
  -6475.038     8.458   -13.78    9.83
  -6189.998     4.619   -13.47    6.41
  -5903.852     2.325    -8.02    2.26
  -5615.712     1.791    -1.85    0.00
  -5327.588     1.791     0.00    0.00
  -5039.478     1.791     0.00    0.00
  -4751.383     1.791     0.00    0.00
  -4463.304     1.791     0.00    0.00
  -4175.239     1.791     0.00    0.00
  -3887.189     1.791     0.00    0.00
  -3599.154     1.791     0.00    0.00
  -3311.135     1.791     0.00    0.00
  -3023.130     1.791     0.00    0.00
  -2735.140     1.791     0.00    0.00
  -2447.166     1.791     0.00    0.00
  -2159.206     1.791     0.00    0.00
  -1871.261     1.791     0.00    0.00
  -1583.332     1.791     0.00    0.00
  -1295.417     1.671    -0.42    0.44
  -1007.517     1.447    -0.78    0.74
   -719.632     1.122    -1.13    0.93
   -431.763     0.822    -1.04    0.98
   -143.908     0.453    -1.28    0.92
    143.932     0.167    -0.99    0.75
    431.757    -0.123    -1.01    0.38
    719.567    -0.209    -0.30    0.00
   1007.362    -0.209     0.00    0.00
   1295.142    -0.209     0.00    0.00
   1582.907    -0.209     0.00    0.00
   1870.657    -0.209     0.00    0.00
   2158.392    -0.209     0.00    0.00
   2446.112    -0.209     0.00    0.00
   2733.818    -0.209     0.00    0.00
   3021.508    -0.209     0.00    0.00
   3309.183    -0.209     0.00    0.00
   3596.844    -0.209     0.00    0.00
   3884.489    -0.133     0.26    0.34
   4172.120     0.075     0.72    0.67
   4459.735     0.415     1.18    0.90
   4747.336     0.745     1.15    0.98
   5034.922     1.117     1.29    0.92
   5322.493     1.428     1.08    0.74
   5610.049     1.680     0.88    0.42
   5897.590     1.791     0.39    0.00
   6185.116     1.791     0.00    0.00
   6472.627     1.791     0.00    0.00
   6760.124     1.791     0.00    0.00
   7047.605     1.791     0.00    0.00
   7335.072     1.791     0.00    0.00
   7622.523     1.791     0.00    0.00
   7909.960     1.791     0.00    0.00
   8197.382     1.791     0.00    0.00
   8484.789     1.791     0.00    0.00
   8772.181     1.791     0.00    0.00
   9059.558     1.791     0.00    0.00
   9346.921     1.791     0.00    0.00
   9634.268     1.791     0.00    0.00
   9921.601     1.791     0.00    0.00
  10208.919     1.791     0.00    0.00
  10496.222     1.791     0.00    0.00
  10783.510     1.791     0.00    0.00
  11070.783     1.791     0.00    0.00
  11358.041     1.791     0.00    0.00
  11645.284     1.791     0.00    0.00
  11932.513     1.791     0.00    0.00
  12219.727     1.791     0.00    0.00
  12506.926     1.791     0.00    0.00
  12794.110     1.791     0.00    0.00
  13081.279     1.791     0.00    0.00
  13368.433     1.791     0.00    0.00
  13655.573     1.791     0.00    0.00
  13942.697     1.791     0.00    0.00
  14229.807     1.791     0.00    0.00
  14516.902     1.791     0.00    0.00
  14803.983     1.791     0.00    0.00
  15091.048     1.791     0.00    0.00
  15378.099     1.791     0.00    0.00
  15665.134     1.784    -0.03    0.09
  15952.155     1.572    -0.74    0.60
  16239.161     1.306    -0.93    0.83
  16526.153     0.962    -1.20    0.96
  16813.129     0.602    -1.25    0.96
  17100.091     0.256    -1.20    0.82
  17387.038    -0.036    -1.02    0.53
  17673.970     0.174     0.73    1.67
  17960.887     2.326     7.50    6.18
  18247.790     6.107    13.18   10.19
  18534.678    11.362    18.32   13.22
  18821.551    17.440    21.19   15.05
  19108.409    25.268    27.29   15.58
  19395.252    32.215    24.22   14.52
  19682.081    38.311    21.25   12.70
  19968.895    42.972    16.25   11.30
  20255.694    47.643    16.29    9.22
  20542.478    50.644    10.46    8.02
  20829.248    53.914    11.40    7.83
  21116.003    56.775     9.98    7.44
  21402.743    58.058     4.47    6.51
  21689.468    58.331     0.95    6.93
  21976.179    58.526     0.68    7.22
  22262.874    59.248     2.52    7.69
  22549.555    59.516     0.94    7.85
  22836.222    59.272    -0.85    7.52
  23122.873    59.659     1.35    8.30
  23409.510    59.419    -0.84    8.99
  23696.132    59.130    -1.01    9.72
  23982.740    58.723    -1.42   10.14
  24269.332    58.434    -1.01    9.42
  24555.910    58.333    -0.35    8.88
  24842.473    59.453     3.91    6.87
  25129.022    61.349     6.62    6.80
  25415.555    64.174     9.86    8.10
  25702.074    67.032     9.97    9.52
  25988.579    70.968    13.74   10.38
  26275.068    75.327    15.21   10.42
  26561.543    79.614    14.97    8.66
  26848.003    83.831    14.72    6.99
  27134.449    87.435    12.58    6.80
  27420.879    89.927     8.70    6.53
  27707.295    91.768     6.43    6.41
  27993.697    92.355     2.05    7.31
  28280.084    93.516     4.06    8.28
  28566.456    94.784     4.42    8.65
  28852.813    96.272     5.20    7.84
  29139.155    96.906     2.21    8.38
  29425.483    99.728     9.86    8.54
  29711.797   102.337     9.11    9.59
  29998.095   104.720     8.32    9.59
  30284.379   108.731    14.01   10.98
  30570.648   113.224    15.70   12.59
  30856.903   117.707    15.66   12.84
  31143.143   121.311    12.59   11.90
  31429.368   124.319    10.51    9.86
  31715.579   126.014     5.92    7.92
  32001.774   126.020     0.02    8.86
  32287.956   122.654   -11.76   12.02
  32574.122   118.045   -16.10   13.60
  32860.274   113.367   -16.35   13.97
  33146.412   109.177   -14.64   12.93
  33432.534   103.171   -20.99   12.52
  33718.642    98.047   -17.91   11.10
  34004.736    94.675   -11.79    9.92
  34290.815    92.150    -8.83   11.48
  34576.879    87.987   -14.55   12.30
  34862.928    83.929   -14.19   13.00
  35148.963    79.561   -15.27   12.91
  35434.983    75.852   -12.97   13.35
  35720.989    72.474   -11.81   10.66
  36006.980    71.419    -3.69    9.22
  36292.956    73.072     5.78   10.47
  36578.918    76.060    10.45   12.59
  36864.865    80.507    15.55   12.78
  37150.798    84.484    13.91   10.35
  37436.716    86.600     7.40    6.82
  37722.619    85.212    -4.86    8.38
  38008.508    80.536   -16.36   11.73
  38294.382    75.974   -15.96   12.54
  38580.242    70.455   -19.30   12.55
  38866.087    66.077   -15.32   10.70
  39151.917    61.637   -15.53    8.18
  39437.733    58.807    -9.90    6.63
  39723.534    57.177    -5.70    6.25
  40009.321    56.388    -2.76    6.73
  40295.093    55.085    -4.56    7.57
  40580.851    54.364    -2.52    8.70
  40866.594    51.872    -8.72    8.24
  41152.322    50.199    -5.85    7.57
  41438.036    47.791    -8.43    5.85
  41723.735    47.576    -0.75    5.85
  42009.420    47.225    -1.23    6.28
  42295.090    47.455     0.80    7.16
  42580.746    47.360    -0.33    7.84
  42866.387    46.453    -3.18    8.13
  43152.013    45.685    -2.69    8.40
  43437.625    46.239     1.94   10.10
  43723.222    49.310    10.75   13.89
  44008.805    51.988     9.38   15.54
  44294.374    57.745    20.16   18.29
  44579.927    63.823    21.28   18.11
  44865.467    70.884    24.73   17.71
  45150.991    73.861    10.43   15.58
  45436.502    75.033     4.11   15.20
  45721.997    76.655     5.68   16.26
  46007.478    78.263     5.63   15.41
  46292.945    77.928    -1.18   15.12
  46578.397    75.106    -9.88   15.42
  46863.835    71.026   -14.29   17.03
  47149.258    65.287   -20.11   20.12
  47434.666    58.393   -24.16   20.38
  47720.060    50.909   -26.22   16.55
  48005.440    46.165   -16.62   12.11
  48290.805    42.432   -13.08    9.75
  48576.156    40.720    -6.00   10.08
  48861.492    41.265     1.91   10.55
  49146.813    44.681    11.97   10.97
  49432.120    47.678    10.50   12.64
  49717.413    51.213    12.39   15.77
  50002.691    54.445    11.33   17.13
  50287.955    59.775    18.68   16.75
  50573.204    64.135    15.28   14.59
  50858.439    68.256    14.45   12.77
  51143.659    72.125    13.56   12.26
  51428.865    74.222     7.35   11.98
  51714.056    77.059     9.95   11.10
  51999.233    79.284     7.80   11.45
  52284.395    83.194    13.71   12.09
  52569.543    86.132    10.30   12.04
  52854.676    86.901     2.70   12.21
  53139.795    86.844    -0.20   12.73
  53424.900    85.931    -3.20   12.59
  53709.990    82.553   -11.85   14.66
  53995.066    76.039   -22.85   16.42
  54280.127    66.027   -35.12   16.86
  54565.174    57.178   -31.05   16.28
  54850.206    49.760   -26.02   14.79
  55135.224    45.524   -14.86   12.01
  55420.227    45.338    -0.65   12.74
  55705.216    48.341    10.54   16.89
  55991.681    54.863    22.77   20.41
  56279.881    61.065    21.52   20.99
  56568.066    67.257    21.49   18.89
  56856.235    71.374    14.28   14.69
  57144.388    72.150     2.69   12.20
  57432.526    70.416    -6.02   11.85
  57720.648    67.084   -11.57   12.75
  58008.755    63.547   -12.27   13.50
  58296.845    59.057   -15.59   13.46
  58584.921    55.032   -13.97   12.87
  58872.981    52.484    -8.84   11.45
  59161.025    51.944    -1.88   10.89
  59449.053    53.358     4.91   12.08
  59737.066    55.613     7.83   14.07
  60025.064    60.148    15.75   15.31
  60313.046    66.949    23.62   16.22
  60601.012    75.219    28.72   16.00
  60888.963    82.768    26.22   14.66
  61176.898    88.875    21.21   13.42
  61464.817    92.020    10.92   12.02
  61752.722    94.264     7.80   10.42
  62040.610    95.829     5.44    9.37
  62328.483    98.665     9.85    8.28
  62616.340    98.608    -0.20    8.77
  62904.182    96.752    -6.45    9.86
  63192.009    95.769    -3.42   10.25
  63479.819    96.838     3.72   11.75
  63767.615    99.299     8.55   12.93
  64055.394   101.132     6.37   13.87
  64343.159   102.783     5.74   14.44
  64630.907   106.814    14.01   12.73
  64918.640   110.327    12.21   10.36
  65206.358   111.566     4.31   10.44
  65494.060   111.022    -1.89   10.16
  65781.747   111.106     0.29    9.68
  66069.418   113.072     6.83   10.16
  66357.073   117.156    14.20   10.17
  66644.714   119.020     6.48    9.99
  66932.338   120.601     5.49   10.39
  67219.947   121.662     3.69   10.86
  67507.541   122.481     2.85   11.33
  67795.119   122.712     0.80   12.81
  68082.681   122.397    -1.10   13.20
  68370.229   122.435     0.13   12.21
  68657.760   122.223    -0.74   11.80
  68945.276   122.012    -0.74   10.22
  69232.777   121.559    -1.58   10.98
  69520.262   118.891    -9.28   14.12
  69807.732   112.461   -22.37   17.40
  70095.186   106.509   -20.70   17.96
  70382.625   103.529   -10.37   19.01
  70670.049   102.137    -4.84   18.91
  70957.456   101.096    -3.62   18.67
  71244.849   103.221     7.39   18.30
  71532.226   103.997     2.70   17.32
  71819.587   102.916    -3.76   17.29
  72106.934    98.700   -14.67   18.05
  72394.264    92.760   -20.67   17.73
  72681.579    85.265   -26.08   14.95
  72968.879    79.945   -18.52   11.63
  73256.164    75.972   -13.83    8.76
  73543.432    73.119    -9.93    8.20
  73830.686    70.963    -7.51    8.63
  74117.924    67.944   -10.51    8.68
  74405.147    64.862   -10.73    9.22
  74692.354    60.852   -13.96   10.12
  74979.546    57.628   -11.23   10.88
  75266.722    53.272   -15.17   10.36
  75553.883    49.242   -14.03    8.88
  75841.029    45.822   -11.91    6.58
  76128.159    43.318    -8.72    4.28
  76415.274    41.634    -5.87    2.85
  76702.373    40.430    -4.19    2.55
  76989.457    39.410    -3.55    2.45
  77276.526    38.315    -3.81    2.45
  77563.579    37.387    -3.23    2.41
  77850.617    36.900    -1.70    2.53
  78137.639    36.435    -1.62    2.83
  78424.646    36.466     0.11    3.31
  78711.638    36.520     0.19    3.78
  78998.614    36.761     0.84    4.16
  79285.575    37.164     1.40    4.80
  79572.521    37.486     1.12    5.87
  79859.451    38.146     2.30    7.00
  80146.366    38.597     1.57    8.46
  80433.265    38.561    -0.13    8.57
  80720.149    38.705     0.50    8.55
  81007.018    39.611     3.16    9.06
  81293.872    40.299     2.40   10.19
  81580.710    41.972     5.83   12.10
  81867.533    43.476     5.25   14.65
  82154.340    46.455    10.39   17.06
  82441.132    51.145    16.35   19.81
  82727.909    57.998    23.89   22.50
  83014.670    65.397    25.80   22.96
  83301.416    69.012    12.60   20.62
  83588.147    75.806    23.70   16.78
  83874.862    82.439    23.13   13.49
  84161.563    88.555    21.33   12.63
  84448.247    92.776    14.72   14.13
  84734.917    95.524     9.58   14.83
  85021.571    99.478    13.80   13.84
  85308.210   101.648     7.57   11.18
  85594.834   101.091    -1.94   11.56
  85881.442    98.119   -10.37   12.64
  86168.035    92.471   -19.71   15.00
  86454.612    87.799   -16.30   15.40
  86741.175    82.902   -17.09   15.36
  87027.722    78.427   -15.62   14.55
  87314.254    72.154   -21.89   12.08
  87600.770    66.584   -19.44   12.43
  87887.272    61.244   -18.64   11.81
  88173.758    56.807   -15.49   10.16
  88460.228    54.065    -9.57    8.60
  88746.684    53.394    -2.34    8.28
  89033.124    53.991     2.08    9.11
  89319.549    57.609    12.63   11.97
  89605.958    60.753    10.98   12.94
  89892.353    64.445    12.89   13.83
  90178.732    66.837     8.35   13.19
  90465.096    69.221     8.32   12.48
  90751.444    70.283     3.71   11.78
  91037.778    70.466     0.64   11.58
  91324.096    72.029     5.46   13.09
  91610.399    75.647    12.64   16.28
  91896.686    81.553    20.63   18.73
  92182.959    86.829    18.43   18.21
  92469.216    93.130    22.01   15.67
  92755.458    99.642    22.75   13.12
  93041.685   105.524    20.55   11.09
  93327.896   109.705    14.61   10.20
  93614.093   112.388     9.37    9.50
  93900.274   114.379     6.95    8.97
  94186.440   115.675     4.53    8.82
  94472.590   115.148    -1.84   11.15
  94758.726   114.791    -1.25   12.84
  95044.846   114.577    -0.75   13.37
  95330.951   115.156     2.02   14.00
  95617.041   116.432     4.46   14.11
  95903.115   117.783     4.72   14.13
  96189.175   120.416     9.20   14.06
  96475.219   124.896    15.66   13.93
  96761.248   130.410    19.28   11.46
  97047.262   135.511    17.83    7.90
  97333.261   139.061    12.41    6.03
  97619.244   141.063     7.00    6.78
  97905.213   141.871     2.83    6.60
  98191.166   140.621    -4.37    8.27
  98477.104   139.405    -4.25    9.63
  98763.027   140.146     2.59    9.80
  99048.934   140.445     1.05   10.34
  99334.827   141.203     2.65   10.29
  99620.704   142.122     3.22   10.57
  99906.566   144.386     7.92   10.24
 100192.413   145.950     5.47   10.87
 100478.245   146.907     3.35   10.80
 100764.062   146.267    -2.24   10.71
