-124046.064   310.991     0.00   40.33
-123759.837   306.053   -17.25   40.91
-123473.616   301.095   -17.33   42.45
-123187.400   292.696   -29.35   41.82
-122901.190   283.058   -33.67   40.25
-122614.986   267.917   -52.90   31.65
-122328.786   258.989   -31.20   28.82
-122042.592   252.478   -22.75   21.54
-121756.404   251.192    -4.50   15.83
-121470.221   253.531     8.18   16.19
-121184.044   256.431    10.14   17.91
-120897.872   259.579    11.00   18.94
-120611.705   265.492    20.66   19.91
-120325.544   273.883    29.32   21.13
-120039.388   281.853    27.85   24.27
-119753.238   292.153    36.00   30.87
-119467.093   304.910    44.58   38.96
-119180.954   323.506    64.99   46.03
-118894.820   341.496    62.87   46.57
-118608.692   358.479    59.36   42.54
-118322.569   367.823    32.66   36.25
-118036.451   371.580    13.13   31.04
-117750.339   370.795    -2.74   28.17
-117464.232   362.912   -27.55   29.33
-117178.131   349.680   -46.25   30.97
-116892.035   334.212   -54.07   32.54
-116605.945   319.541   -51.28   31.44
-116319.860   304.143   -53.83   27.79
-116033.781   289.649   -50.66   24.94
-115747.707   276.232   -46.90   23.73
-115461.638   265.572   -37.26   22.99
-115175.575   255.996   -33.48   21.13
-114889.517   247.080   -31.17   18.99
-114603.465   238.911   -28.56   15.90
-114317.418   230.718   -28.64   14.41
-114031.377   222.651   -28.20   15.52
-113745.341   215.766   -24.07   17.26
-113459.310   208.371   -25.86   17.83
-113173.285   201.313   -24.67   16.57
-112887.265   194.198   -24.88   13.50
-112601.251   187.426   -23.68   10.18
-112315.242   183.240   -14.64    7.63
-112029.239   180.503    -9.57    5.63
-111743.241   178.874    -5.70    4.87
-111457.249   177.203    -5.84    4.16
-111171.262   175.140    -7.21    4.60
-110885.280   173.308    -6.41    5.63
-110599.304   172.248    -3.71    5.91
-110313.333   172.868     2.17    7.03
-110027.368   174.531     5.82    9.39
-109741.408   177.940    11.92   11.76
-109455.454   181.017    10.76   12.73
-109169.505   183.475     8.60   12.26
-108883.561   184.182     2.47   13.15
-108597.623   181.357    -9.88   16.03
-108311.690   175.527   -20.39   18.67
-108025.763   167.017   -29.76   20.29
-107739.841   158.558   -29.59   21.56
-107453.925   150.291   -28.91   22.70
-107168.014   140.437   -34.47   22.59
-106882.108   130.878   -33.43   20.04
-106596.208   121.859   -31.55   15.73
-106310.313   116.221   -19.72   11.66
-106024.424   112.821   -11.89    7.85
-105738.540   110.092    -9.55    4.36
-105452.661   108.912    -4.13    3.46
-105166.594   108.195    -2.51    3.55
-104879.463   108.076    -0.41    3.54
-104592.339   108.308     0.81    3.48
-104305.220   107.766    -1.89    3.61
-104018.108   106.562    -4.19    3.74
-103731.002   105.025    -5.35    3.96
-103443.903   103.604    -4.95    3.84
-103156.809   102.045    -5.43    4.51
-102869.722   100.846    -4.17    4.19
-102582.641    99.306    -5.37    4.10
-102295.566    98.178    -3.93    4.02
-102008.498    97.403    -2.70    3.80
-101721.436    96.852    -1.92    3.05
-101434.380    95.649    -4.19    3.03
-101147.330    94.273    -4.79    3.41
-100860.286    93.165    -3.86    3.13
-100573.249    92.824    -1.19    2.93
-100286.218    93.196     1.30    4.06
 -99999.193    93.252     0.20    4.26
 -99712.175    93.165    -0.30    4.24
 -99425.162    93.125    -0.14    4.31
 -99138.156    92.903    -0.77    4.48
 -98851.156    92.630    -0.95    4.62
 -98564.162    91.989    -2.23    4.12
 -98277.175    91.239    -2.61    3.69
 -97990.194    90.539    -2.44    4.35
 -97703.219    89.841    -2.43    4.94
 -97416.250    88.864    -3.40    5.57
 -97129.287    87.447    -4.94    5.52
 -96842.331    85.874    -5.48    5.13
 -96555.381    84.271    -5.59    4.62
 -96268.437    83.022    -4.35    4.60
 -95981.499    81.600    -4.96    4.22
 -95694.568    80.435    -4.06    3.43
 -95407.643    80.155    -0.98    3.27
 -95120.724    79.380    -2.70    2.91
 -94833.811    78.786    -2.07    2.83
 -94546.904    77.846    -3.28    2.77
 -94260.004    77.389    -1.59    2.55
 -93973.110    77.518     0.45    2.68
 -93686.222    77.785     0.93    2.75
 -93399.341    78.396     2.13    3.13
 -93112.465    79.896     5.23    4.41
 -92825.596    81.842     6.78    5.43
 -92538.733    84.294     8.55    5.07
 -92251.876    86.256     6.84    4.42
 -91965.026    88.212     6.82    4.84
 -91678.181    90.292     7.25    5.50
 -91391.343    91.369     3.76    6.24
 -91104.511    91.716     1.21    6.68
 -90817.685    91.148    -1.98    6.94
 -90530.866    90.702    -1.55    6.92
 -90244.053    89.114    -5.54    6.41
 -89957.246    86.759    -8.21    5.72
 -89670.445    84.486    -7.93    5.09
 -89383.650    82.630    -6.47    4.93
 -89096.862    80.806    -6.36    4.70
 -88810.080    78.818    -6.93    4.84
 -88523.304    77.162    -5.77    5.19
 -88236.534    74.911    -7.85    5.61
 -87949.770    72.808    -7.34    6.39
 -87663.013    70.193    -9.12    7.18
 -87376.262    67.301   -10.09    7.12
 -87089.517    64.230   -10.71    7.43
 -86802.778    61.168   -10.68    7.38
 -86516.045    58.464    -9.43    6.33
 -86229.319    56.241    -7.75    5.02
 -85942.599    54.138    -7.34    4.87
 -85655.885    51.814    -8.11    5.15
 -85369.177    50.094    -6.00    5.28
 -85082.476    48.946    -4.00    5.02
 -84795.780    48.291    -2.28    4.66
 -84509.091    47.932    -1.25    4.38
 -84222.408    48.940     3.51    4.84
 -83935.732    51.184     7.83    5.53
 -83649.061    52.997     6.32    5.28
 -83362.397    54.285     4.49    5.17
 -83075.739    55.502     4.25    5.28
 -82789.087    57.061     5.44    5.23
 -82502.441    58.547     5.18    4.84
 -82215.802    60.099     5.41    4.90
 -81929.168    61.550     5.06    5.51
 -81642.541    63.594     7.13    6.12
 -81355.920    65.687     7.30    5.20
 -81069.306    66.919     4.30    4.68
 -80782.697    67.045     0.44    4.42
 -80496.095    65.917    -3.94    5.13
 -80209.499    64.120    -6.27    6.40
 -79922.909    61.096   -10.55    7.04
 -79636.325    57.855   -11.31    6.78
 -79349.748    54.859   -10.45    6.03
 -79063.176    51.625   -11.29    5.85
 -78776.611    48.073   -12.40    6.08
 -78490.052    44.926   -10.98    6.22
 -78203.499    41.783   -10.97    7.20
 -77916.953    38.392   -11.83    7.74
 -77630.412    34.848   -12.37    7.33
 -77343.878    31.223   -12.65    5.94
 -77057.350    29.933    -4.50    5.15
 -76770.828    30.104     0.60    6.37
 -76484.313    30.982     3.06    7.60
 -76197.803    32.735     6.12    8.40
 -75911.300    34.109     4.79    8.18
 -75624.803    35.439     4.64    7.53
 -75338.312    36.207     2.68    6.53
 -75051.828    36.609     1.40    6.36
 -74765.349    36.660     0.18    5.94
 -74478.877    37.282     2.17    5.48
 -74192.411    37.975     2.42    5.39
 -73905.951    38.982     3.51    6.00
 -73619.497    38.912    -0.24    7.11
 -73333.049    38.576    -1.17    8.08
 -73046.608    37.526    -3.67    8.52
 -72760.173    37.877     1.23    9.24
 -72473.744    37.569    -1.08    9.57
 -72187.321    36.837    -2.56    9.38
 -71900.904    35.422    -4.94    8.56
 -71614.494    34.516    -3.16    7.84
 -71328.089    33.282    -4.31    6.95
 -71041.691    31.313    -6.87    6.04
 -70755.299    29.729    -5.53    4.65
 -70468.913    28.835    -3.12    3.80
 -70182.534    28.052    -2.73    3.06
 -69896.160    27.723    -1.15    2.78
 -69609.793    27.320    -1.41    3.26
 -69323.432    26.634    -2.40    3.81
 -69037.077    25.390    -4.35    4.57
 -68750.728    23.230    -7.54    5.48
 -68464.386    20.787    -8.53    6.05
 -68178.050    18.214    -8.98    6.23
 -67891.719    15.261   -10.31    6.73
 -67605.395    12.327   -10.25    7.24
 -67319.077     9.518    -9.81    6.40
 -67032.766     7.825    -5.92    5.22
 -66746.460     6.735    -3.81    4.62
 -66460.161     5.707    -3.59    3.21
 -66173.868     5.889     0.64    3.35
 -65887.581     7.500     5.63    5.00
 -65601.300     9.783     7.97    6.54
 -65315.025    12.045     7.90    6.89
 -65028.757    13.997     6.82    6.89
 -64742.494    16.707     9.47    6.24
 -64456.238    18.250     5.39    5.51
 -64169.988    19.150     3.14    4.69
 -63883.744    17.802    -4.71    6.24
 -63597.507    15.687    -7.39    7.98
 -63311.275    13.249    -8.52    9.40
 -63025.050     9.939   -11.56    9.68
 -62738.831     7.004   -10.26    8.98
 -62452.618     4.003   -10.48    7.54
 -62166.411     1.940    -7.21    5.76
 -61880.210     0.586    -4.73    3.99
 -61594.016    -0.104    -2.41    2.28
 -61307.827    -0.069     0.12    2.10
 -61021.645     0.827     3.13    3.38
 -60735.469     1.941     3.89    4.41
 -60449.299     3.363     4.97    5.15
 -60163.135     5.220     6.49    6.04
 -59876.978     7.313     7.32    6.29
 -59590.827     9.199     6.59    5.91
 -59304.681    10.982     6.23    5.16
 -59018.542    12.194     4.24    4.16
 -58732.409    12.246     0.18    3.72
 -58446.282    11.233    -3.54    4.71
 -58160.162     9.320    -6.69    5.70
 -57874.047     7.277    -7.14    6.23
 -57587.939     5.239    -7.12    6.22
 -57301.837     3.185    -7.18    5.65
 -57015.741     0.776    -8.42    3.90
 -56729.651    -0.735    -5.28    1.48
 -56443.567    -1.032    -1.04    0.00
 -56157.490    -1.032     0.00    0.00
 -55871.418    -1.032     0.00    0.00
 -55585.353    -1.032     0.00    0.00
 -55299.294    -1.032     0.00    0.00
 -55013.241    -1.032     0.00    0.00
 -54727.194    -1.032     0.00    0.00
 -54441.154    -1.032     0.00    0.00
 -54155.119    -1.032     0.00    0.00
 -53869.091    -0.751     0.98    1.59
 -53583.069    -0.827    -0.27    1.34
 -53297.053    -0.953    -0.44    0.78
 -53011.043    -1.032    -0.28    0.00
 -52725.039    -1.011     0.07    0.19
 -52439.041    -0.400     2.14    2.08
 -52153.050     0.363     2.67    3.14
 -51867.065     0.946     2.04    3.37
 -51581.085     1.457     1.79    3.50
 -51295.112     1.602     0.51    3.31
 -51009.145     1.572    -0.10    2.86
 -50723.185     1.996     1.48    2.82
 -50437.230     2.632     2.22    3.17
 -50151.282     3.747     3.90    4.36
 -49865.339     4.549     2.81    4.91
 -49579.403     5.191     2.24    5.19
 -49293.473     5.566     1.31    5.08
 -49007.549     5.388    -0.62    5.01
 -48721.631     4.674    -2.50    5.05
 -48435.720     3.575    -3.84    4.81
 -48149.814     2.134    -5.04    3.13
 -47863.915     1.761    -1.31    2.26
 -47578.022     1.806     0.16    2.11
 -47292.134     2.446     2.24    2.48
 -47006.254     2.823     1.32    2.70
 -46720.379     2.940     0.41    2.76
 -46434.510     2.742    -0.69    2.80
 -46148.647     2.424    -1.11    2.73
 -45862.791     2.047    -1.32    2.63
 -45576.941     1.492    -1.94    2.34
 -45291.097     0.759    -2.56    1.18
 -45005.259     0.736    -0.08    1.18
 -44719.427     0.982     0.86    1.41
 -44433.601     1.562     2.03    1.95
 -44147.781     2.403     2.94    2.44
 -43861.968     3.497     3.83    2.70
 -43576.160     4.260     2.67    2.56
 -43290.023     4.940     2.38    2.21
 -43002.814     5.204     0.92    2.13
 -42715.612     5.299     0.33    2.12
 -42428.417     5.236    -0.22    2.13
 -42141.229     5.233    -0.01    1.98
 -41854.048     5.355     0.42    1.65
 -41566.874     5.605     0.87    1.29
 -41279.707     5.689     0.29    1.35
 -40992.547     5.580    -0.38    1.70
 -40705.394     5.613     0.11    1.70
 -40418.247     5.734     0.42    1.54
 -40131.108     5.876     0.49    1.34
 -39843.976     5.982     0.37    0.99
 -39556.850     5.522    -1.60    1.72
 -39269.732     4.716    -2.81    2.57
 -38982.621     3.632    -3.78    3.08
 -38695.516     2.761    -3.03    3.30
 -38408.418     2.098    -2.31    3.30
 -38121.328     1.637    -1.61    3.17
 -37834.244     1.583    -0.19    3.08
 -37547.167     1.573    -0.03    3.00
 -37260.098     1.736     0.57    2.89
 -36973.035     2.209     1.65    2.79
 -36685.979     2.975     2.67    2.64
 -36398.930     3.169     0.68    2.63
 -36111.888     2.903    -0.93    2.64
 -35824.853     2.933     0.10    2.70
 -35537.825     3.565     2.20    2.67
 -35250.804     4.236     2.34    2.47
 -34963.790     4.917     2.37    2.05
 -34676.783     5.388     1.64    1.64
 -34389.782     5.877     1.70    0.82
 -34102.789     6.046     0.59    0.52
 -33815.802     6.125     0.27    0.51
 -33528.823     6.173     0.17    0.53
 -33241.851     6.191     0.06    0.58
 -32954.885     6.149    -0.15    0.57
 -32667.926     6.087    -0.22    0.81
 -32380.975     6.134     0.17    1.05
 -32094.030     6.250     0.40    1.02
 -31807.092     6.156    -0.33    1.26
 -31520.161     5.954    -0.70    1.58
 -31233.237     5.982     0.10    1.68
 -30946.320     6.753     2.69    2.46
 -30659.410     7.889     3.96    3.75
 -30372.507     9.380     5.20    4.65
 -30085.611    11.223     6.42    4.93
 -29798.722    13.178     6.81    4.43
 -29511.839    14.975     6.26    3.19
 -29224.964    15.709     2.56    2.09
 -28938.095    15.613    -0.34    2.28
 -28651.234    15.460    -0.53    2.37
 -28364.379    15.244    -0.76    2.29
 -28077.532    14.982    -0.91    2.16
 -27790.691    14.702    -0.98    1.93
 -27503.857    14.802     0.35    1.98
 -27217.030    15.081     0.97    1.67
 -26930.210    15.138     0.20    1.72
 -26643.397    14.895    -0.85    2.08
 -26356.591    14.649    -0.86    2.20
 -26069.792    14.531    -0.41    2.14
 -25783.000    14.553     0.08    1.97
 -25496.214    14.591     0.13    1.86
 -25209.436    14.765     0.61    1.74
 -24922.665    14.852     0.30    1.84
 -24635.900    14.910     0.20    1.74
 -24349.142    14.685    -0.78    1.84
 -24062.392    14.376    -1.08    2.04
 -23775.648    14.003    -1.30    2.03
 -23488.911    13.663    -1.18    1.98
 -23202.181    13.435    -0.80    1.95
 -22915.458    13.492     0.20    1.89
 -22628.742    13.684     0.67    1.84
 -22342.033    13.895     0.74    1.77
 -22055.330    14.418     1.82    1.83
 -21768.635    14.981     1.96    2.05
 -21481.947    15.192     0.74    2.19
 -21195.265    15.068    -0.43    2.46
 -20908.590    14.821    -0.86    2.54
 -20621.923    14.384    -1.52    2.29
 -20335.262    13.823    -1.96    1.77
 -20048.608    13.714    -0.38    1.64
 -19761.961    14.200     1.70    2.02
 -19475.321    13.707    -1.72    3.75
 -19188.688    11.859    -6.45    6.16
 -18902.062    10.223    -5.71    7.29
 -18615.442     9.743    -1.67    7.73
 -18328.830     9.853     0.38    7.88
 -18042.224     9.874     0.08    7.87
 -17755.626    10.660     2.74    7.45
 -17469.034    12.735     7.24    5.97
 -17182.449    14.076     4.68    3.74
 -16895.871    13.522    -1.94    4.05
 -16609.300    12.068    -5.07    4.78
 -16322.736    10.506    -5.45    5.21
 -16036.179     9.323    -4.13    5.28
 -15749.629     9.322    -0.00    5.83
 -15463.085     9.182    -0.49    6.17
 -15176.549     9.081    -0.35    6.32
 -14890.019     9.730     2.27    6.24
 -14603.497    10.226     1.73    5.92
 -14316.981    10.705     1.67    5.79
 -14030.472    10.366    -1.18    5.60
 -13743.970     9.363    -3.50    4.97
 -13457.475     9.418     0.19    4.80
 -13170.987    10.735     4.60    5.58
 -12884.506    12.105     4.78    6.34
 -12598.031    12.874     2.68    6.70
 -12311.564    13.810     3.27    6.58
 -12025.103    14.811     3.49    6.43
 -11738.649    15.939     3.94    5.89
 -11452.203    16.771     2.90    5.08
 -11165.763    16.282    -1.71    4.94
 -10879.330    15.040    -4.34    5.69
 -10592.903    13.931    -3.87    6.31
 -10306.484    12.744    -4.15    6.77
 -10020.072    11.320    -4.97    6.82
  -9733.666     9.700    -5.66    6.38
  -9447.268     9.453    -0.86    5.91
  -9160.876    11.192     6.07    6.62
  -8874.491    13.002     6.32    7.11
  -8588.113    14.989     6.94    7.09
  -8301.742    17.024     7.11    6.11
  -8015.378    18.826     6.29    4.28
  -7729.021    19.867     3.64    2.34
  -7442.671    20.243     1.31    1.87
  -7156.327    20.268     0.09    1.98
  -6869.990    20.134    -0.47    2.01
  -6583.661    20.243     0.38    2.00
  -6297.338    20.330     0.30    1.98
  -6011.022    20.287    -0.15    2.03
  -5724.713    20.235    -0.18    1.92
  -5438.411    20.084    -0.53    1.81
  -5152.115    19.975    -0.38    1.72
  -4865.827    19.827    -0.52    1.79
  -4579.545    19.868     0.15    1.83
  -4293.270    19.796    -0.25    1.86
  -4007.003    19.590    -0.72    1.97
  -3720.742    19.457    -0.46    1.97
  -3434.488    19.345    -0.39    2.15
  -3148.240    19.294    -0.18    2.33
  -2862.000    19.397     0.36    2.42
  -2575.767    19.842     1.55    2.55
  -2289.540    20.162     1.12    2.66
  -2003.320    20.171     0.03    3.29
  -1717.107    18.146    -7.07    7.19
  -1430.901    15.256   -10.10    9.57
  -1144.702    12.134   -10.91   10.57
   -858.510     8.386   -13.10   10.24
   -572.325     5.085   -11.54    8.78
   -286.146     2.089   -10.47    6.02
      0.025     0.097    -6.96    1.23
    286.190     2.394     8.03    9.23
    572.348     8.725    22.12   18.11
    858.499    17.874    31.97   23.47
   1144.643    26.453    29.98   24.75
   1430.781    34.644    28.62   22.03
   1716.911    40.658    21.02   16.50
   2003.035    44.526    13.52    9.48
   2289.151    44.845     1.11    7.99
   2575.261    43.598    -4.36    7.50
   2861.364    42.926    -2.35    6.50
   3147.460    43.352     1.49    5.91
   3433.550    45.165     6.34    5.01
   3719.632    46.968     6.30    2.46
   4005.708    46.946    -0.08    2.20
   4291.776    46.953     0.03    2.53
   4577.838    47.045     0.32    2.53
   4863.893    47.121     0.26    2.60
   5149.941    47.323     0.71    2.36
   5435.983    47.185    -0.48    2.11
   5722.017    46.926    -0.91    2.08
   6008.045    46.338    -2.05    2.85
   6294.065    44.562    -6.21    4.43
   6580.079    42.464    -7.33    5.15
   6866.086    40.390    -7.25    5.28
   7152.086    39.131    -4.40    4.77
   7438.080    38.613    -1.81    3.88
   7724.066    38.576    -0.13    3.25
   8010.046    38.471    -0.37    2.94
   8296.018    38.787     1.10    2.76
   8581.984    39.385     2.09    2.48
   8867.943    39.674     1.01    2.79
   9153.896    39.819     0.51    3.10
   9439.841    39.939     0.42    3.50
   9725.780    40.041     0.36    3.88
  10011.711    39.559    -1.69    4.09
  10297.636    38.611    -3.32    4.44
  10583.554    38.004    -2.12    4.48
  10869.465    37.090    -3.20    4.32
  11155.370    35.891    -4.19    4.59
  11441.267    33.769    -7.42    6.22
  11727.158    31.794    -6.91    7.05
  12013.041    31.095    -2.44    7.42
  12298.918    31.161     0.23    8.02
  12584.789    31.924     2.67    7.97
  12870.652    31.598    -1.14    8.26
  13156.508    31.433    -0.58    7.93
  13442.358    33.130     5.94    6.90
  13728.201    34.243     3.90    6.39
  14014.037    34.399     0.55    6.20
  14299.866    34.256    -0.50    6.18
  14585.688    34.684     1.50    5.75
  14871.503    35.402     2.51    5.12
  15157.312    35.585     0.64    4.52
  15443.114    34.975    -2.13    4.37
  15728.909    34.040    -3.27    4.47
  16014.697    33.823    -0.76    4.30
  16300.478    34.310     1.71    3.77
  16586.252    34.968     2.30    3.04
  16872.020    35.428     1.61    2.65
  17157.781    35.787     1.25    2.33
  17443.535    36.275     1.71    1.94
  17729.282    36.475     0.70    2.11
  18015.022    36.381    -0.33    2.59
  18300.756    35.766    -2.15    3.26
  18586.988    34.744    -3.57    3.97
  18874.274    34.026    -2.50    4.48
  19161.552    33.917    -0.38    4.55
  19448.823    33.918     0.00    4.74
  19736.086    34.422     1.75    4.67
  20023.342    35.308     3.08    4.33
  20310.589    36.339     3.59    3.26
  20597.829    36.903     1.96    2.34
  20885.062    36.479    -1.48    3.12
  21172.286    35.468    -3.52    3.68
  21459.503    34.223    -4.33    4.19
  21746.712    33.539    -2.38    3.75
  22033.914    33.171    -1.28    3.09
  22321.108    32.883    -1.00    2.61
  22608.294    32.755    -0.45    2.35
  22895.473    32.486    -0.94    2.36
  23182.644    31.996    -1.71    2.81
  23469.807    30.566    -4.98    3.98
  23756.962    28.550    -7.02    5.34
  24044.110    26.547    -6.98    6.62
  24331.251    24.049    -8.70    7.50
  24618.383    21.418    -9.17    7.15
  24905.508    19.148    -7.91    5.90
  25192.625    17.721    -4.97    5.10
  25479.735    17.425    -1.03    4.74
  25766.837    16.836    -2.05    4.18
  26053.931    15.400    -5.00    5.54
  26341.017    13.590    -6.31    6.34
  26628.096    12.258    -4.64    6.05
  26915.168    12.236    -0.08    6.30
  27202.231    11.947    -1.01    6.43
  27489.287    13.137     4.14    6.98
  27776.335    15.997     9.96    7.74
  28063.376    19.225    11.25    6.98
  28350.409    21.322     7.31    6.16
  28637.434    23.012     5.89    6.05
  28924.452    24.651     5.71    5.69
  29211.462    26.319     5.81    4.23
  29498.464    27.723     4.89    2.69
  29785.459    27.823     0.35    2.45
  30072.446    27.968     0.50    2.77
  30359.425    28.266     1.04    2.96
  30646.397    27.990    -0.96    3.07
  30933.361    27.783    -0.72    3.19
  31220.317    27.576    -0.72    3.36
  31507.266    26.272    -4.54    5.02
  31794.207    24.076    -7.65    6.93
  32081.140    21.864    -7.71    8.00
  32368.066    19.753    -7.36    8.05
  32654.984    18.424    -4.63    7.58
  32941.895    18.046    -1.32    7.45
  33228.797    19.116     3.73    7.70
  33515.693    19.705     2.05    7.61
  33802.580    19.854     0.52    7.88
  34089.460    19.478    -1.31    7.66
  34376.332    19.011    -1.63    7.23
  34663.197    18.765    -0.86    7.26
  34950.054    19.157     1.37    7.91
  35236.903    19.602     1.55    8.56
  35523.745    20.376     2.70    9.17
  35810.579    21.521     3.99    9.32
  36097.406    21.835     1.09    9.23
  36384.224    21.171    -2.32    9.22
  36671.036    20.234    -3.27    8.57
  36957.839    20.382     0.51    7.87
  37244.635    20.634     0.88    7.98
  37531.423    21.778     3.99    8.38
  37818.204    22.739     3.35    8.48
  38104.977    24.811     7.22    7.42
  38391.742    27.330     8.79    5.28
  38678.500    28.841     5.27    4.05
  38965.250    29.072     0.81    3.93
  39251.993    28.787    -1.00    3.61
  39538.728    28.374    -1.44    3.39
  39825.455    28.545     0.60    3.24
  40112.174    28.582     0.13    2.98
  40398.886    28.471    -0.39    2.82
  40685.591    28.138    -1.16    2.92
  40972.287    27.555    -2.03    3.23
  41258.976    26.845    -2.48    3.68
  41545.658    25.925    -3.21    4.18
  41832.332    24.730    -4.17    4.65
  42118.998    23.649    -3.77    4.81
  42405.657    22.741    -3.17    4.79
  42692.308    22.768     0.09    5.01
  42978.951    23.318     1.92    4.95
  43265.587    23.121    -0.69    4.99
  43552.215    22.799    -1.12    4.90
  43838.835    22.242    -1.94    4.56
  44125.448    21.866    -1.31    4.51
  44412.054    22.284     1.46    4.49
  44698.651    23.320     3.61    4.75
  44985.241    24.034     2.49    5.04
  45271.824    24.431     1.39    5.19
  45558.399    24.961     1.85    5.27
  45844.966    24.911    -0.17    5.16
  46131.526    24.700    -0.74    4.86
  46418.078    24.457    -0.85    4.90
  46704.622    24.685     0.80    5.15
  46991.159    24.714     0.10    5.36
  47277.688    24.975     0.91    5.35
  47564.210    25.493     1.81    5.78
  47850.724    25.500     0.03    6.38
  48137.230    25.343    -0.55    6.56
  48423.729    25.411     0.24    6.48
  48710.220    24.933    -1.67    6.12
  48996.704    24.656    -0.96    5.65
  49283.179    24.646    -0.03    5.04
  49569.648    24.996     1.22    4.71
  49856.109    25.077     0.28    4.19
  50142.562    25.376     1.04    3.75
  50429.007    25.689     1.09    3.78
  50715.445    25.954     0.92    4.27
  51001.876    26.176     0.78    5.04
  51288.299    26.817     2.24    5.37
  51574.714    27.327     1.78    5.58
  51861.121    28.055     2.54    5.25
  52147.521    28.694     2.23    4.70
  52433.914    29.411     2.50    3.91
  52720.299    29.843     1.51    3.63
  53006.676    29.601    -0.84    3.90
  53293.045    29.384    -0.76    4.76
  53579.407    29.184    -0.70    5.29
  53865.762    29.113    -0.25    5.83
  54152.109    29.475     1.26    6.00
  54438.448    30.040     1.97    5.93
  54724.780    31.040     3.49    5.38
  55011.104    31.683     2.25    4.60
  55297.420    32.256     2.00    3.73
  55583.729    32.053    -0.71    3.59
  55870.031    31.497    -1.94    3.60
  56156.324    30.799    -2.44    3.52
  56442.611    30.094    -2.46    3.28
  56728.889    29.501    -2.07    3.14
  57015.160    29.250    -0.87    3.16
  57301.424    29.203    -0.16    3.13
  57587.680    29.698     1.73    2.88
  57873.928    30.004     1.07    2.71
  58160.169    30.372     1.29    2.50
  58446.402    30.548     0.62    2.27
  58732.627    30.247    -1.05    2.67
  59018.845    29.546    -2.45    3.37
  59305.056    28.468    -3.77    3.61
  59591.259    27.649    -2.86    3.30
  59877.454    27.245    -1.41    3.06
  60163.642    27.296     0.18    3.20
  60449.822    27.428     0.46    3.29
  60735.994    27.946     1.81    3.33
  61022.159    28.954     3.52    3.16
  61308.317    29.854     3.15    2.33
  61594.466    29.975     0.42    2.17
  61880.609    29.735    -0.84    2.35
  62166.743    29.031    -2.46    2.97
  62452.871    27.736    -4.53    3.98
  62738.990    26.352    -4.84    4.39
  63025.102    25.548    -2.81    4.45
  63311.207    25.024    -1.83    4.33
  63597.304    24.406    -2.16    4.50
  63883.393    24.393    -0.04    4.84
  64169.475    24.829     1.52    5.16
  64455.549    24.992     0.57    4.60
