-197397.397    54.642     0.00    3.12
-197110.310    55.460     2.85    3.08
-196823.203    56.447     3.44    2.78
-196536.076    56.831     1.34    2.48
-196248.929    56.779    -0.18    2.46
-195961.762    56.674    -0.37    2.97
-195674.575    55.879    -2.77    4.02
-195387.369    54.323    -5.41    5.11
-195100.142    52.313    -7.00    5.66
-194812.896    49.887    -8.44    5.33
-194525.630    47.773    -7.36    4.25
-194238.343    46.448    -4.61    3.23
-193951.037    45.414    -3.60    2.11
-193663.711    44.893    -1.81    1.41
-193376.365    44.738    -0.54    1.40
-193088.999    45.221     1.68    1.52
-192801.613    45.579     1.25    1.33
-192514.207    45.638     0.21    1.22
-192226.782    45.572    -0.23    1.23
-191939.336    45.456    -0.40    1.31
-191651.870    45.287    -0.59    1.65
-191364.384    44.629    -2.29    2.09
-191076.879    43.824    -2.80    2.50
-190789.353    42.817    -3.50    2.42
-190501.807    42.179    -2.22    2.20
-190214.242    41.626    -1.92    1.72
-189926.656    41.669     0.15    2.06
-189639.051    42.137     1.63    2.85
-189351.425    42.659     1.81    3.32
-189063.779    42.520    -0.48    3.86
-188776.114    41.471    -3.65    4.75
-188488.428    40.221    -4.34    5.12
-188200.722    38.504    -5.97    5.19
-187912.997    36.916    -5.52    5.36
-187625.251    35.751    -4.05    5.42
-187337.485    35.069    -2.37    5.42
-187049.699    34.055    -3.52    5.61
-186761.893    32.729    -4.61    6.22
-186474.067    29.203   -12.25    9.29
-186186.221    25.287   -13.60   11.23
-185898.355    21.171   -14.30   11.68
-185610.469    17.063   -14.27   10.55
-185322.563    12.957   -14.26    7.76
-185034.637    10.529    -8.43    5.66
-184746.690     9.011    -5.27    4.36
-184458.724     8.861    -0.52    4.22
-184170.737     9.843     3.41    5.23
-183882.731    11.604     6.11    6.23
-183594.704    13.826     7.71    6.89
-183306.657    16.341     8.73    7.17
-183018.590    19.109     9.61    6.70
-182730.503    21.644     8.80    5.29
-182442.396    23.755     7.32    3.76
-182154.269    25.290     5.33    3.63
-181866.121    26.065     2.69    4.09
-181577.954    26.382     1.10    4.39
-181289.766    26.195    -0.65    4.71
-181001.558    25.647    -1.90    4.83
-180713.330    24.617    -3.57    4.21
-180425.082    23.788    -2.87    3.53
-180136.814    22.695    -3.79    2.17
-179848.525    22.151    -1.89    1.42
-179560.217    22.351     0.69    2.03
-179271.888    22.873     1.81    2.62
-178983.539    22.958     0.29    2.98
-178695.170    22.560    -1.38    4.17
-178406.781    21.890    -2.32    5.05
-178118.371    21.348    -1.88    5.11
-177829.941    21.094    -0.88    4.88
-177541.491    20.655    -1.52    4.62
-177253.021    20.609    -0.16    4.41
-176964.531    21.511     3.13    4.25
-176676.020    23.026     5.25    3.92
-176387.489    24.652     5.63    4.39
-176098.938    25.678     3.55    5.50
-175810.367    25.904     0.79    5.75
-175521.776    25.397    -1.76    6.29
-175233.164    24.160    -4.28    6.24
-174944.532    23.134    -3.55    6.15
-174655.880    22.092    -3.61    6.55
-174367.207    21.036    -3.66    6.35
-174078.514    20.890    -0.50    6.51
-173789.801    21.040     0.52    7.00
-173501.068    21.016    -0.08    6.85
-173212.315    20.120    -3.10    7.22
-172923.541    19.186    -3.23    7.62
-172634.747    17.376    -6.27    6.58
-172347.531    16.674    -2.44    5.83
-172062.935    16.907     0.82    5.56
-171778.321    18.005     3.86    6.05
-171493.688    19.534     5.37    6.21
-171209.036    22.337     9.85    6.55
-170924.365    25.135     9.83    6.77
-170639.674    28.078    10.34    6.94
-170354.965    30.092     7.08    5.97
-170070.237    30.918     2.90    5.45
-169785.490    30.673    -0.86    5.55
-169500.724    29.055    -5.68    5.25
-169215.940    27.077    -6.95    5.99
-168931.136    24.271    -9.85    5.78
-168646.313    21.845    -8.52    5.26
-168361.471    20.382    -5.14    4.85
-168076.610    19.477    -3.18    4.51
-167791.730    19.186    -1.02    4.45
-167506.831    19.178    -0.03    4.39
-167221.913    19.751     2.01    4.67
-166936.976    20.119     1.29    4.96
-166652.020    20.617     1.75    5.27
-166367.045    20.325    -1.03    6.17
-166082.051    19.137    -4.17    6.81
-165797.038    17.622    -5.31    6.80
-165512.006    15.837    -6.26    5.67
-165226.955    14.486    -4.74    3.90
-164941.885    13.658    -2.90    3.00
-164656.796    12.995    -2.33    3.07
-164371.687    13.298     1.07    3.78
-164086.560    14.373     3.77    4.55
-163801.413    16.528     7.56    5.84
-163516.248    18.443     6.71    6.79
-163231.063    20.090     5.78    7.22
-162945.860    22.436     8.22    7.06
-162660.637    25.084     9.28    6.28
-162375.395    26.983     6.66    5.61
-162090.134    27.834     2.98    5.23
-161804.854    27.355    -1.68    5.74
-161519.555    26.850    -1.77    6.16
-161234.237    26.057    -2.78    6.40
-160948.900    24.910    -4.02    5.74
-160663.544    23.511    -4.90    4.22
-160378.168    22.649    -3.02    3.76
-160092.773    22.127    -1.83    3.96
-159807.360    21.394    -2.57    4.17
-159521.927    20.721    -2.36    4.07
-159236.475    20.118    -2.11    3.52
-158951.004    20.118     0.00    3.33
-158665.513    21.399     4.48    4.76
-158380.004    23.092     5.93    5.24
-158094.475    25.255     7.57    5.52
-157808.927    27.312     7.20    6.00
-157523.360    29.873     8.97    6.77
-157237.774    31.936     7.22    6.54
-156952.169    32.890     3.34    6.40
-156666.545    34.104     4.25    6.57
-156380.901    35.925     6.37    7.52
-156095.238    37.152     4.29    8.57
-155809.556    37.839     2.41    9.61
-155523.855    39.429     5.56   10.73
-155238.135    41.781     8.23   11.83
-154952.395    44.342     8.96   12.47
-154666.636    47.846    12.26   12.37
-154380.858    51.492    12.76   11.76
-154095.061    55.791    15.04   10.05
-153809.245    58.178     8.35    8.69
-153523.409    58.851     2.35    9.15
-153237.554    58.445    -1.42   10.59
-152951.680    55.229   -11.25   11.75
-152665.786    51.987   -11.34   11.89
-152379.874    48.721   -11.42   10.50
-152093.942    45.519   -11.20    8.74
-151807.991    42.366   -11.03    7.85
-151522.020    40.006    -8.25    8.29
-151236.031    38.396    -5.63    8.52
-150950.022    36.861    -5.37    8.83
-150663.994    35.921    -3.29    9.66
-150377.946    35.427    -1.72    9.60
-150091.880    35.125    -1.06    9.57
-149805.794    36.488     4.76   10.04
-149519.688    38.543     7.18   10.20
-149233.564    39.937     4.87    9.94
-148947.420    41.678     6.08    8.98
-148661.257    44.009     8.15    6.49
-148375.074    44.971     3.36    4.39
-148088.872    45.416     1.55    3.42
-147802.651    45.712     1.04    3.50
-147516.411    45.791     0.28    3.49
-147230.151    45.942     0.53    2.97
-146943.872    46.195     0.88    2.39
-146657.574    46.574     1.32    2.09
-146371.256    47.393     2.86    2.02
-146084.919    48.419     3.58    2.45
-145798.562    49.324     3.16    2.50
-145512.187    50.050     2.53    2.64
-145225.791    50.404     1.24    2.48
-144939.377    50.128    -0.96    2.56
-144652.943    49.160    -3.38    3.15
-144366.490    47.874    -4.49    3.72
-144080.017    46.688    -4.14    3.61
-143793.525    45.747    -3.29    3.40
-143507.014    45.473    -0.96    3.11
-143220.483    45.634     0.56    3.22
-142933.933    46.487     2.98    3.57
-142647.363    47.777     4.50    3.87
-142360.774    49.359     5.52    4.04
-142074.166    50.775     4.94    3.79
-141787.538    51.998     4.27    3.26
-141500.891    53.021     3.57    3.16
-141214.224    54.305     4.48    3.77
-140927.538    54.521     0.75    4.17
-140640.833    54.212    -1.08    4.52
-140354.108    53.785    -1.49    4.67
-140067.364    52.994    -2.76    4.44
-139780.600    52.271    -2.52    4.03
-139493.817    51.902    -1.29    3.20
-139207.014    51.703    -0.69    2.03
-138920.192    52.111     1.42    2.39
-138633.350    53.469     4.73    3.86
-138346.489    55.406     6.75    5.21
-138059.609    57.399     6.95    5.96
-137772.709    59.014     5.63    6.42
-137485.789    60.845     6.38    6.72
-137198.850    62.297     5.06    6.77
-136911.892    63.464     4.07    6.56
-136624.914    63.746     0.98    6.12
-136337.917    62.841    -3.15    5.67
-136050.900    61.979    -3.00    5.16
-135763.863    61.027    -3.32    5.17
-135476.807    59.826    -4.19    4.84
-135189.732    59.047    -2.71    4.41
-134902.637    59.017    -0.10    3.86
-134615.522    58.860    -0.55    3.84
-134328.388    58.929     0.24    4.18
-134041.235    58.522    -1.42    4.68
-133754.061    57.346    -4.10    5.21
-133466.869    56.064    -4.46    5.19
-133179.657    54.939    -3.92    4.84
-132892.425    53.876    -3.70    3.78
-132605.173    54.245     1.29    4.69
-132317.903    55.749     5.23    7.05
-132030.612    57.910     7.52    8.76
-131743.302    61.374    12.06    9.06
-131455.972    62.400     3.57    8.28
-131168.623    62.890     1.71    7.67
-130881.254    62.781    -0.38    7.74
-130593.866    60.746    -7.08    7.97
-130306.458    58.687    -7.16    7.42
-130019.031    56.599    -7.27    6.09
-129731.583    54.686    -6.66    4.60
-129444.117    53.347    -4.66    4.19
-129156.630    52.729    -2.15    4.06
-128869.124    53.117     1.35    4.12
-128581.599    53.747     2.19    4.03
-128294.053    54.475     2.53    3.57
-128006.489    54.534     0.21    3.76
-127718.904    54.554     0.07    3.98
-127431.300    53.884    -2.33    4.71
-127143.676    52.918    -3.36    5.22
-126856.033    51.426    -5.19    5.60
-126568.370    49.347    -7.23    5.83
-126280.687    47.051    -7.98    6.07
-125992.984    44.741    -8.03    6.09
-125705.262    42.349    -8.31    4.95
-125417.520    40.695    -5.75    3.49
-125129.759    40.128    -1.97    2.88
-124841.978    39.862    -0.92    2.73
-124554.177    39.497    -1.27    2.77
-124266.357    39.143    -1.23    3.30
-123978.516    39.163     0.07    3.46
-123690.656    39.940     2.70    3.81
-123402.777    41.315     4.78    4.81
-123114.877    42.428     3.86    5.56
-122826.958    44.047     5.62    5.96
-122539.020    45.874     6.34    5.70
-122251.061    47.600     5.99    4.62
-121963.083    48.636     3.60    3.42
-121675.085    49.287     2.26    2.78
-121387.067    49.649     1.26    2.87
-121099.030    49.945     1.03    3.26
-120810.973    50.212     0.93    4.56
-120522.896    50.683     1.64    5.92
-120234.799    51.290     2.10    6.63
-119946.682    51.169    -0.42    7.78
-119658.546    48.796    -8.24    9.87
-119370.390    45.448   -11.62   11.57
-119082.214    41.928   -12.21   11.95
-118794.019    37.760   -14.46   10.89
-118505.804    33.582   -14.49    8.46
-118217.568    30.313   -11.34    5.41
-117929.313    28.619    -5.88    4.25
-117641.039    27.600    -3.53    3.75
-117352.744    26.964    -2.20    3.52
-117064.430    26.127    -2.90    2.78
-116776.096    25.600    -1.83    1.93
-116487.742    25.822     0.77    1.80
-116199.368    26.571     2.59    2.40
-115910.974    27.554     3.41    2.51
-115622.561    28.386     2.88    2.26
-115334.127    28.412     0.09    2.23
-115045.674    28.229    -0.64    2.35
-114757.201    28.092    -0.47    2.58
-114468.708    28.428     1.16    2.87
-114180.196    28.123    -1.06    2.93
-113891.663    28.524     1.39    3.55
-113603.111    28.867     1.19    3.87
-113314.538    29.531     2.30    3.77
-113025.946    29.704     0.60    3.45
-112737.334    29.604    -0.35    3.45
-112448.702    29.003    -2.08    3.54
-112160.050    27.683    -4.57    4.43
-111871.379    26.287    -4.83    5.43
-111582.687    24.966    -4.58    5.80
-111293.975    23.551    -4.90    5.68
-111005.244    22.441    -3.84    6.24
-110716.493    21.104    -4.63    6.94
-110429.792    19.479    -5.67    6.99
-110145.164    17.721    -6.18    6.73
-109860.517    16.271    -5.09    6.36
-109575.851    14.414    -6.52    5.45
-109291.167    12.041    -8.33    3.33
-109006.464    11.500    -1.90    3.72
-108721.743    10.821    -2.39    4.31
-108437.003     9.862    -3.37    5.04
-108152.245     9.451    -1.44    4.53
-107867.468     9.401    -0.18    4.38
-107582.672     9.971     2.00    4.51
-107297.858    10.919     3.33    5.18
-107013.025    12.475     5.46    6.77
-106728.174    15.483    10.56    8.29
-106443.303    19.315    13.45    9.03
-106158.415    23.096    13.27    9.14
-105873.507    26.504    11.96    7.92
-105588.581    29.602    10.87    5.55
-105303.636    31.763     7.58    2.97
-105018.673    32.868     3.88    1.95
-104733.691    33.431     1.98    2.12
-104448.690    33.636     0.72    2.09
-104163.671    33.314    -1.13    2.11
-103878.633    32.716    -2.10    2.50
-103593.576    32.074    -2.25    3.00
-103308.501    31.462    -2.15    3.22
-103023.407    31.002    -1.61    3.23
-102738.294    30.305    -2.44    2.60
-102453.163    29.798    -1.78    2.13
-102168.013    29.346    -1.59    2.42
-101882.844    29.537     0.67    2.53
-101597.657    29.845     1.08    2.69
-101312.451    30.477     2.22    2.83
-101027.226    30.787     1.09    2.98
-100741.982    31.758     3.40    3.15
-100456.720    33.091     4.67    2.90
-100171.439    34.001     3.19    2.73
 -99886.139    34.660     2.31    2.74
 -99600.820    34.979     1.12    2.93
 -99315.483    34.624    -1.24    3.33
 -99030.127    34.017    -2.13    3.67
 -98744.753    33.161    -3.00    3.52
 -98459.359    32.170    -3.47    2.77
 -98173.947    31.506    -2.32    2.37
 -97888.516    30.971    -1.88    2.03
 -97603.066    30.767    -0.71    1.93
 -97317.598    31.153     1.35    2.35
 -97032.110    32.346     4.18    3.25
 -96746.604    33.824     5.18    4.03
 -96461.080    35.324     5.25    4.30
 -96175.536    36.621     4.54    4.07
 -95889.974    38.046     4.99    3.56
 -95604.392    39.453     4.93    2.72
 -95318.792    39.770     1.11    2.62
 -95033.174    39.769    -0.00    2.55
 -94747.536    39.657    -0.39    2.23
 -94461.880    39.639    -0.06    2.09
 -94176.204    39.753     0.40    2.23
 -93890.510    39.915     0.57    2.39
 -93604.798    40.497     2.04    2.49
 -93319.066    41.146     2.27    2.35
 -93033.315    41.387     0.85    2.23
 -92747.546    41.101    -1.00    2.51
 -92461.758    40.091    -3.53    3.55
 -92175.951    38.692    -4.90    4.23
 -91890.125    37.103    -5.56    4.53
 -91604.280    35.641    -5.12    4.32
 -91318.417    34.571    -3.74    3.72
 -91032.534    34.027    -1.90    2.68
 -90746.633    33.810    -0.76    1.86
 -90460.713    33.831     0.07    2.35
 -90174.774    34.212     1.33    3.23
 -89888.816    34.907     2.43    4.05
 -89602.839    36.143     4.32    4.45
 -89316.844    37.294     4.03    4.76
 -89030.829    38.180     3.10    4.39
 -88744.795    38.540     1.26    3.82
 -88458.743    37.369    -4.09    4.72
 -88172.672    35.213    -7.54    5.93
 -87886.582    32.653    -8.95    7.03
 -87600.473    29.331   -11.61    7.51
 -87314.345    26.011   -11.60    6.60
 -87028.198    23.112   -10.13    4.73
 -86742.032    21.026    -7.29    3.07
 -86455.847    20.137    -3.11    2.29
 -86169.643    19.923    -0.75    2.34
 -85883.421    20.117     0.68    2.70
 -85597.179    21.016     3.14    2.63
 -85310.918    21.634     2.16    2.29
 -85024.639    21.937     1.06    1.89
 -84738.340    21.859    -0.28    2.13
 -84452.023    21.095    -2.67    2.90
 -84165.687    19.893    -4.20    3.67
 -83879.331    18.848    -3.65    3.77
 -83592.957    17.238    -5.62    3.59
 -83306.564    16.491    -2.61    3.16
 -83020.151    16.071    -1.47    2.66
 -82733.720    16.127     0.20    2.40
 -82447.270    16.373     0.86    2.06
 -82160.801    16.487     0.40    2.28
 -81874.312    16.083    -1.41    3.36
 -81587.805    15.443    -2.23    4.33
 -81301.279    14.448    -3.47    5.13
 -81014.733    12.851    -5.57    6.00
 -80728.169    11.652    -4.18    6.13
 -80441.586    10.771    -3.07    5.61
 -80154.983    10.385    -1.35    5.14
 -79868.362    10.221    -0.57    4.87
 -79581.722    10.563     1.19    4.84
 -79295.062    10.877     1.10    4.72
 -79008.384    10.975     0.34    4.73
 -78721.686    10.884    -0.31    4.85
 -78434.969    10.196    -2.40    5.15
 -78148.234     9.427    -2.68    5.39
 -77861.479     7.747    -5.86    5.36
 -77574.705     6.392    -4.72    4.94
 -77287.912     5.145    -4.35    3.82
 -77001.100     4.627    -1.80    2.84
 -76714.269     4.406    -0.77    2.03
 -76427.419     4.339    -0.23    2.36
 -76140.550     4.499     0.56    2.78
 -75853.662     4.409    -0.32    3.22
 -75566.754     3.969    -1.53    3.36
 -75279.828     4.196     0.79    3.74
 -74992.882     4.717     1.81    4.10
 -74705.918     5.479     2.66    4.66
 -74418.934     6.758     4.46    5.12
 -74131.931     8.114     4.73    5.45
 -73844.909     9.751     5.70    5.18
 -73557.867    11.238     5.18    3.96
 -73270.807    12.313     3.75    3.68
 -72983.728    13.137     2.87    3.88
 -72696.629    14.154     3.54    4.28
 -72409.511    15.975     6.34    4.55
 -72122.374    17.646     5.82    4.96
 -71835.218    19.979     8.13    4.69
 -71548.043    21.839     6.48    3.88
 -71260.849    22.901     3.70    3.67
 -70973.635    23.863     3.35    3.35
 -70686.402    24.264     1.40    3.20
 -70399.150    23.834    -1.50    3.66
 -70111.879    23.295    -1.88    3.58
 -69824.589    22.924    -1.29    3.27
 -69537.280    22.229    -2.42    2.58
 -69249.951    22.163    -0.23    2.21
 -68962.603    22.179     0.06    1.80
 -68675.236    22.195     0.06    1.47
 -68387.850    22.103    -0.32    1.54
 -68100.444    22.138     0.12    1.70
 -67813.019    22.186     0.17    1.69
 -67525.575    22.255     0.24    1.55
 -67238.112    22.295     0.14    1.46
 -66950.630    22.424     0.45    1.38
 -66663.128    22.790     1.27    1.35
 -66375.607    23.195     1.41    1.68
 -66088.067    23.622     1.49    1.94
 -65800.508    24.072     1.56    1.90
 -65512.929    24.687     2.14    1.77
 -65225.331    25.295     2.11    1.66
 -64937.714    25.607     1.09    1.50
 -64650.078    25.460    -0.51    1.61
 -64362.422    24.971    -1.70    1.62
 -64074.747    24.535    -1.52    1.58
 -63787.053    24.305    -0.80    1.36
 -63499.339    24.271    -0.12    1.29
 -63211.606    24.296     0.09    1.34
 -62923.854    24.398     0.36    1.37
 -62636.083    24.349    -0.17    1.52
 -62348.292    23.958    -1.36    2.44
 -62060.482    22.847    -3.86    3.82
 -61772.653    20.989    -6.45    5.31
 -61484.804    18.627    -8.20    6.44
 -61196.936    16.162    -8.56    6.56
 -60909.049    13.704    -8.54    5.57
 -60621.142    12.092    -5.60    4.63
 -60333.216    11.186    -3.15    3.48
 -60045.271    10.371    -2.83    2.61
 -59757.306    10.512     0.49    2.53
 -59469.322    11.348     2.90    2.35
 -59181.319    11.874     1.83    2.27
 -58893.296    12.286     1.43    2.24
 -58605.254    12.594     1.07    2.11
 -58317.192    13.281     2.39    1.79
 -58029.111    13.619     1.17    1.65
 -57741.011    13.829     0.73    1.43
 -57452.892    13.943     0.40    1.40
 -57164.753    13.400    -1.89    2.22
 -56876.594    13.130    -0.94    2.32
 -56588.416    12.845    -0.99    2.36
 -56300.219    12.746    -0.34    2.38
 -56012.003    12.865     0.41    2.39
 -55723.767    13.006     0.49    2.26
 -55435.511    13.271     0.92    2.26
 -55147.237    13.515     0.84    2.21
 -54858.942    13.876     1.25    2.10
 -54570.629    14.204     1.14    2.05
 -54282.296    14.479     0.95    1.81
 -53993.943    14.404    -0.26    1.83
 -53705.571    14.271    -0.46    1.94
 -53417.180    14.050    -0.77    1.99
 -53128.769    13.939    -0.39    2.04
 -52840.338    13.582    -1.24    1.89
 -52551.889    12.927    -2.27    2.36
 -52263.419    12.053    -3.03    3.02
 -51974.931    10.956    -3.80    3.57
 -51686.423     9.960    -3.45    4.32
 -51397.895     8.187    -6.15    5.06
 -51109.348     6.815    -4.75    5.71
 -50820.781     5.904    -3.16    5.83
 -50532.195     6.554     2.25    6.66
 -50243.589     7.546     3.44    7.11
 -49954.964     8.657     3.85    7.37
 -49666.320    10.485     6.33    7.11
 -49377.655    13.110     9.09    5.41
 -49088.972    14.952     6.38    3.90
 -48800.269    15.890     3.25    4.16
 -48514.032    16.378     1.70    4.40
 -48229.366    16.738     1.27    4.12
 -47944.682    17.458     2.53    3.69
 -47659.979    18.069     2.14    2.83
 -47375.259    18.456     1.36    2.09
 -47090.520    18.882     1.50    1.40
 -46805.763    18.643    -0.84    1.33
 -46520.987    18.543    -0.35    1.43
 -46236.194    18.434    -0.38    1.82
 -45951.382    17.901    -1.87    3.80
 -45666.552    16.822    -3.79    6.25
 -45381.704    14.927    -6.66    8.29
 -45096.837    13.080    -6.48    9.55
 -44811.953    11.481    -5.61   10.24
 -44527.050     9.522    -6.87   10.41
 -44242.129     7.741    -6.25   10.44
 -43957.189     5.809    -6.78    9.93
 -43672.231     3.792    -7.08    8.61
 -43387.255     2.033    -6.17    6.94
 -43102.261     1.510    -1.83    6.42
 -42817.249     0.384    -3.95    4.11
 -42532.218    -0.079    -1.62    2.71
 -42247.169     0.436     1.80    2.86
 -41962.102     0.708     0.96    2.84
 -41677.016     1.263     1.95    2.97
 -41391.912     2.164     3.16    2.75
 -41106.790     2.995     2.91    2.17
 -40821.650     3.548     1.94    1.85
 -40536.491     3.667     0.42    1.71
 -40251.314     3.700     0.12    1.58
 -39966.118     3.810     0.39    1.53
 -39680.905     3.988     0.62    1.53
 -39395.673     4.014     0.09    1.60
 -39110.422     3.896    -0.41    1.61
 -38825.154     3.804    -0.32    1.55
 -38539.867     3.524    -0.98    1.66
 -38254.562     3.450    -0.26    1.50
 -37969.238     3.212    -0.83    1.53
 -37683.896     2.960    -0.88    1.39
 -37398.536     2.977     0.06    1.38
 -37113.157     3.171     0.68    1.51
 -36827.760     3.372     0.71    1.64
 -36542.345     3.380     0.03    1.85
 -36256.911     3.289    -0.32    2.44
 -35971.459     2.836    -1.59    3.57
 -35685.988     2.082    -2.64    4.03
 -35400.499     1.807    -0.96    4.02
 -35114.992     1.229    -2.03    4.22
 -34829.467     0.141    -3.81    4.59
 -34543.923    -0.861    -3.51    4.78
 -34258.360    -1.805    -3.31    4.00
 -33972.779    -1.563     0.85    3.98
 -33687.180    -0.621     3.30    5.30
 -33401.563    -0.645    -0.08    6.74
 -33115.927    -0.863    -0.76    8.43
 -32830.272    -1.279    -1.46    9.04
 -32544.599    -1.796    -1.81    9.23
 -32258.908    -3.309    -5.29    8.69
 -31973.199    -5.183    -6.56    7.87
 -31687.470    -6.325    -4.00    6.87
 -31401.724    -6.113     0.74    7.18
 -31115.959    -5.181     3.26    7.71
 -30830.176    -4.829     1.23    7.97
 -30544.374    -5.221    -1.37    8.54
 -30258.553    -5.603    -1.34    9.07
 -29972.715    -6.888    -4.49    9.05
 -29686.858    -8.713    -6.38    8.71
 -29400.982   -10.504    -6.27    7.77
 -29115.088   -11.337    -2.91    6.69
 -28829.175   -11.551    -0.75    6.29
 -28543.244    -9.305     7.85    7.74
 -28257.295    -6.558     9.61    9.37
 -27971.326    -3.209    11.71   10.64
 -27685.340    -0.729     8.67   10.53
 -27399.335     1.139     6.53    9.79
 -27113.311     2.496     4.74    8.63
 -26827.269     2.977     1.68    7.17
 -26541.209     2.491    -1.70    5.93
 -26255.130     1.107    -4.84    4.72
 -25969.032     0.000    -3.87    4.60
 -25682.916    -0.321    -1.12    4.92
 -25396.782    -0.763    -1.54    5.08
 -25110.629    -1.563    -2.79    5.03
 -24824.457    -2.258    -2.43    4.66
 -24538.267    -2.704    -1.56    4.41
 -24252.058    -3.019    -1.10    4.39
 -23965.831    -3.011     0.03    4.61
 -23679.585    -3.156    -0.51    4.50
 -23393.321    -3.094     0.22    4.35
 -23107.038    -3.262    -0.59    4.84
 -22820.737    -3.637    -1.31    5.10
 -22534.417    -4.074    -1.53    4.83
 -22248.078    -4.745    -2.34    4.09
 -21961.721    -5.437    -2.42    3.59
 -21675.345    -4.863     2.00    3.83
 -21388.951    -3.638     4.28    3.82
 -21102.538    -1.986     5.77    3.24
 -20816.106    -0.402     5.53    3.32
 -20529.656     0.245     2.26    3.41
 -20243.188     0.359     0.40    3.86
 -19956.700     0.196    -0.57    4.44
 -19670.195     0.196     0.00    4.56
 -19383.670     0.153    -0.15    4.53
 -19097.127    -0.343    -1.73    4.39
 -18810.565    -0.863    -1.81    4.20
 -18523.985    -1.421    -1.95    3.91
 -18237.386    -2.238    -2.85    3.34
 -17950.768    -2.381    -0.50    3.14
 -17664.132    -2.392    -0.04    3.21
 -17377.477    -2.822    -1.50    3.45
 -17090.804    -3.976    -4.02    3.95
 -16804.112    -5.300    -4.62    4.04
 -16517.401    -6.322    -3.56    3.62
 -16230.671    -6.685    -1.27    3.42
 -15943.923    -6.588     0.34    3.33
 -15657.157    -6.996    -1.42    2.94
 -15370.371    -6.954     0.15    2.91
 -15083.567    -6.408     1.90    3.13
 -14796.744    -5.779     2.19    2.99
 -14509.903    -5.486     1.02    3.10
 -14223.043    -5.312     0.61    3.40
 -13936.164    -4.682     2.20    3.79
 -13649.266    -3.899     2.73    4.45
 -13362.350    -3.386     1.79    4.79
 -13075.415    -3.324     0.22    4.68
 -12788.461    -2.598     2.53    4.15
 -12501.489    -1.594     3.50    3.07
 -12214.498    -0.995     2.09    2.97
 -11927.488    -0.925     0.25    2.99
 -11640.459    -1.042    -0.41    2.75
 -11353.412    -0.854     0.66    2.41
 -11066.346    -0.771     0.29    2.09
 -10779.261    -0.805    -0.12    2.04
 -10492.158    -0.534     0.94    2.00
 -10205.036    -0.105     1.49    2.19
  -9917.895     0.278     1.33    2.23
  -9630.735     0.376     0.34    2.44
  -9343.556     0.435     0.21    2.47
  -9056.359     0.668     0.81    2.66
  -8769.143     1.072     1.41    2.82
  -8481.908     1.460     1.35    2.94
  -8194.655     1.448    -0.04    3.06
  -7907.382     1.135    -1.09    3.35
  -7620.091     1.034    -0.35    3.37
  -7332.781     1.485     1.57    3.35
  -7045.453     1.762     0.96    3.33
  -6758.105     1.462    -1.04    3.30
  -6470.739     1.432    -0.10    3.27
  -6183.354     1.679     0.86    3.30
  -5895.950     2.496     2.84    3.01
  -5608.527     3.448     3.31    2.69
  -5321.085     3.803     1.24    2.88
  -5033.625     3.537    -0.92    2.89
  -4746.146     3.929     1.36    3.09
  -4458.648     3.811    -0.41    3.42
  -4171.131     3.014    -2.77    4.31
  -3883.595     1.337    -5.83    5.98
  -3596.040    -0.713    -7.13    7.40
  -3308.467    -2.118    -4.89    8.37
  -3020.875    -3.046    -3.23    8.44
  -2733.264    -3.548    -1.75    7.88
  -2445.634    -3.584    -0.13    7.67
  -2157.985    -2.695     3.09    7.36
  -1870.317    -1.432     4.39    5.65
  -1582.630    -0.586     2.94    3.80
  -1294.925    -0.189     1.38    2.58
  -1007.200    -0.246    -0.20    2.44
   -719.457    -0.115     0.45    2.57
   -431.695     0.006     0.42    2.59
   -143.914     0.454     1.56    2.73
    143.886     1.032     2.01    2.77
    431.705     1.688     2.28    2.72
    719.543     2.237     1.91    2.44
   1007.399     2.826     2.04    1.96
   1295.275     2.855     0.10    1.59
   1583.170     3.012     0.55    1.05
   1871.083     3.062     0.17    0.85
   2159.016     3.097     0.12    0.90
   2446.967     3.107     0.04    0.92
   2734.937     3.229     0.42    0.87
   3022.926     3.401     0.60    0.68
   3310.935     3.390    -0.04    0.67
   3598.962     3.305    -0.29    0.82
   3887.008     3.085    -0.76    1.06
   4175.073     2.721    -1.27    1.26
   4463.157     2.434    -1.00    1.34
   4751.260     2.271    -0.57    1.39
   5039.382     2.310     0.14    1.47
   5327.523     2.467     0.54    1.53
   5615.683     2.716     0.87    1.57
   5903.862     3.051     1.16    1.46
   6192.060     2.624    -1.48    2.18
   6480.277     1.998    -2.17    2.56
   6768.513     1.792    -0.72    2.63
   7056.768     1.593    -0.69    2.56
   7345.041     1.546    -0.16    2.55
   7633.334     1.755     0.73    2.74
   7921.646     2.237     1.67    2.66
   8209.977     2.977     2.57    1.78
   8498.328     3.162     0.64    1.76
   8786.697     3.084    -0.27    1.85
   9075.085     3.163     0.28    1.81
   9363.492     2.931    -0.80    1.80
   9651.918     2.504    -1.48    1.38
   9940.363     2.535     0.11    1.49
  10228.828     2.709     0.60    1.59
  10517.311     3.271     1.95    1.72
  10805.813     3.816     1.89    1.95
  11094.335     4.294     1.66    1.97
  11382.876     4.921     2.18    1.86
  11671.435     5.137     0.75    1.78
  11960.014     5.325     0.65    1.80
  12248.612     5.301    -0.08    1.81
  12537.229     5.221    -0.28    1.88
  12825.865     5.180    -0.14    2.03
  13114.520     4.928    -0.87    2.24
  13400.328     4.814    -0.40    2.35
  13685.037     4.154    -2.32    2.74
  13969.763     3.790    -1.28    2.84
  14254.508     3.775    -0.05    2.90
  14539.270     3.832     0.20    2.90
  14824.049     3.648    -0.65    2.66
  15108.847     3.851     0.71    2.53
  15393.662     4.716     3.04    2.74
  15678.495     5.270     1.94    2.63
  15963.346     5.704     1.52    2.55
  16248.215     6.237     1.87    2.05
  16533.102     5.613    -2.19    2.72
  16818.006     4.893    -2.53    3.48
  17102.929     3.700    -4.19    4.07
  17387.869     3.164    -1.88    3.87
  17672.827     2.754    -1.44    3.53
  17957.802     2.517    -0.83    3.26
  18242.796     2.708     0.67    3.26
  18527.808     2.598    -0.39    3.22
  18812.837     2.314    -1.00    3.07
  19097.884     2.879     1.98    3.26
  19382.949     3.578     2.45    3.61
  19668.032     4.369     2.77    4.22
  19953.133     5.549     4.14    4.85
  20238.252     6.717     4.10    4.95
  20523.388     7.444     2.55    5.00
  20808.543     8.147     2.47    4.88
  21093.715     8.301     0.54    4.89
  21378.905     8.626     1.14    5.09
  21664.113     8.885     0.91    5.43
  21949.339     8.601    -0.99    5.37
  22234.583     8.412    -0.66    4.53
  22519.845     8.287    -0.44    4.40
  22805.125     8.326     0.14    3.95
  23090.422     7.842    -1.70    4.36
  23375.738     6.835    -3.53    4.91
  23661.071     6.397    -1.54    5.37
  23946.423     6.371    -0.09    5.48
  24231.792     6.784     1.45    5.90
  24517.179     7.164     1.33    6.06
  24802.585     7.775     2.14    5.92
  25088.008     8.263     1.71    5.27
  25373.449     8.663     1.40    4.44
  25658.908     8.221    -1.55    4.47
  25944.385     6.996    -4.29    4.78
  26229.880     6.455    -1.90    4.63
  26515.393     5.733    -2.53    4.29
  26800.924     4.565    -4.09    3.06
  27086.472     4.100    -1.63    3.05
  27372.039     4.335     0.83    3.00
  27657.624     3.992    -1.20    2.64
  27943.227     4.438     1.56    2.51
  28228.848     5.139     2.45    2.02
  28514.486     5.429     1.02    1.89
  28800.143     5.634     0.72    1.84
  29085.818     6.212     2.03    2.41
  29371.511     6.822     2.13    3.02
  29657.221     8.027     4.22    3.97
  29942.950     9.139     3.89    4.15
  30228.697    10.254     3.90    3.72
  30514.462    10.721     1.63    3.48
  30800.244    10.893     0.60    3.24
  31086.045    11.262     1.29    2.51
  31371.864    11.091    -0.60    2.20
  31657.701    10.721    -1.29    2.08
  31943.556    10.288    -1.51    2.00
  32229.429    10.121    -0.58    2.18
  32515.320     9.589    -1.86    2.31
  32801.229     9.449    -0.49    2.49
  33087.156     9.996     1.91    2.71
  33373.101    10.253     0.90    2.73
  33659.065    10.179    -0.26    2.87
  33945.046     9.621    -1.95    3.03
  34231.045     8.806    -2.85    3.32
  34517.063     7.941    -3.02    3.32
  34803.098     7.043    -3.14    2.93
  35089.152     6.172    -3.04    2.25
  35375.224     5.493    -2.37    1.54
  35661.313     5.094    -1.40    1.51
  35947.421     4.713    -1.33    1.66
  36233.547     4.139    -2.01    1.67
  36519.691     3.708    -1.50    1.70
  36805.854     3.229    -1.68    1.63
  37092.034     2.696    -1.86    1.32
  37378.232     2.305    -1.37    0.96
  37664.449     2.188    -0.41    0.97
  37950.684     2.133    -0.19    1.28
  38236.936     2.130    -0.01    1.41
  38523.207     2.105    -0.09    1.53
  38809.496     1.909    -0.68    1.79
  39095.803     1.981     0.25    1.97
  39382.129     1.926    -0.19    1.93
  39668.472     2.141     0.75    2.07
  39954.834     2.363     0.78    2.36
  40241.214     2.642     0.97    2.97
  40527.612     3.293     2.27    3.12
  40814.028     3.792     1.74    3.07
  41100.462     4.011     0.76    2.99
  41386.914     4.333     1.12    2.88
  41673.385     4.376     0.15    2.53
  41959.874     4.296    -0.28    2.04
  42246.381     4.196    -0.35    1.86
  42532.906     3.962    -0.82    1.65
  42819.449     3.929    -0.12    1.61
  43106.011     3.952     0.08    1.50
  43392.591     3.672    -0.98    1.68
  43679.189     3.367    -1.06    1.66
  43965.805     2.834    -1.86    1.50
  44252.439     2.328    -1.76    1.32
  44539.092     2.287    -0.14    1.29
  44825.763     2.696     1.43    1.69
  45112.452     3.302     2.11    2.31
  45399.159     3.340     0.13    2.51
  45685.885     3.398     0.20    2.80
  45972.628     3.398     0.00    2.83
  46259.390     3.336    -0.22    2.62
  46546.171     3.314    -0.08    2.53
  46832.969     3.017    -1.03    2.32
  47119.786     3.011    -0.02    2.09
  47406.621     3.286     0.96    2.02
  47693.474     3.501     0.75    1.89
  47980.346     3.885     1.34    1.58
  48267.235     4.212     1.14    1.61
  48554.143     4.376     0.57    1.52
  48841.070     4.229    -0.51    1.76
  49128.014     4.170    -0.20    2.12
  49414.977     4.086    -0.29    2.20
  49701.958     3.839    -0.86    2.20
  49988.958     3.551    -1.00    2.06
  50275.976     3.205    -1.21    1.93
  50563.012     3.204    -0.00    1.83
  50850.066     3.826     2.17    1.88
  51137.139     4.640     2.84    2.32
  51424.230     5.363     2.52    2.55
  51711.339     6.137     2.70    2.62
  51998.467     6.750     2.13    2.42
  52285.613     7.417     2.33    2.04
  52572.777     7.871     1.58    1.79
  52859.960     8.380     1.77    1.60
  53147.161     8.416     0.12    1.57
  53434.380     8.271    -0.51    1.56
  53721.618     8.263    -0.03    1.58
  54008.874     7.981    -0.98    1.97
  54296.149     7.683    -1.03    2.23
  54583.441     7.496    -0.65    2.25
  54870.752     7.070    -1.48    2.36
  55158.082     6.785    -0.99    2.30
  55445.430     6.493    -1.02    2.33
  55732.796     6.424    -0.24    2.33
  56020.181     6.367    -0.20    2.27
  56307.584     6.097    -0.94    2.40
  56595.005     5.753    -1.20    2.64
  56882.445     5.665    -0.31    2.76
  57169.903     5.562    -0.36    2.85
  57457.380     5.385    -0.62    2.84
  57744.875     5.221    -0.57    2.68
  58032.388     5.304     0.29    2.77
  58319.920     5.887     2.03    2.85
  58607.470     6.221     1.16    2.45
  58895.039     6.487     0.93    2.53
  59182.626     6.641     0.53    2.52
  59470.232     7.117     1.65    2.59
  59757.856     7.762     2.24    3.09
  60045.498     8.846     3.77    3.07
  60333.159    10.252     4.89    3.14
  60620.838    11.551     4.52    3.24
  60908.536    13.188     5.69    3.74
  61196.252    14.611     4.95    4.56
  61483.987    16.401     6.22    5.78
  61771.740    18.576     7.56    6.53
  62059.512    21.132     8.88    6.54
  62347.302    22.173     3.62    5.98
  62635.110    22.729     1.93    5.29
  62922.937    21.997    -2.54    5.25
  63210.783    21.156    -2.92    5.52
  63498.647    20.371    -2.73    5.83
  63786.529    18.584    -6.21    5.62
  64074.430    17.188    -4.85    5.13
  64362.350    16.496    -2.41    4.58
  64650.288    16.379    -0.41    4.43
  64938.244    16.499     0.42    4.63
  65226.219    15.668    -2.89    4.64
  65514.213    15.104    -1.96    4.00
  65802.225    16.046     3.27    4.49
  66090.256    16.765     2.50    4.76
  66378.305    16.549    -0.75    4.63
  66666.373    15.616    -3.24    4.70
  66954.459    14.695    -3.20    4.43
  67242.564    14.230    -1.61    4.46
  67530.687    13.439    -2.75    3.87
  67818.829    11.878    -5.42    3.52
