-121170.963   279.233     0.00   34.54
-120884.793   284.887    19.76   43.04
-120598.620   300.876    55.87   56.53
-120312.444   325.594    86.37   80.45
-120026.264   358.376   114.55   95.43
-119740.082   396.947   134.78   91.90
-119453.896   430.060   115.70   73.07
-119167.708   454.740    86.24   58.75
-118881.516   463.038    28.99   60.82
-118595.321   462.053    -3.44   71.44
-118309.123   459.107   -10.29   81.96
-118022.922   461.125     7.05   84.15
-117736.718   467.975    23.93   80.63
-117450.511   481.961    48.87   67.51
-117164.301   488.287    22.10   55.46
-116878.087   487.348    -3.28   43.72
-116591.871   484.691    -9.28   41.84
-116305.651   478.712   -20.89   49.66
-116019.429   468.597   -35.34   64.22
-115733.203   457.389   -39.16   76.88
-115446.974   443.690   -47.86   84.10
-115160.742   435.230   -29.56   87.12
-114874.507   422.355   -44.98   78.42
-114588.269   412.263   -35.26   70.89
-114302.028   410.868    -4.87   74.16
-114015.783   422.918    42.10   91.82
-113729.536   447.485    85.82  107.64
-113443.285   470.266    79.58  111.68
-113157.032   488.871    64.99   99.60
-112870.775   502.407    47.28   79.33
-112584.515   503.362     3.34   65.24
-112298.252   489.341   -48.98   67.46
-112011.986   465.559   -83.07   74.28
-111725.717   437.468   -98.13   74.10
-111439.445   403.621  -118.23   71.66
-111153.170   367.065  -127.69   70.25
-110866.891   334.389  -114.14   65.76
-110580.610   313.169   -74.12   59.89
-110294.325   306.429   -23.54   59.25
-110008.037   301.425   -17.48   60.55
-109721.747   299.632    -6.27   63.63
-109435.453   302.059     8.48   67.57
-109149.156   305.849    13.24   69.64
-108862.856   312.239    22.32   70.22
-108576.552   310.616    -5.67   70.11
-108290.246   293.906   -58.36   78.01
-108003.937   270.122   -83.07   84.92
-107717.624   244.521   -89.42   83.47
-107431.309   223.353   -73.93   78.52
-107144.990   200.235   -80.74   61.26
-106858.668   180.268   -69.73   35.31
-106572.343   170.338   -34.68   24.43
-106286.015   164.954   -18.80   21.98
-105999.684   160.968   -13.92   19.22
-105713.350   155.807   -18.03   17.97
-105427.012   147.724   -28.23   15.68
-105140.672   140.868   -23.94   12.97
-104854.328   134.946   -20.68   10.08
-104567.982   130.814   -14.43    7.77
-104281.632   127.578   -11.30    6.01
-103995.279   126.288    -4.50    4.99
-103708.923   125.172    -3.90    4.81
-103422.564   123.745    -4.98    5.83
-103136.202   122.360    -4.84    5.39
-102849.837   121.105    -4.38    5.14
-102563.469   120.557    -1.91    5.16
-102277.097   120.492    -0.23    5.03
-101990.723   120.496     0.01    5.40
-101704.345   121.723     4.29    5.73
-101417.964   123.478     6.13    5.95
-101131.580   124.770     4.51    5.75
-100845.194   125.910     3.98    5.96
-100558.803   126.918     3.52    8.03
-100272.410   127.187     0.94   12.02
 -99986.014   127.410     0.78   16.82
 -99699.615   126.253    -4.04   22.37
 -99413.212   123.023   -11.28   27.56
 -99126.807   116.927   -21.28   32.30
 -98840.398   109.704   -25.22   33.53
 -98553.986   102.146   -26.39   31.71
 -98267.571    94.045   -28.28   26.79
 -97981.153    88.627   -18.92   20.50
 -97694.732    87.237    -4.85   20.15
 -97408.308    90.331    10.80   24.90
 -97121.881    96.128    20.24   30.33
 -96835.450   101.740    19.60   34.78
 -96549.017   105.616    13.53   36.03
 -96262.580   105.306    -1.08   33.83
 -95976.140   102.897    -8.41   31.37
 -95689.698    98.733   -14.54   28.94
 -95403.252    92.660   -21.20   25.37
 -95116.803    85.739   -24.16   20.96
 -94830.350    78.611   -24.88   17.53
 -94543.895    72.427   -21.59   13.66
 -94257.437    69.304   -10.90   11.22
 -93970.975    69.115    -0.66   12.74
 -93684.511    70.230     3.89   18.68
 -93398.043    69.292    -3.28   19.53
 -93111.572    68.144    -4.01   20.05
 -92825.098    63.364   -16.69   20.81
 -92538.621    57.926   -18.98   16.95
 -92252.141    54.202   -13.00   13.00
 -91965.658    55.183     3.42   14.88
 -91679.172    59.151    13.85   21.92
 -91392.682    66.066    24.14   28.05
 -91106.190    74.703    30.15   30.56
 -90819.694    86.322    40.56   30.96
 -90533.195    98.559    42.71   28.19
 -90246.693   109.948    39.75   27.34
 -89960.189   119.941    34.88   31.26
 -89673.680   128.778    30.84   36.57
 -89387.169   138.324    33.32   40.44
 -89100.655   141.658    11.63   41.74
 -88814.138   135.925   -20.01   45.92
 -88527.617   126.240   -33.80   51.50
 -88241.093   112.169   -49.11   54.26
 -87954.567    95.644   -57.67   51.33
 -87668.037    78.372   -60.28   41.48
 -87381.504    63.846   -50.70   27.45
 -87094.968    54.644   -32.11   15.99
 -86808.429    49.039   -19.56   10.72
 -86521.886    44.946   -14.28    9.15
 -86235.341    41.910   -10.60    8.48
 -85948.792    39.885    -7.07    7.27
 -85662.241    38.708    -4.11    6.24
 -85375.686    38.872     0.57    6.69
 -85089.128    40.118     4.35    8.17
 -84802.567    42.016     6.63    9.51
 -84516.003    44.689     9.32   10.80
 -84229.436    48.365    12.83   10.65
 -83942.866    51.748    11.80   10.35
 -83656.292    53.566     6.35   10.32
 -83369.716    54.273     2.47   10.42
 -83083.136    53.582    -2.41    9.79
 -82796.554    52.009    -5.49    9.36
 -82509.968    49.157    -9.95    8.88
 -82223.379    45.783   -11.77    7.72
 -81936.787    42.975    -9.80    6.39
 -81650.192    40.820    -7.52    5.17
 -81363.593    39.209    -5.62    4.24
 -81076.992    38.065    -3.99    3.75
 -80790.387    36.961    -3.85    3.61
 -80503.780    35.531    -4.99    3.51
 -80217.169    34.579    -3.32    3.59
 -79930.555    33.660    -3.21    3.35
 -79643.938    33.066    -2.07    3.01
 -79357.318    32.975    -0.32    3.02
 -79070.695    33.315     1.19    3.46
 -78784.069    34.044     2.54    3.80
 -78497.439    35.086     3.63    4.13
 -78210.807    36.253     4.07    4.35
 -77924.171    37.426     4.09    3.67
 -77637.532    38.390     3.36    2.77
 -77350.890    38.961     1.99    2.84
 -77064.245    39.606     2.25    2.98
 -76777.597    40.421     2.85    2.96
 -76490.946    40.933     1.78    2.96
 -76204.292    41.887     3.33    3.33
 -75917.634    42.824     3.27    3.59
 -75630.974    44.448     5.66    4.27
 -75344.310    45.834     4.84    4.65
 -75057.643    47.097     4.41    4.53
 -74770.973    47.982     3.09    4.09
 -74484.300    48.471     1.71    4.09
 -74197.624    49.063     2.07    3.90
 -73910.945    49.492     1.50    3.72
 -73624.263    49.295    -0.69    3.71
 -73337.577    48.644    -2.27    3.83
 -73050.889    48.419    -0.78    4.00
 -72764.197    48.456     0.13    4.09
 -72477.502    48.341    -0.40    4.15
 -72190.804    48.370     0.10    4.17
 -71904.103    48.739     1.29    3.92
 -71617.399    48.717    -0.08    3.90
 -71330.692    48.420    -1.03    3.62
 -71043.981    47.763    -2.29    3.69
 -70757.268    47.422    -1.19    3.65
 -70470.551    46.684    -2.58    4.34
 -70183.831    45.510    -4.09    4.83
 -69897.108    44.840    -2.34    4.88
 -69610.382    44.246    -2.07    5.18
 -69323.653    43.961    -0.99    5.11
 -69036.921    44.154     0.67    5.10
 -68750.186    43.940    -0.75    4.86
 -68463.447    43.947     0.03    4.62
 -68176.705    44.569     2.17    4.68
 -67889.961    45.292     2.52    4.87
 -67603.213    46.341     3.66    4.92
 -67316.462    47.364     3.57    4.88
 -67029.708    48.098     2.56    5.09
 -66742.951    48.496     1.39    4.92
 -66456.190    48.753     0.90    4.68
 -66169.427    49.516     2.66    4.68
 -65882.660    50.594     3.76    4.96
 -65595.891    52.210     5.63    5.55
 -65309.118    54.672     8.58    6.18
 -65022.342    57.228     8.91    6.74
 -64735.563    59.878     9.24    6.92
 -64448.941    62.667     9.73    6.64
 -64162.750    65.138     8.64    5.74
 -63876.556    67.382     7.84    4.40
 -63590.360    69.408     7.08    4.77
 -63304.162    71.853     8.54    6.32
 -63017.961    75.160    11.56    8.13
 -62731.758    79.239    14.25    9.90
 -62445.552    83.449    14.71   10.30
 -62159.344    87.391    13.77    8.84
 -61873.134    90.598    11.20    6.37
 -61586.921    92.880     7.97    4.65
 -61300.706    93.098     0.76    5.45
 -61014.489    91.111    -6.94    7.15
 -60728.269    88.193   -10.20    8.38
 -60442.047    85.081   -10.87    8.78
 -60155.822    82.356    -9.52    8.45
 -59869.595    79.762    -9.06    7.54
 -59583.366    77.670    -7.31    6.15
 -59297.135    75.982    -5.90    3.78
 -59010.900    74.996    -3.44    0.08
 -58724.664    74.989    -0.02    0.00
 -58438.425    74.989     0.00    0.00
 -58152.184    75.091     0.36    0.70
 -57865.940    75.285     0.68    1.34
 -57579.695    75.537     0.88    1.85
 -57293.446    76.592     3.68    3.26
 -57007.196    77.975     4.83    4.20
 -56720.942    79.158     4.13    4.35
 -56434.687    80.597     5.03    4.35
 -56148.429    82.094     5.23    3.91
 -55862.169    83.704     5.62    3.39
 -55575.906    85.176     5.14    3.53
 -55289.641    86.804     5.69    5.20
 -55003.374    89.947    10.98    7.03
 -54717.104    94.003    14.17    8.62
 -54430.832    98.214    14.71   10.22
 -54144.558   103.397    18.11   11.18
 -53858.281   108.667    18.41   11.27
 -53572.002   114.510    20.41   11.22
 -53285.720   120.102    19.53   10.12
 -52999.436   124.982    17.04    9.18
 -52713.150   129.396    15.42    8.18
 -52426.861   133.152    13.12    7.59
 -52140.570   136.982    13.38    7.00
 -51854.276   140.342    11.74    6.42
 -51567.981   143.037     9.41    6.36
 -51281.682   145.596     8.94    6.03
 -50995.382   147.392     6.27    5.23
 -50709.079   148.603     4.23    4.41
 -50422.773   149.024     1.47    4.03
 -50136.465   148.630    -1.38    4.10
 -49850.155   147.715    -3.20    4.15
 -49563.843   146.404    -4.58    4.55
 -49277.528   145.235    -4.08    5.16
 -48991.211   143.798    -5.02    5.49
 -48704.891   141.637    -7.55    5.71
 -48418.569   139.996    -5.73    5.80
 -48132.244   138.478    -5.30    6.18
 -47845.918   137.450    -3.59    6.68
 -47559.588   136.545    -3.16    7.24
 -47273.257   135.421    -3.92    7.53
 -46986.923   133.688    -6.05    7.48
 -46700.586   131.830    -6.49    6.86
 -46414.248   130.699    -3.95    6.18
 -46127.907   130.078    -2.17    5.18
 -45841.563   128.859    -4.26    4.78
 -45555.217   127.301    -5.44    4.85
 -45268.869   125.332    -6.88    5.11
 -44982.518   122.324   -10.50    5.63
 -44696.165   119.580    -9.58    5.50
 -44409.810   117.115    -8.61    5.53
 -44123.452   114.365    -9.61    6.32
 -43837.092   110.758   -12.59    7.60
 -43550.730   106.787   -13.87    9.35
 -43264.365   101.434   -18.69   11.49
 -42977.997    96.239   -18.14   12.70
 -42691.628    90.905   -18.62   12.07
 -42405.256    85.429   -19.12   10.70
 -42118.881    80.603   -16.85   10.04
 -41832.505    76.379   -14.75    9.51
 -41546.125    73.308   -10.72    9.17
 -41259.744    70.910    -8.37    8.95
 -40973.360    69.315    -5.57    8.62
 -40686.973    67.407    -6.66    8.85
 -40400.585    64.553    -9.96    8.94
 -40114.194    62.270    -7.97    9.23
 -39827.800    59.934    -8.15    9.72
 -39541.404    56.770   -11.05    9.37
 -39255.006    54.279    -8.69    9.14
 -38968.605    51.845    -8.50    9.41
 -38682.202    48.655   -11.14    9.82
 -38395.797    45.776   -10.05    9.88
 -38109.389    43.627    -7.50    9.83
 -37822.979    41.310    -8.09    9.51
 -37536.566    38.614    -9.42    9.78
 -37250.152    35.927    -9.38   10.19
 -36963.734    32.593   -11.64   10.19
 -36677.315    29.327   -11.40    9.90
 -36390.892    25.237   -14.28    9.28
 -36104.468    21.150   -14.27    9.14
 -35818.041    18.101   -10.64    8.69
 -35531.612    16.829    -4.44    8.16
 -35245.180    15.597    -4.30    7.70
 -34958.746    14.443    -4.03    7.59
 -34672.310    13.646    -2.78    7.60
 -34385.871    13.169    -1.67    8.00
 -34099.430    13.658     1.71    7.74
 -33812.987    12.865    -2.77    7.30
 -33526.541    12.100    -2.67    6.99
 -33240.092    11.946    -0.54    7.11
 -32953.642    10.918    -3.59    7.16
 -32667.189    10.017    -3.14    7.33
 -32380.733     9.003    -3.54    7.41
 -32094.275     7.353    -5.76    6.92
 -31807.815     6.651    -2.45    6.78
 -31521.352     5.913    -2.57    6.01
 -31234.887     6.091     0.62    5.78
 -30948.420     7.376     4.49    6.74
 -30661.950     9.658     7.96    8.89
 -30375.478    12.468     9.81    9.75
 -30089.004    15.499    10.58    9.93
 -29802.527    17.710     7.72    8.76
 -29516.047    19.116     4.91    7.44
 -29229.566    19.639     1.82    6.86
 -28943.082    18.207    -5.00    7.51
 -28656.595    17.280    -3.23    8.40
 -28370.106    17.023    -0.90    9.02
 -28083.615    16.186    -2.92    9.93
 -27797.122    15.134    -3.67   10.87
 -27510.626    14.287    -2.95   11.71
 -27224.127    13.580    -2.47   12.25
 -26937.626    13.362    -0.76   12.45
 -26651.123    12.559    -2.80   12.07
 -26364.618    11.586    -3.40   11.31
 -26078.110    11.003    -2.04   10.44
 -25791.600    10.718    -0.99    9.59
 -25505.087    10.817     0.35    8.99
 -25218.572     9.630    -4.14    8.30
 -24932.054     8.458    -4.09    7.94
 -24645.534     7.878    -2.02    7.67
 -24359.012     7.856    -0.08    8.05
 -24072.488     7.179    -2.36    7.93
 -23785.961     6.277    -3.15    7.54
 -23499.431     5.646    -2.20    7.16
 -23212.899     5.132    -1.79    6.70
 -22926.365     3.967    -4.06    5.81
 -22639.829     2.527    -5.03    4.31
 -22353.290     1.254    -4.44    2.95
 -22066.748     0.817    -1.52    2.24
 -21780.205     0.948     0.46    2.42
 -21493.659     1.482     1.86    2.96
 -21207.110     2.183     2.45    3.48
 -20920.559     2.615     1.51    3.65
 -20634.006     3.386     2.69    4.22
 -20347.450     4.365     3.42    5.09
 -20060.892     5.660     4.52    6.54
 -19774.332     7.674     7.03    8.47
 -19487.769    10.183     8.76    9.03
 -19201.204    12.827     9.22    8.72
 -18914.636    15.009     7.62    7.59
 -18628.066    15.232     0.78    7.12
 -18341.494    13.322    -6.66    7.37
 -18054.919    11.209    -7.37    6.96
 -17768.342     9.492    -5.99    6.40
 -17481.762     8.940    -1.93    6.25
 -17195.180     8.221    -2.51    5.64
 -16908.596     7.686    -1.87    5.20
 -16622.009     8.637     3.32    6.06
 -16335.420    10.155     5.30    7.36
 -16048.829    11.747     5.55    8.28
 -15762.235    12.609     3.01    8.26
 -15475.639    13.190     2.03    7.97
 -15189.040    13.714     1.83    7.60
 -14902.439    15.138     4.97    7.07
 -14615.836    17.038     6.63    7.52
 -14329.230    18.265     4.28    7.39
 -14042.622    18.439     0.61    6.86
 -13756.011    18.561     0.43    6.97
 -13469.398    18.530    -0.11    7.18
 -13182.783    18.649     0.41    7.47
 -12896.165    17.968    -2.37    7.77
 -12609.545    16.859    -3.87    7.11
 -12322.922    16.604    -0.89    7.38
 -12036.297    16.341    -0.92    7.77
 -11749.670    16.974     2.21    7.96
 -11463.040    15.960    -3.54    8.53
 -11176.408    12.982   -10.39    8.22
 -10889.774    11.797    -4.13    8.68
 -10603.137    12.143     1.20    9.15
 -10316.498    13.169     3.58    9.36
 -10029.856    14.968     6.28   10.32
  -9743.212    15.100     0.46   10.32
  -9456.565    15.359     0.90   10.27
  -9169.917    17.237     6.55    9.57
  -8883.265    18.898     5.79    9.22
  -8596.612    17.121    -6.20    9.81
  -8309.956    14.087   -10.58    9.29
  -8023.297    13.277    -2.82    8.42
  -7736.637    14.489     4.23    8.44
  -7449.973    14.954     1.62    8.71
  -7163.308    15.071     0.41    9.53
  -6876.640    15.478     1.42   10.65
  -6589.969    16.751     4.44   10.05
  -6303.297    16.704    -0.16    9.88
  -6016.622    14.932    -6.18   10.72
  -5729.944    13.543    -4.85   11.03
  -5443.264    13.904     1.26   11.51
  -5156.582    14.435     1.85   11.46
  -4869.897    15.760     4.62   11.98
  -4583.210    16.626     3.02   11.76
  -4296.521    17.375     2.61   11.26
  -4009.829    18.145     2.69   10.50
  -3723.134    18.676     1.85   10.02
  -3436.438    19.920     4.34    9.94
  -3149.739    18.369    -5.41    9.71
  -2863.037    16.089    -7.95   10.40
  -2576.493    15.390    -2.44   11.89
  -2290.223    13.667    -6.02   12.69
  -2003.952    10.869    -9.77   12.94
  -1717.679     8.179    -9.40   12.73
  -1431.404     5.414    -9.66   11.67
  -1145.128     2.685    -9.53    8.12
   -858.850     0.596    -7.30    2.71
   -572.571     0.023    -2.00    0.25
   -286.289    -0.011    -0.12    0.00
     -0.006     0.064     0.26    0.55
    286.278     1.136     3.74    3.53
    572.564     2.920     6.23    5.74
    858.852     3.527     2.12    5.75
   1145.142     3.611     0.29    5.72
   1431.433     3.684     0.25    5.74
   1717.726     4.115     1.51    5.69
   2004.020     5.045     3.25    6.17
   2290.317     5.123     0.27    5.65
   2576.614     5.276     0.53    4.90
   2862.914     6.074     2.78    4.53
   3149.215     6.378     1.06    4.06
   3435.518     5.907    -1.64    3.87
   3721.822     4.696    -4.23    3.52
   4008.128     3.587    -3.87    2.78
   4294.436     2.968    -2.16    2.45
   4580.746     2.635    -1.16    2.22
   4867.057     2.458    -0.62    1.96
   5153.370     2.378    -0.28    1.98
   5439.684     2.503     0.44    2.30
   5726.000     3.031     1.85    3.11
   6012.318     3.799     2.68    4.18
   6298.637     5.024     4.28    5.74
   6584.958     6.443     4.95    6.99
   6871.281     7.658     4.24    7.47
   7157.606     7.975     1.11    7.44
   7443.932     7.545    -1.50    7.65
   7730.259     6.829    -2.50    7.77
   8016.589     5.947    -3.08    7.61
   8302.920     4.782    -4.07    6.77
   8589.253     3.202    -5.52    4.96
   8875.587     2.223    -3.42    3.80
   9161.923     1.940    -0.99    3.66
   9448.261     1.579    -1.26    3.21
   9734.600     1.191    -1.35    2.41
  10020.941     1.724     1.86    3.00
  10307.284     2.802     3.76    3.98
  10593.628     4.102     4.54    4.43
  10879.974     5.329     4.28    4.30
  11166.322     6.260     3.25    3.81
  11452.671     6.653     1.37    3.44
  11739.022     6.030    -2.17    3.28
  12025.375     5.159    -3.04    2.60
  12311.729     4.635    -1.83    2.31
  12598.085     4.281    -1.24    2.23
  12884.443     4.016    -0.93    2.39
  13170.802     3.757    -0.90    2.63
  13457.163     3.478    -0.97    2.68
  13743.526     3.141    -1.18    2.56
  14029.890     2.821    -1.12    2.37
  14316.256     3.131     1.08    2.75
  14602.624     4.010     3.07    3.09
  14888.993     5.136     3.93    3.08
  15175.364     6.141     3.51    2.79
  15461.736     7.122     3.42    2.24
  15748.111     7.569     1.56    1.94
  16034.487     7.820     0.87    1.88
  16320.864     8.030     0.74    1.91
  16607.243     8.244     0.75    2.00
  16893.624     8.417     0.61    2.03
  17180.007     8.349    -0.24    2.20
  17466.391     8.649     1.05    2.37
  17752.777     8.948     1.05    2.69
  18039.165     9.009     0.21    3.03
  18325.554     8.913    -0.34    3.21
  18611.945     9.045     0.46    3.30
  18898.337     8.782    -0.92    3.70
  19184.732     7.910    -3.04    4.34
  19471.127     6.748    -4.06    4.86
  19757.525     5.758    -3.45    5.19
  20043.924     4.867    -3.11    6.15
  20330.325     5.569     2.45   10.15
  20616.728     6.674     3.86   12.60
  20903.132     7.760     3.79   14.46
  21189.538     8.921     4.05   16.13
  21475.945     9.785     3.02   17.34
  21762.354    11.037     4.37   18.26
  22048.765    12.135     3.83   18.40
  22335.178    12.720     2.04   18.33
  22621.592    12.572    -0.52   17.81
  22908.008    10.396    -7.60   16.02
  23194.425     8.185    -7.72   14.06
  23480.844     5.833    -8.21   11.64
  23767.265     3.496    -8.16    8.96
  24053.688     1.228    -7.92    4.51
  24340.112     0.875    -1.23    3.68
  24626.538     0.763    -0.39    3.01
  24912.965     0.912     0.52    2.50
  25199.394     1.359     1.56    2.42
  25485.825     1.730     1.30    2.37
  25772.258     2.030     1.05    2.26
  26058.692     2.336     1.07    2.17
  26345.128     2.547     0.74    2.17
  26631.565     2.180    -1.28    2.28
  26918.004     1.543    -2.22    2.03
  27204.445     1.010    -1.86    1.73
  27490.887     0.701    -1.08    1.63
  27777.332     0.577    -0.43    1.57
  28063.777     0.639     0.21    1.64
  28350.225     0.728     0.31    1.75
  28636.674     0.748     0.07    1.78
  28923.125     0.763     0.06    1.79
  29209.577     0.690    -0.26    1.81
  29496.031     0.526    -0.57    1.76
  29782.487     0.468    -0.20    1.66
  30068.944     0.448    -0.07    1.69
  30355.404     0.324    -0.43    1.88
  30641.864     0.253    -0.25    2.27
  30928.327    -0.025    -0.97    2.44
  31214.791    -0.393    -1.29    2.39
  31501.257    -0.885    -1.72    2.13
  31787.724    -1.068    -0.64    2.00
  32074.193    -0.934     0.47    2.13
  32360.664    -0.626     1.08    2.32
  32647.136    -0.054     2.00    2.54
  32933.610     0.521     2.01    2.65
  33220.086     1.067     1.90    2.66
  33506.564     1.571     1.76    2.73
  33793.043     1.934     1.27    2.72
  34079.523     2.376     1.54    2.84
  34366.006     2.914     1.88    3.16
  34652.490     3.338     1.48    3.59
  34938.976     3.730     1.37    3.92
  35225.463     3.831     0.35    4.00
  35511.952     3.583    -0.87    4.12
  35798.443     3.101    -1.68    3.99
  36084.935     2.712    -1.36    3.60
  36371.429     2.031    -2.38    3.24
  36657.925     1.425    -2.11    2.92
  36944.422     1.315    -0.39    2.77
  37230.921     1.289    -0.09    2.75
  37517.422     1.310     0.07    2.69
  37803.925     1.375     0.23    2.60
  38090.429     1.228    -0.51    2.44
  38376.934     1.419     0.67    2.21
  38663.442     1.133    -1.00    2.03
  38949.951     0.683    -1.57    1.95
  39236.461     0.279    -1.41    1.81
  39522.974    -0.004    -0.99    1.49
  39809.488    -0.240    -0.82    1.10
  40096.004    -0.326    -0.30    0.97
  40382.521    -0.184     0.50    1.17
  40669.040     0.032     0.75    1.35
  40955.561     0.146     0.40    1.37
  41242.083     0.146     0.00    1.34
  41528.607     0.269     0.43    1.51
  41815.133     0.620     1.22    2.02
  42101.660     1.078     1.60    2.55
  42388.189     1.692     2.14    3.03
  42674.720     1.941     0.87    3.01
  42961.252     2.118     0.62    2.86
  43247.786     2.118     0.00    2.45
  43534.322     2.030    -0.31    2.12
  43820.859     2.126     0.33    2.31
  44107.398     2.237     0.39    2.87
  44393.939     2.261     0.09    3.37
  44680.482     2.359     0.34    3.92
  44967.026     2.338    -0.07    4.21
  45253.571     2.432     0.33    4.41
  45540.119     2.662     0.80    4.47
  45826.668     3.200     1.88    4.45
  46113.218     4.263     3.71    4.44
  46399.771     5.513     4.36    4.82
  46686.325     6.320     2.81    5.43
  46972.880     7.213     3.12    6.93
  47259.438     7.751     1.88    8.21
  47545.997     8.222     1.64    9.03
  47832.558     8.540     1.11    9.97
  48119.120     8.623     0.29   10.47
  48405.684     8.225    -1.39   10.27
  48692.250     8.065    -0.56    9.54
  48978.817     8.060    -0.02    8.43
  49265.386     8.712     2.28    7.75
  49551.957    10.180     5.12    7.90
  49838.529    12.272     7.30    8.43
  50125.103    14.552     7.96    9.00
  50411.679    16.911     8.23    9.07
  50698.256    18.562     5.76    8.86
  50984.835    18.816     0.89    8.61
  51271.416    18.030    -2.74    8.36
  51557.998    16.786    -4.34    7.71
  51844.582    16.016    -2.69    7.21
  52131.168    16.009    -0.02    6.92
  52417.755    16.644     2.21    7.45
  52704.344    17.989     4.69    8.49
  52990.935    19.716     6.03    9.04
  53277.527    21.279     5.46    8.91
  53564.122    21.369     0.31    8.74
  53850.717    20.691    -2.37    8.99
  54137.315    19.570    -3.91    9.66
  54423.914    18.449    -3.91   10.08
  54710.514    17.310    -3.97   10.69
  54997.117    16.865    -1.55   11.50
  55283.721    16.772    -0.32   12.10
  55570.326    17.427     2.28   11.98
  55856.934    18.825     4.88   11.31
  56143.543    20.322     5.22    9.61
  56430.154    20.975     2.28    7.52
  56716.766    20.816    -0.55    5.35
  57003.380    20.385    -1.51    4.36
  57289.996    20.674     1.01    4.55
  57576.613    21.684     3.52    5.50
  57863.232    23.185     5.24    6.38
  58149.853    25.308     7.41    7.01
  58436.475    27.600     8.00    6.71
  58723.099    29.758     7.53    5.09
  59009.725    31.109     4.71    3.47
  59296.218    31.457     1.21    3.17
  59582.565    31.536     0.28    3.22
  59868.912    31.344    -0.67    3.41
  60155.261    30.963    -1.33    3.38
