# NaN NaN NaN ;Mean Elev.(m), Avg Gradient(m/km), RMS Gradient(m/km) - SRTM1     
#   -6.179  -0.201   6.916 ;Mean Elev.(m), Avg Gradient(m/km), RMS Gradient(m/km) - ASTER GDEM
#    2.208   0.431   3.941 ;Mean Elev.(m), Avg Gradient(m/km), RMS Gradient(m/km) - GMTED2010 
   1  65.388051  65.266546     8.275     8.039  5 54668.38716061 36.150
   2  65.388293  65.267216     8.031     8.004  5 54678.30280488 25.261
   3  65.389275  65.268846     0.911     0.920  4 54688.21844796 25.454
   4  65.387930  65.270343     8.087     8.181  4 54698.13408889 26.543
   6  65.387777  65.267119     4.518     4.550  4 54717.96538332 38.173
   7  65.387832  65.264401     5.200     4.802  5 54727.88103267 32.608
   8  65.389099  65.263246     7.593     7.605  5 54737.79668042 24.531
   9  65.388774  65.264149     7.023     7.617  4 54747.71232761 29.328
  10  65.388654  65.265436     6.479     7.093  5 54757.62797443 31.786
  11  65.390289  65.265511     7.534     7.484  5 54767.54361941 29.115
  12  65.387144  65.264569     4.762     4.635  5 54777.45926073 47.022
  13  65.388226  65.262927     6.135     6.236  5 54787.37490009 26.279
  14  65.389853  65.262591     4.338     4.312  5 54797.29053840 39.588
  15  65.389677  65.264538     4.068     4.046  4 54807.20617625 31.162
  16  65.390296  65.266711     6.514     6.398  4 54817.12181356 19.081
  17  65.390219  65.267589     6.369     6.412  5 54827.03746273 17.664
  18  65.389002  65.267036     7.300     7.349  5 54836.95310181 16.410
  19  65.388224  65.266677     7.505     7.518  5 54846.86875123 15.435
  20  65.388956  65.266848     7.351     7.351  4 54856.78440012 14.359
  21  65.388497  65.267910    11.099     8.412  4 54866.70004885 13.838
  22  65.389629  65.267987    10.344     7.907  4 54876.61569721 13.841
  23  65.389379  65.267139     7.453     7.394  5 54886.53134254 13.340
  24  65.388010  65.265245     7.238     7.186  5 54896.44698441 13.537
  25  65.387234  65.263655     7.359     7.520  5 54906.36262370 14.024
  26  65.390656  65.263114     7.284     7.373  5 54916.27826217 15.242
  27  65.389089  65.264333     8.648     8.645  5 54926.19389992 15.570
  28  65.388325  65.265519     9.274     9.333  5 54936.10953710 12.535
  29  65.389277  65.265771     8.942     8.947  4 54946.02517259  7.767
  30  65.388462  65.265190     5.090     4.511  5 54955.94080535 16.245
  31  65.388809  65.263844     7.077     7.069  5 54965.85645366 33.876
  32  65.387174  65.263882     9.645     9.559  5 54975.77210133 38.522
  33  65.388920  65.264854     9.229     9.255  5 54985.68774910 39.834
  34  65.387182  65.266453    37.931    37.984  4 54995.60339655 12.939
  35  65.389943  65.266887     8.557     8.561  5 55005.51904293 31.890
  36  65.388588  65.267091     8.433     8.433  4 55015.43468677 27.329
  37  65.389670  65.266930     8.357     8.371  4 55025.35032946 27.883
  38  65.388630  65.267743     8.113     8.040  5 55035.26597144 24.933
  39  65.386909  65.268625     7.641     7.343  4 55045.18161260 32.589
  40  65.388331  65.268380     6.529     6.543  5 55055.09725238 33.305
  41  65.388699  65.266928     7.735     7.693  5 55065.01288985 23.573
  42  65.388781  65.265056     5.732     4.994  4 55074.92853759 26.334
  43  65.386714  65.264141     6.993     7.059  5 55084.84418534 22.913
  44  65.386591  65.264305     6.147     6.741  5 55094.75983158 28.733
  45  65.388424  65.264574     5.911     5.838  5 55104.67547781 23.079
  46  65.389513  65.264592     4.322     4.268  4 55114.59112376 38.272
  47  65.388783  65.264125     6.000     6.117  4 55124.50676713 33.146
  48  65.387667  65.263633     6.659     6.924  5 55134.42240773 29.044
  49  65.388992  65.263214     3.903     4.065  5 55144.33804644 45.142
  50  65.387730  65.264159     3.213     3.236  5 55154.25368422 30.042
  51  65.388516  65.265304     6.629     6.761  4 55164.16932255 23.838
  52  65.389205  65.266632     6.985     7.042  4 55174.08496063 20.114
  54  65.387747  65.267388     7.348     7.356  5 55193.91625048 15.705
  55  65.389390  65.267336     7.135     7.235  4 55203.83190054 14.847
  56  65.389221  65.267955     7.265     7.254  5 55213.74754972 15.551
  57  65.388095  65.268147     7.943     8.206  4 55223.66319834 14.994
  58  65.388554  65.266849     7.618     7.779  4 55233.57884560 15.481
  59  65.390180  65.264626     7.048     7.071  5 55243.49448982 15.162
  60  65.391811  65.262778     7.014     7.039  5 55253.41013088 15.524
  61  65.389671  65.262907     6.935     7.040  5 55263.32576946 14.399
  62  65.387571  65.264599     7.267     7.293  5 55273.24140703 15.139
  63  65.388404  65.265628     7.228     7.237  4 55283.15704457 13.479
  64  65.387812  65.265491     7.304     7.185  4 55293.07268076 14.380
  65  65.389187  65.264189     8.450     8.433  4 55302.98831721 14.708
  66  65.389611  65.262936     3.498     3.566  5 55312.90396499 32.663
  67  65.388554  65.263497     7.064     7.134  5 55322.81961028 34.282
  68  65.389278  65.264885     8.721     8.645  5 55332.73525438 34.777
  69  65.387799  65.266366     8.527     8.507  4 55342.65089822 26.742
  70  65.390110  65.266370     8.344     8.365  4 55352.56654217 26.509
  71  65.389765  65.266312     8.083     8.064  4 55362.48218373 22.873
  72  65.389023  65.266644     8.075     8.065  4 55372.39782328 23.788
  73  65.389375  65.267666     8.082     7.990  5 55382.31346154 23.692
  74  65.389518  65.268849     7.924     7.966  4 55392.22909905 23.693
  75  65.391094  65.269044     7.681     7.673  4 55402.14473531 24.426
  76  65.387406  65.267596     7.784     7.732  4 55412.06038590 26.599
  77  65.389683  65.264554     7.588     7.463  5 55421.97603581 31.623
  78  65.386750  65.263000     7.137     7.147  5 55431.89168237 32.950
  79  65.388362  65.263192     7.587     7.568  5 55441.80732712 24.028
  80  65.390385  65.264497     6.264     6.514  5 55451.72297029 22.664
  81  65.387291  65.266090     4.396     4.362  5 55461.63861223 42.782
  82  65.387941  65.265360     7.600     7.542  5 55471.55425315 23.112
  83  65.387991  65.263807     7.632     7.587  5 55481.46989119 27.036
  84  65.391975  65.262301     7.597     7.649  5 55491.38552726 26.549
  85  65.390757  65.263515     6.868     6.913  5 55501.30116082 26.894
  86  65.387468  65.265926     4.088     3.958  4 55511.21680405 38.437
  87  65.387567  65.267396     4.826     4.749  5 55521.13245367 41.582
  88  65.388202  65.267530     3.753     3.773  5 55531.04810230 33.499
  89  65.389004  65.266614     3.658     3.656  5 55540.96374934 34.348
  90  65.387276  65.266302     3.602     3.604  4 55550.87939397 29.885
  91  65.388546  65.266768     3.703     3.681  5 55560.79503724 25.340
  92  65.389196  65.268034     3.704     3.734  4 55570.71067960 24.179
  93  65.389341  65.268378     4.256     3.520  4 55580.62632088 22.673
  94  65.390156  65.266664     5.569     6.297  5 55590.54195942 19.899
  95  65.389286  65.264232     4.478     4.238  5 55600.45759471 21.302
  96  65.390859  65.262614     4.164     3.220  5 55610.37322795 20.821
  97  65.388773  65.263937     5.310     5.839  4 55620.28885948 20.656
  98  65.387925  65.266008     5.422     5.899  4 55630.20451075 20.321
  99  65.389921  65.266873     5.310     6.079  5 55640.12016187 19.678
 100  65.388848  65.265904     6.181     6.112  4 55650.03581031 16.737
 101  65.389343  65.263344    20.614    20.991  5 55659.95145556  9.524
 102  65.389006  65.262050     4.822     4.187  5 55669.86709707 41.071
 103  65.388080  65.263346     6.591     6.850  5 55679.78273636 37.836
 104  65.389438  65.266012     9.168     9.119  5 55689.69837383 51.525
 105  65.387503  65.268461     8.548     8.538  4 55699.61400950 34.956
 106  65.389259  65.268614     8.262     8.260  5 55709.52964800 32.075
 107  65.387627  65.267518     8.207     8.141  5 55719.44529832 29.501
 108  65.389324  65.266579     8.181     8.156  5 55729.36094660 23.629
 109  65.388840  65.266953     8.320     8.230  4 55739.27659326 50.725
 110  65.390535  65.267527     7.713     7.640  4 55749.19223889 23.385
 111  65.387868  65.267851     7.820     7.806  4 55759.10788180 22.967
 112  65.387796  65.266595     7.139     7.558  4 55769.02352222 23.114
 113  65.388405  65.264369     6.755     6.786  5 55778.93915953 23.436
 114  65.391523  65.262695     6.856     6.785  5 55788.85479445 21.000
 115  65.389544  65.263752     6.634     7.010  5 55798.77042746 21.699
 116  65.388574  65.265528     5.761     6.319  5 55808.68607270 29.957
 117  65.388161  65.266957     7.544     7.543  5 55818.60172146 22.876
 118  65.387688  65.266565     6.794     7.264  4 55828.51736618 26.923
 119  65.388250  65.264733     7.631     7.582  5 55838.43300671 24.311
 120  65.391203  65.262926     6.994     6.769  5 55848.34864441 30.150
 121  65.390527  65.264019     7.540     7.586  5 55858.26427953 24.491
 122  65.387272  65.266659     3.809     3.799  4 55868.17992599 39.249
 123  65.390434  65.268228     3.412     3.379  4 55878.09557798 36.535
 124  65.389483  65.268723     3.136     3.140  4 55888.01122314 24.580
 125  65.389904  65.267872     3.878     3.453  5 55897.92686274 21.665
 126  65.388967  65.267345     4.163     3.654  5 55907.84249716 22.611
 127  65.390138  65.267097     6.236     6.929  4 55917.75814475 20.197
 128  65.390258  65.267280     7.164     7.109  5 55927.67379792 19.651
 129  65.387881  65.267286     7.361     7.391  5 55937.58944739 19.770
 130  65.389043  65.265531     6.931     6.984  4 55947.50509237 19.275
 131  65.387700  65.263823     6.891     6.966  5 55957.42073257 19.297
 132  65.391609  65.262593     6.396     6.432  5 55967.33637078 18.753
 133  65.387264  65.264085     6.775     6.845  5 55977.25200723 17.038
 134  65.388933  65.265645     6.884     6.826  5 55987.16764357 17.122
 135  65.388655  65.266711     7.120     7.161  4 55997.08328196 16.396
 136  65.389332  65.265755     7.217     7.099  5 56006.99893357 18.294
 137  65.390198  65.264049     6.810     6.717  5 56016.91458109 17.319
 138  65.386441  65.263826     8.702     8.741  5 56026.83022516 11.228
 139  65.390948  65.264219     3.124     3.076  5 56036.74586824 23.168
 140  65.390019  65.266331     4.981     4.977  5 56046.66150875 33.452
 141  65.388195  65.268245     7.575     7.486  5 56056.57714637 35.954
 142  65.389144  65.268904     8.103     8.080  4 56066.49278008 26.443
 143  65.389502  65.268102     7.833     7.729  4 56076.40842772 25.435
 144  65.387682  65.267590     7.740     7.729  4 56086.32407667 23.677
 145  65.388715  65.267172     7.092     6.932  4 56096.23972349 29.044
 146  65.388087  65.267071     7.896     7.857  5 56106.15536803 24.211
 147  65.389495  65.266160     7.732     7.785  4 56116.07099836 19.706
 148  65.388336  65.265461     4.639     4.794  5 56125.98663628 47.891
 149  65.388687  65.264594     3.978     3.972  5 56135.90227038 43.923
 150  65.388746  65.264332     7.659     7.758  4 56145.81791315 20.776
 151  65.389104  65.264609     7.146     7.334  5 56155.73356281 22.401
 152  65.387740  65.265482     3.103     3.033  4 56165.64921131 34.251
 153  65.389609  65.265510     3.258     3.303  4 56175.56485790 42.423
 154  65.388240  65.265383     7.043     7.193  5 56185.48049915 22.565
 155  65.388378  65.264689     7.330     7.514  4 56195.39613679 21.559
 156  65.390346  65.264667     7.189     7.200  5 56205.31177165 26.092
 157  65.388314  65.266353     7.664     7.750  4 56215.22740461 20.667
 158  65.389956  65.268112     7.649     7.666  4 56225.14304265 24.492
 159  65.389735  65.268640     3.680     3.742  4 56235.05869821 46.632
 160  65.388445  65.268349     2.917     2.951  4 56244.97434981 35.871
 161  65.388478  65.267590     3.874     2.849  5 56254.88999649 27.309
 162  65.387790  65.267594     3.421     3.281  4 56264.80563897 23.271
 163  65.390240  65.267552     4.039     3.206  5 56274.72127996 23.834
 164  65.389970  65.267121     6.811     6.878  5 56284.63692484 19.070
 165  65.389271  65.265612     6.284     6.421  4 56294.55257575 19.432
 166  65.388705  65.263763     6.829     6.943  5 56304.46822244 16.852
 167  65.386463  65.263358     6.926     6.992  5 56314.38386511 18.191
 168  65.389513  65.263982     6.662     6.658  5 56324.29950623 17.768
 169  65.388786  65.265619     6.903     6.897  4 56334.21514627 18.177
 170  65.389829  65.266049     6.918     6.877  5 56344.13078583 17.512
 171  65.389957  65.265581     7.246     7.338  5 56354.04642304 15.716
 172  65.390877  65.264411     6.910     6.928  5 56363.96206700 15.736
 173  65.388764  65.264309     6.928     6.956  4 56373.87771581 16.008
 175  65.387410  65.267078     7.674     7.600  5 56393.70900563 14.137
 176  65.388977  65.267907     6.947     7.936  4 56403.62464792 10.205
 177  65.389251  65.268170     4.287     3.331  4 56413.54028719 28.721
 178  65.387544  65.268085     7.716     7.689  4 56423.45592138 28.127
 179  65.388195  65.267704     8.340     8.299  4 56433.37156538 30.494
 180  65.390101  65.267201     8.371     8.335  5 56443.28721794 28.344
 181  65.387948  65.267681     8.206     8.225  4 56453.20286755 28.218
 182  65.387760  65.266976     8.005     8.010  4 56463.11851477 24.498
 183  65.388981  65.265188     8.146     8.174  4 56473.03415884 22.366
 184  65.386619  65.263729     8.148     8.040  5 56482.94979913 35.093
 185  65.390748  65.263035     8.257     8.148  5 56492.86543645 41.979
 186  65.388552  65.264839     8.065     8.045  4 56502.78107060 29.072
 187  65.387709  65.267191     8.149     8.040  4 56512.69670323 50.760
 188  65.389880  65.267345     7.151     7.236  5 56522.61235142 32.186
 189  65.388456  65.266156     7.395     7.443  5 56532.52800367 23.551
 191  65.390891  65.263918     6.977     6.951  5 56552.35929742 20.002
 192  65.389002  65.265805     7.367     7.390  4 56562.27493986 21.764
 193  65.390027  65.267971     7.524     7.465  4 56572.19058138 22.884
 194  65.390454  65.269334     7.283     7.339  4 56582.10622104 26.499
 195  65.390501  65.269047     4.471     4.362  4 56592.02185642 48.481
 196  65.387625  65.267652     4.593     4.710  5 56601.93750623 43.063
 197  65.390058  65.266268     5.038     4.820  5 56611.85315613 32.604
 198  65.387284  65.267228     4.888     4.894  4 56621.76880092 29.402
 199  65.390182  65.267780     6.835     6.756  4 56631.68444328 23.828
 200  65.388146  65.267928     6.982     6.992  5 56641.60008108 20.456
 201  65.388632  65.265698     6.910     6.938  4 56651.51572969 19.161
 202  65.387076  65.263453     6.890     6.970  5 56661.43137969 19.116
 203  65.391565  65.262266     6.523     6.585  5 56671.34702710 18.511
 204  65.390973  65.264202     6.606     6.652  5 56681.26267202 18.775
 205  65.389883  65.266439     7.125     7.048  4 56691.17831497 17.225
 206  65.387779  65.267530     7.331     7.275  4 56701.09395426 16.197
 207  65.388108  65.266375     7.220     7.246  5 56711.00958908 16.019
 208  65.387955  65.264837     7.083     7.079  5 56720.92523286 16.085
 210  65.387878  65.266265     8.588     8.586  4 56740.75653264 11.015
 211  65.388284  65.268608     8.299     8.164  5 56750.67217634 13.040
 212  65.388266  65.269851     9.195     9.209  4 56760.58781509 12.698
 213  65.386746  65.269578     4.675     4.620  4 56770.50344723 23.899
 214  65.388717  65.267223     4.497     4.476  4 56780.41910028 41.002
 215  65.388923  65.265760     8.241     8.116  4 56790.33475549 33.756
 216  65.387064  65.265961     8.940     8.935  5 56800.25040726 37.525
 217  65.389506  65.266663     8.727     8.745  4 56810.16605272 33.856
 218  65.388958  65.266913     9.072     9.064  5 56820.08169294 51.725
 219  65.389794  65.265539     8.808     8.792  5 56829.99732944 33.069
 220  65.390861  65.263676    38.204    38.174  5 56839.91296275 10.476
 221  65.388129  65.263689     8.846     8.717  5 56849.82859650 29.986
 222  65.390088  65.264517     8.826     8.908  5 56859.74425110 27.217
 223  65.390154  65.266470     8.470     8.530  4 56869.65990458 27.946
 224  65.390475  65.267135     8.174     8.164  4 56879.57555568 28.792
 225  65.387863  65.266300     7.171     7.232  5 56889.49120308 34.191
 226  65.389301  65.264343     7.838     7.764  5 56899.40684817 21.282
 227  65.388775  65.264279     7.911     7.933  5 56909.32249075 22.266
 228  65.388576  65.266206     7.875     7.802  4 56919.23813149 22.005
 229  65.387453  65.268943     8.043     8.108  4 56929.15377004 22.484
 230  65.390168  65.269943     7.317     7.970  4 56939.06940456 29.552
 231  65.387676  65.269616     5.016     5.034  4 56948.98503968 45.534
 232  65.387675  65.267321     5.406     5.336  4 56958.90069258 46.067
 233  65.388764  65.265846     6.719     7.210  4 56968.81634032 26.709
 234  65.388981  65.266091     7.213     7.266  4 56978.73198394 22.039
 235  65.388886  65.267123     7.393     7.457  4 56988.64762301 20.055
 236  65.387354  65.267743     7.484     7.446  4 56998.56325578 19.013
 237  65.387673  65.266317     7.381     7.345  4 57008.47890592 19.450
 238  65.389322  65.264150     7.128     7.125  4 57018.39455914 18.671
 239  65.387125  65.263662     7.283     7.292  5 57028.31020875 17.920
 240  65.389032  65.264497     7.153     7.292  4 57038.22585699 17.256
 241  65.388528  65.266220     7.398     7.335  4 57048.14150252 15.906
 242  65.388387  65.267298     7.104     7.034  4 57058.05714429 14.854
 243  65.388311  65.267010     7.216     7.197  4 57067.97278053 15.362
 244  65.388165  65.266606     7.215     7.195  4 57077.88841245 17.072
 245  65.387349  65.267088     7.493     7.500  4 57087.80404556 16.773
 246  65.388617  65.267826     8.723     8.733  5 57097.71970422 16.172
 247  65.390299  65.268849     8.830     8.859  4 57107.63535996 13.559
 248  65.391000  65.269096     8.862     8.906  4 57117.55101066 12.165
 249  65.389310  65.268277     3.368     3.342  4 57127.46665503 14.360
 250  65.387583  65.267114     8.903     8.962  4 57137.38229399  7.619
 251  65.389445  65.266400     5.230     5.207  5 57147.29792930 38.269
 252  65.387647  65.267117     8.420     8.313  5 57157.21356175 46.118
 253  65.387865  65.267348     8.843     8.838  5 57167.12920695 40.604
 254  65.388083  65.266690     8.828     8.823  4 57177.04486347 31.545
 255  65.389214  65.265282     8.692     8.657  5 57186.96051609 33.052
 256  65.391092  65.264031     8.570     8.533  5 57196.87616461 28.999
 257  65.387465  65.264345     8.710     8.627  5 57206.79179885 29.335
 258  65.388876  65.265153     8.833     8.901  5 57216.70744381 28.549
 259  65.388604  65.266314     9.388     9.289  5 57226.62308744 47.897
 260  65.388936  65.266895     9.486     9.495  5 57236.53872911 50.559
 261  65.387525  65.267065     9.151     9.182  4 57246.45436717 31.740
 262  65.388110  65.267044     9.164     9.252  4 57256.37000287 28.453
 263  65.388011  65.268047     8.789     8.871  4 57266.28563725 29.910
 264  65.390229  65.268925     8.076     8.109  4 57276.20128187 26.069
 265  65.389627  65.269344     7.274     7.061  4 57286.11693869 34.792
 266  65.388622  65.268656     7.736     7.830  4 57296.03259263 28.946
 267  65.387963  65.267437     7.726     7.797  4 57305.94824298 23.772
 268  65.387440  65.266430     5.903     5.681  4 57315.86388946 43.669
 269  65.387576  65.266099     6.184     6.043  5 57325.77953268 43.174
 270  65.389451  65.266132     7.645     7.621  4 57335.69517401 42.149
 271  65.389825  65.265861     6.773     6.788  4 57345.61082060 35.623
 272  65.388385  65.265083     5.755     5.734  5 57355.52646796 31.231
 273  65.387777  65.264373     6.833     6.761  5 57365.44211157 21.760
 274  65.388704  65.264162     6.236     6.123  5 57375.35775194 23.329
 275  65.389382  65.265092     6.891     6.964  5 57385.27339042 21.568
 276  65.390054  65.266228     6.793     6.944  5 57395.18902843 21.199
 277  65.388583  65.267370     6.989     7.172  5 57405.10466531 20.140
 278  65.389198  65.267043     7.252     7.315  4 57415.02031364 16.637
 279  65.387239  65.266802     7.451     7.485  4 57424.93596490 17.085
 280  65.389162  65.266727     6.973     6.902  5 57434.85161350 17.283
 281  65.387588  65.268036     7.541     7.483  4 57444.76725992 16.371
 282  65.390558  65.268779     7.573     7.780  4 57454.68290604 17.376
 283  65.388501  65.269201     8.449     8.490  5 57464.59854984 17.580
 284  65.388427  65.268123     8.480     8.360  4 57474.51419017 16.626
 286  65.388101  65.266574     7.432     7.388  5 57494.34546089 14.394
 287  65.388751  65.267696     7.803     7.745  4 57504.26109295 29.509
 288  65.388426  65.267910     8.240     8.232  4 57514.17674792 37.485
 289  65.389019  65.266913     9.265     9.252  5 57524.09240255 55.814
 290  65.387882  65.265180     9.185     9.203  4 57534.00805475 37.508
 291  65.389417  65.263549     9.028     9.013  5 57543.92370412 39.201
 292  65.389152  65.263827     8.911     8.959  4 57553.83935066 28.818
 293  65.387698  65.265582     8.646     8.630  5 57563.75499543 35.088
 294  65.388084  65.266922     8.618     8.615  5 57573.67063984 35.025
 295  65.388096  65.267032     8.927     8.882  5 57583.58628400 38.348
 296  65.389380  65.266280     8.412     8.432  4 57593.50192640 27.496
 297  65.388881  65.266117     8.597     8.473  5 57603.41756632 45.857
