# NaN NaN NaN ;Mean Elev.(m), Avg Gradient(m/km), RMS Gradient(m/km) - SRTM1     
#   43.098  -2.118  15.407 ;Mean Elev.(m), Avg Gradient(m/km), RMS Gradient(m/km) - ASTER GDEM
#    4.209  -1.791   4.832 ;Mean Elev.(m), Avg Gradient(m/km), RMS Gradient(m/km) - GMTED2010 
   1  65.218793  63.422294    14.851    14.854  4 54666.43642457 33.343
   2  65.219551  63.422947    14.241    14.151  4 54676.35206912 31.095
   3  65.225510  63.423535   -71.974   -81.369  4 54686.26771281 11.226
   4  65.229430  63.424341    13.794    13.322  4 54696.18335467 33.183
   5  65.228783  63.424201   -87.652   -87.690  4 54706.09899434  6.121
   6  65.218457  63.423256    14.216    14.149  4 54716.01464589 28.651
   7  65.216229  63.420449   -59.452   -59.440  4 54725.93029585  9.327
   8  65.213882  63.419524    11.317    10.848  4 54735.84594372 47.138
   9  65.217102  63.419840    12.682    13.189  4 54745.76159111 38.339
  10  65.215811  63.421679    14.210    14.213  4 54755.67723747 28.843
  11  65.216354  63.421667    14.170    14.350  4 54765.59288275 29.022
  12  65.216716  63.419742    13.816    13.743  4 54775.50852524 32.562
  13  65.211750  63.418997    12.096    12.117  3 54785.42416468 40.710
  14  65.210848  63.419493    13.802    13.769  4 54795.33980296 28.934
  15  65.214909  63.421445    14.354    14.380  4 54805.25544097 20.778
  16  65.220267  63.423113    14.488    14.432  4 54815.17107861 17.671
  17  65.223842  63.422894    14.310    14.363  4 54825.08672522 17.267
  18  65.217770  63.422592    14.370    14.432  4 54835.00236442 17.197
  19  65.216670  63.421816    14.347    14.370  4 54844.91801422 15.396
  20  65.219344  63.421608    14.031    14.095  4 54854.83366346 16.168
  21  65.219503  63.423105    14.341    14.309  4 54864.74931211 15.125
  22  65.221525  63.423251    14.117    14.129  4 54874.66496072 15.733
  23  65.220221  63.422644    14.165    14.130  4 54884.58060644 14.563
  24  65.218179  63.420489    13.820    13.771  4 54894.49624883 14.555
  25  65.212481  63.419332    13.989    14.008  4 54904.41188817 14.144
  26  65.211931  63.419155    13.828    13.922  3 54914.32752679 14.517
  27  65.213042  63.420510    15.234    15.265  4 54924.24316493  8.313
  28  65.217882  63.421512    15.048    15.093  3 54934.15880268 10.324
  29  65.219765  63.422012    14.868    14.885  4 54944.07443827 12.968
  30  65.218120  63.421616    12.293    12.338  3 54953.99007143 18.861
  31  65.213967  63.420339    14.772    14.713  4 54963.90571643 37.204
  32  65.213553  63.419808    15.079    15.123  3 54973.82136478 30.222
  33  65.216298  63.420777    14.819    14.895  4 54983.73701257 32.504
  34  65.218698  63.422423   -34.360   -34.227  4 54993.65266006 12.076
  35  65.223368  63.422236    15.130    15.105  4 55003.56830681 33.289
  36  65.222222  63.421943    14.944    15.051  4 55013.48395105 31.918
  37  65.217740  63.422123    14.745    14.796  4 55023.39959358 29.136
  38  65.219852  63.422137    14.316    14.340  4 55033.31523608 31.586
  39  65.223537  63.422700    14.521    14.694  4 55043.23087800 28.490
  40  65.225352  63.423429    13.149    13.032  4 55053.14651816 42.786
  41  65.223680  63.423105    12.322    12.276  4 55063.06215589 51.993
  42  65.218140  63.421791    13.770    13.584  3 55072.97780030 31.623
  43  65.213966  63.420111    12.285    11.696  4 55082.89344835 38.938
  44  65.212144  63.419785    14.276    14.370  4 55092.80909484 26.223
  45  65.214865  63.419961    14.361    14.400  4 55102.72474143 23.649
  46  65.216182  63.420823    12.099    12.114  4 55112.64038751 32.240
  47  65.216746  63.420786    11.861    11.810  4 55122.55603125 37.255
  48  65.213689  63.420456    11.163    11.253  4 55132.47167181 41.119
  49  65.212716  63.419427    10.416    10.425  3 55142.38731062 44.068
  50  65.212235  63.419810     9.967     9.930  4 55152.30294882 37.303
  51  65.214043  63.421333    10.217    10.244  4 55162.21858745 33.795
  52  65.217941  63.422923    12.643    12.742  4 55172.13422592 26.450
  53  65.224260  63.423171    13.351    13.262  4 55182.04986316 22.572
  54  65.221534  63.423013    13.855    13.903  4 55191.96551331 17.764
  55  65.220212  63.422520    13.702    13.646  3 55201.88116338 18.529
  56  65.220445  63.422348    13.723    13.824  4 55211.79681287 18.055
  57  65.220430  63.422616    13.794    13.724  4 55221.71246180 16.057
  58  65.217254  63.422601    13.806    13.793  4 55231.62810926 15.774
  59  65.215597  63.421615    13.886    13.908  4 55241.54375375 16.746
  60  65.213739  63.420228    13.495    13.501  4 55251.45939479 16.697
  61  65.212964  63.419317    13.738    13.653  4 55261.37503368 16.148
  62  65.213582  63.419751    13.897    13.916  3 55271.29067174 16.339
  63  65.214018  63.420889    13.866    13.852  4 55281.20630967 16.039
  64  65.217628  63.421080    13.493    13.525  4 55291.12194680 15.696
  65  65.217339  63.421486    12.885    12.678  3 55301.03758125 16.130
  66  65.214189  63.420897    10.067    10.071  4 55310.95322795 38.254
  67  65.215670  63.419772    12.169    12.170  4 55320.86887375 43.489
  68  65.213156  63.420639    13.808    13.809  4 55330.78451782 48.716
  69  65.216934  63.421097    14.395    14.381  4 55340.70016240 32.910
  70  65.217255  63.422279    14.509    14.532  4 55350.61580636 29.391
  71  65.222017  63.422011    14.754    14.824  4 55360.53144875 31.500
  72  65.219665  63.422805    14.666    14.738  4 55370.44708825 28.437
  73  65.222247  63.422774    14.907    14.953  4 55380.36272685 32.532
  74  65.221377  63.423880    14.914    14.874  4 55390.27836436 27.179
  75  65.223666  63.424013    14.801    14.810  4 55400.19400116 35.470
  76  65.220409  63.423460    14.609    14.606  4 55410.10964882 39.249
  77  65.219799  63.420958    14.355    14.337  4 55420.02529937 41.827
  78  65.212351  63.420465    13.497    13.478  4 55429.94094588 40.135
  79  65.211615  63.420237    12.836    12.928  4 55439.85659042 34.973
  80  65.213256  63.420836    13.800    13.573  4 55449.77223357 29.543
  81  65.215854  63.421122    11.076    10.821  4 55459.68787638 51.736
  82  65.217862  63.420513    13.350    13.409  4 55469.60351831 33.897
  83  65.214590  63.420445    10.607    10.607  4 55479.51915655 41.184
  84  65.215201  63.419992    11.919    11.902  4 55489.43479245 37.837
  85  65.216283  63.420636    10.590    10.586  3 55499.35042611 52.382
  86  65.218143  63.421708    10.354    10.285  3 55509.26606648 38.441
  87  65.217234  63.422614    10.425    10.417  4 55519.18171640 44.966
  88  65.219636  63.422436    11.010    10.388  4 55529.09736580 33.468
  89  65.219581  63.422212    10.489    10.458  4 55539.01301318 31.988
  90  65.217558  63.422518    11.082    10.558  4 55548.92865805 30.753
  91  65.220581  63.422208    11.056    10.438  4 55558.84430166 28.342
  92  65.219878  63.423287    11.422    11.287  4 55568.75994389 26.648
  93  65.221388  63.423135    11.965    12.473  4 55578.67558553 24.957
  94  65.221684  63.421733    12.992    12.977  4 55588.59122478 21.154
  95  65.214624  63.421285    12.863    12.842  4 55598.50686024 21.162
  96  65.215809  63.420040    12.910    12.953  4 55608.42249400 20.423
  97  65.216529  63.420930    13.109    13.078  3 55618.33812575 20.176
  98  65.217555  63.422349    12.994    12.981  4 55628.25377273 18.099
  99  65.221651  63.421971    13.193    13.127  4 55638.16942451 16.807
 100  65.220057  63.421144    13.390    13.454  4 55648.08507372 14.976
 101  65.215564  63.419792     9.637     9.612  4 55658.00071974 32.503
 102  65.211570  63.419497    14.494    14.451  4 55667.91636158 34.149
 103  65.213514  63.420212    12.465    12.347  4 55677.83200118 38.277
 104  65.218685  63.421739    14.212    14.133  4 55687.74763901 40.096
 105  65.224430  63.422721    14.684    14.668  4 55697.66327565 33.368
 106  65.223337  63.423753    14.760    14.790  5 55707.57891070 48.796
 107  65.223076  63.422444    14.706    14.745  4 55717.49456195 47.497
 108  65.221282  63.422026    14.707    14.653  4 55727.41021029 34.206
 109  65.220409  63.422660    14.568    14.507  4 55737.32585702 31.495
 110  65.224178  63.422704    14.015    14.028  4 55747.24150302 44.429
 111  65.222035  63.423051    13.185    13.137  5 55757.15714637 36.723
 112  65.218772  63.422133    13.029    13.202  4 55767.07278712 33.087
 113  65.216683  63.420248    12.862    13.096  4 55776.98842507 35.288
 114  65.214127  63.419623    11.538    11.523  3 55786.90406012 48.593
 115  65.216058  63.420684    13.673    13.518  4 55796.81969369 29.051
 116  65.219213  63.422117    12.632    13.087  4 55806.73533559 33.032
 117  65.218848  63.423288    11.463    11.082  4 55816.65098438 36.378
 118  65.219350  63.422114    14.328    14.432  3 55826.56663024 22.790
 119  65.216127  63.420882    11.583    11.181  4 55836.48227139 43.996
 120  65.215113  63.419824    13.531    13.590  4 55846.39790950 26.170
 121  65.217946  63.420784    11.095    10.451  4 55856.31354529 31.531
 122  65.219930  63.422832    13.874    13.915  4 55866.22918799 25.040
 123  65.223057  63.423635    10.081    10.052  4 55876.14484082 38.537
 124  65.223319  63.423533     9.843     9.846  4 55886.06048746 32.528
 125  65.221953  63.423020    10.988    11.423  5 55895.97612818 22.847
 126  65.221244  63.422773    11.227    10.996  4 55905.89176368 23.523
 127  65.220598  63.423193    12.671    12.651  4 55915.80740686 21.017
 128  65.220138  63.423474    12.459    12.421  4 55925.72306037 22.117
 129  65.222738  63.422723    12.420    12.509  4 55935.63871097 21.923
 130  65.217945  63.421804    11.679    12.583  3 55945.55435609 21.425
 131  65.212730  63.420304    12.654    12.577  4 55955.46999682 20.174
 132  65.212651  63.418974    12.403    12.207  3 55965.38563539 20.437
 133  65.212872  63.420216    12.136    12.011  4 55975.30127257 19.667
 134  65.217072  63.422212    11.770    12.536  4 55985.21690915 19.079
 135  65.222735  63.423219    12.358    12.307  5 55995.13254412 18.765
 136  65.221561  63.421946    11.562    12.032  4 56005.04819636 19.832
 137  65.216875  63.420107    11.848    12.605  4 56014.96384440 18.995
 138  65.212279  63.419523    12.641    13.091  4 56024.87948924  7.795
 139  65.214391  63.420251     9.903     9.893  3 56034.79513248 35.373
 140  65.221028  63.421785    12.036    11.714  4 56044.71077394 44.097
 141  65.222301  63.423950    14.801    14.766  4 56054.62641207 28.227
 142  65.225656  63.424038    14.607    14.858  5 56064.54204687 28.876
 143  65.222466  63.423399    14.608    14.659  5 56074.45769055 28.638
 144  65.218376  63.422851    14.083    14.027  4 56084.37333986 29.445
 145  65.220282  63.422166    14.401    14.382  4 56094.28898742 23.924
 146  65.221516  63.422494    13.982    13.948  4 56104.20463271 30.299
 147  65.218117  63.422999    13.889    13.933  4 56114.12026307 29.671
 148  65.219242  63.421878    11.281    10.810  4 56124.03590179 39.252
 149  65.215700  63.421247    10.327    10.337  4 56133.95153604 37.081
 150  65.216176  63.420278    10.994    10.426  4 56143.86717558 43.914
 151  65.215737  63.420336    11.468    11.510  4 56153.78282585 34.753
 152  65.217681  63.421193     9.633     9.668  4 56163.69847493 44.273
 153  65.217040  63.422421    11.090    11.042  4 56173.61412165 34.284
 154  65.217942  63.422113    10.409     9.649  4 56183.52976360 36.568
 155  65.215104  63.421442    11.127    11.100  4 56193.44540151 37.926
 156  65.217359  63.420219    11.896    12.623  4 56203.36103723 34.605
 157  65.219669  63.421191    10.577     9.922  4 56213.27667116 43.008
 158  65.222657  63.423714    10.316    10.302  4 56223.19230423 48.602
 159  65.223792  63.424609    12.760    12.660  4 56233.10796056 31.750
 160  65.223527  63.424298     9.017     9.026  4 56243.02361286 37.588
 161  65.223543  63.422776     9.715     9.747  4 56252.93926069 34.100
 162  65.219902  63.422509     9.844     9.831  4 56262.85490353 27.599
 163  65.220924  63.422203    10.286     9.739  4 56272.77054480 25.851
 164  65.221301  63.422376    10.196     9.617  4 56282.68618727 25.919
 165  65.217225  63.422441     9.438     9.457  4 56292.60183863 24.297
 166  65.217843  63.420589    11.051    11.014  4 56302.51748617 22.022
 167  65.215364  63.419577    12.739    12.463  4 56312.43312917 19.528
 168  65.212969  63.419890    11.981    12.607  4 56322.34876998 19.127
 169  65.213337  63.421054    12.907    12.900  4 56332.26441045 18.708
 170  65.218342  63.421433    12.862    12.736  4 56342.18005099 16.704
 171  65.220073  63.422033    12.873    12.959  4 56352.09568892 16.850
 172  65.217194  63.422196    13.104    13.122  4 56362.01132926 16.984
 173  65.216132  63.420997    13.236    13.257  4 56371.92697867 17.102
 174  65.217475  63.420312    13.750    13.693  4 56381.84262552 16.372
 175  65.218793  63.421197    13.789    13.820  4 56391.75827002 16.511
 176  65.222038  63.422198     9.101     9.081  4 56401.67391304 17.184
 177  65.224733  63.422887     9.995    10.005  4 56411.58955328 40.990
 178  65.225372  63.423303    13.747    13.724  4 56421.50518841 47.469
 179  65.222169  63.423753    14.947    14.845  4 56431.42082752 29.140
 180  65.221667  63.422612    14.815    14.821  4 56441.33648041 43.996
 181  65.217699  63.422778    14.724    14.812  4 56451.25213040 30.412
 182  65.216402  63.422339    14.695    14.746  4 56461.16777838 29.927
 183  65.218579  63.420628    14.841    14.839  4 56471.08342349 31.972
 184  65.215010  63.420423    15.326    15.320  4 56480.99906432 45.907
 185  65.215389  63.420210    15.074    15.096  4 56490.91470159 41.742
 186  65.217177  63.420917    15.194    15.168  4 56500.83033631 36.345
 187  65.221705  63.421739    14.666    14.692  4 56510.74596977 30.401
 188  65.222682  63.422153    13.851    13.811  4 56520.66161377 49.921
 189  65.220343  63.421837    13.284    13.090  4 56530.57726677 30.533
 191  65.218908  63.420568    13.639    13.709  4 56550.40856114 28.280
 192  65.218465  63.421323    13.020    13.096  4 56560.32420384 26.752
 193  65.218776  63.422783    11.774    11.672  4 56570.23984557 33.229
 194  65.223735  63.423423    11.889    12.168  4 56580.15548644 34.342
 195  65.225008  63.424028    11.980    12.082  5 56590.07112298 24.517
 196  65.223510  63.423439    11.357    11.216  5 56599.98676922 45.791
 197  65.218081  63.423137    12.472    12.466  4 56609.90241925 40.707
 198  65.222888  63.422033    12.919    12.766  4 56619.81806543 27.310
 199  65.221172  63.422859    13.312    13.206  5 56629.73370765 25.887
 200  65.220100  63.423017    13.565    13.535  4 56639.64934664 22.199
 201  65.216065  63.422156    13.411    13.452  4 56649.56499179 22.245
 202  65.212457  63.420475    13.571    13.565  4 56659.48064263 20.427
 203  65.212920  63.419624    13.712    13.704  3 56669.39629000 18.539
 204  65.217143  63.420239    13.052    13.022  4 56679.31193533 22.775
 205  65.219667  63.421649    13.013    13.057  4 56689.22757889 21.835
 206  65.217274  63.422873    13.272    13.365  4 56699.14321929 21.225
 207  65.220022  63.421630    13.097    13.064  4 56709.05885575 22.052
 208  65.217374  63.421154    12.911    12.610  3 56718.97449518 22.052
 209  65.218236  63.420379   -28.468   -28.629  4 56728.89014781 11.559
 210  65.218073  63.421832    11.107    10.317  3 56738.80579612 18.033
 211  65.223720  63.422646    15.183    15.253  4 56748.72144115 12.780
 212  65.223568  63.423868    14.927    14.961  5 56758.63708096 14.932
 213  65.222473  63.424194    12.955    13.376  4 56768.55271463 25.531
 214  65.219397  63.423154    11.778    11.805  4 56778.46836182 36.277
 215  65.218170  63.421905    14.777    14.790  4 56788.38401767 39.084
 216  65.219093  63.421328    15.007    15.018  4 56798.29967023 32.697
 217  65.218724  63.421925    15.484    15.452  4 56808.21531683 33.190
 218  65.218365  63.421876    15.234    15.233  3 56818.13095770 31.150
 219  65.215547  63.421314    15.371    15.333  4 56828.04659480 30.078
 220  65.213251  63.420493   -30.597   -31.081  4 56837.96222873 14.416
 221  65.215439  63.420626    15.546    15.598  3 56847.87786011 31.121
 222  65.215132  63.421578    15.313    15.257  4 56857.79351288 33.194
 223  65.219206  63.422330    15.137    15.173  4 56867.70916653 30.258
 224  65.220378  63.422232    14.744    14.764  4 56877.62481823 29.376
 225  65.218260  63.421284    13.393    13.264  4 56887.54046652 53.713
 226  65.213874  63.420336    13.961    13.942  4 56897.45611193 30.745
 227  65.213085  63.420406    13.977    13.800  4 56907.37175491 28.948
 228  65.219991  63.421007    14.547    14.552  4 56917.28739650 26.213
 229  65.221655  63.423595    14.876    14.880  4 56927.20303549 21.856
 230  65.227834  63.423996    11.917    11.537  4 56937.11867137 42.375
 231  65.226912  63.424121    13.675    13.605  4 56947.03430195 30.012
 232  65.220419  63.422613    11.771    11.790  4 56956.94995565 39.570
 233  65.218197  63.421391    11.735    11.315  4 56966.86560417 34.888
 234  65.218180  63.421972    13.230    13.161  4 56976.78124851 18.318
 235  65.219303  63.423313    13.240    13.318  4 56986.69688834 18.144
 236  65.222628  63.423323    13.289    13.190  5 56996.61252268 15.817
 237  65.218844  63.422314    13.664    13.616  4 57006.52816722 15.429
 238  65.214538  63.420244    13.757    13.820  3 57016.44382121 16.242
 239  65.213573  63.419438    13.698    13.790  4 57026.35947165 16.072
 240  65.214518  63.420924    13.789    13.866  4 57036.27512014 15.250
 241  65.217725  63.422480    13.895    13.944  4 57046.19076627 16.199
 242  65.223480  63.422294    13.797    13.861  4 57056.10640940 14.603
 243  65.221108  63.421942    13.647    13.718  4 57066.02204659 13.613
 244  65.216510  63.422300    13.963    13.884  4 57075.93767897 13.465
 245  65.219202  63.422693    14.591    14.619  4 57085.85330890 15.790
 246  65.223800  63.422812    14.805    14.847  4 57095.76896629 15.004
 247  65.224780  63.423890    14.823    14.826  4 57105.68462249 12.650
 248  65.226993  63.423763    14.949    14.960  4 57115.60027435 12.252
 249  65.222176  63.423405    14.000    14.032  4 57125.51591936  4.311
 250  65.220335  63.421943    10.731    10.762  4 57135.43155947 14.013
 251  65.218622  63.421678    12.817    12.775  4 57145.34719525 37.801
 252  65.218398  63.422889    15.523    15.517  4 57155.26282861 56.645
 253  65.222374  63.423279    15.524    15.631  5 57165.17846879 47.902
 254  65.220726  63.423030    15.537    15.540  4 57175.09412543 52.703
 255  65.217347  63.421837    15.407    15.410  4 57185.00977835 30.783
 256  65.215710  63.419974    15.396    15.386  4 57194.92542743 31.102
 257  65.214416  63.419405    15.546    15.514  4 57204.84106263 31.297
 258  65.213745  63.420915    16.235    16.192  4 57214.75670773 41.443
 259  65.219637  63.421931    16.463    16.476  4 57224.67235195 52.406
 260  65.220499  63.423132    16.111    16.100  4 57234.58799380 33.874
 261  65.220142  63.422928    16.099    16.111  4 57244.50363242 32.420
 262  65.220325  63.422070    15.758    15.751  4 57254.41926865 31.957
 263  65.220978  63.422516    15.012    15.066  4 57264.33490348 29.296
 264  65.224868  63.423609    15.007    15.008  4 57274.25054365 27.113
 265  65.224360  63.424774    14.877    14.981  4 57284.16620082 26.734
 266  65.224685  63.424326    15.136    15.159  4 57294.08185546 24.796
 267  65.220272  63.423461    14.380    14.521  4 57303.99750610 30.471
 268  65.217576  63.421827    12.433    12.524  4 57313.91315307 28.414
 269  65.217757  63.420629    12.426    12.179  4 57323.82879699 50.196
 270  65.215466  63.421496    13.504    13.488  4 57333.74443849 44.548
 271  65.219105  63.421875    13.088    13.096  4 57343.66007862 29.094
 272  65.215419  63.421899    13.212    13.012  4 57353.57573141 24.962
 273  65.215293  63.421092    13.494    13.358  4 57363.49137539 24.514
 274  65.214075  63.420381    13.407    13.441  4 57373.40701595 22.007
 275  65.216553  63.420195    13.183    13.117  4 57383.32265507 22.732
 276  65.219798  63.421037    13.278    13.201  4 57393.23829380 21.157
 277  65.221071  63.422904    13.328    13.321  4 57403.15393135 21.370
 278  65.224414  63.422945    14.590    14.601  4 57413.06957640 15.033
 279  65.221274  63.422803    14.668    14.655  4 57422.98522785 14.438
 280  65.220508  63.422067    14.252    14.222  4 57432.90087674 14.689
 281  65.218729  63.422572    14.624    14.622  4 57442.81652354 15.306
 282  65.223049  63.422669    14.933    14.873  4 57452.73217019 16.226
 283  65.224777  63.423238    15.023    15.033  4 57462.64781489 16.818
 284  65.222345  63.423864    15.190    15.212  4 57472.56345563 15.053
 285  65.224292  63.422744    15.218    15.237  4 57482.47909313  8.726
 286  65.219433  63.422951    10.715    10.745  4 57492.39472689 26.082
 287  65.221764  63.422892    12.292    12.307  4 57502.31035934 44.079
 288  65.222581  63.422421    15.394    15.389  4 57512.22600991 47.279
 289  65.218841  63.422550    15.051    15.041  4 57522.14166484 31.658
 290  65.219284  63.421360    15.612    15.630  4 57532.05731787 55.784
 291  65.216292  63.420785    15.423    15.420  4 57541.97296723 31.905
 292  65.215255  63.420401    15.513    15.566  3 57551.88861385 32.776
 293  65.216036  63.420671    15.712    15.714  3 57561.80425903 47.870
 294  65.218529  63.421211    15.407    15.384  4 57571.71990388 30.861
 295  65.219565  63.421832    15.847    15.864  4 57581.63554848 53.250
 296  65.220783  63.421988    15.527    15.544  4 57591.55119135 42.411
 297  65.217712  63.422781    14.507    14.508  4 57601.46683110 30.382
