-114319.817    93.608     0.00    4.82
-114033.919    95.120     5.29    6.27
-113748.028    96.976     6.49    7.22
-113462.144    98.662     5.90    7.60
-113176.267   100.918     7.89    7.51
-112890.396   101.704     2.75    6.96
-112604.533   100.974    -2.56    6.74
-112318.676    99.051    -6.72    8.18
-112032.826    95.450   -12.60    9.07
-111746.982    91.771   -12.87    8.28
-111461.146    88.503   -11.44    6.69
-111175.316    85.968    -8.87    4.81
-110889.494    84.133    -6.42    3.31
-110603.678    82.716    -4.96    2.70
-110317.868    81.829    -3.10    2.60
-110032.066    81.000    -2.90    2.36
-109746.270    80.114    -3.10    2.31
-109460.482    79.182    -3.26    2.47
-109174.700    78.118    -3.72    2.60
-108888.925    77.185    -3.27    2.64
-108603.156    76.707    -1.67    2.51
-108317.395    76.249    -1.60    2.56
-108031.640    75.864    -1.35    2.45
-107745.892    75.487    -1.32    2.47
-107460.151    74.960    -1.84    2.75
-107174.417    73.952    -3.53    3.43
-106888.689    72.481    -5.15    4.30
-106602.745    70.970    -5.28    4.56
-106315.468    69.473    -5.21    4.07
-106028.199    68.128    -4.68    3.65
-105740.938    66.919    -4.21    3.31
-105453.684    65.849    -3.73    3.16
-105166.437    64.974    -3.05    3.44
-104879.199    64.057    -3.19    3.42
-104591.968    63.128    -3.23    3.00
-104304.744    62.068    -3.69    2.79
-104017.529    61.500    -1.98    2.52
-103730.321    60.942    -1.94    2.28
-103443.120    60.685    -0.90    2.16
-103155.928    60.843     0.55    1.99
-102868.743    61.046     0.71    1.94
-102581.565    61.303     0.89    2.02
-102294.396    61.858     1.93    2.26
-102007.234    62.430     1.99    2.21
-101720.079    63.369     3.27    2.68
-101432.932    64.001     2.20    2.74
-101145.793    64.157     0.54    2.73
-100858.662    65.090     3.25    3.88
-100571.538    66.551     5.09    5.91
-100284.422    67.981     4.98    6.65
 -99997.313    69.778     6.26    7.97
 -99710.212    70.649     3.03    9.08
 -99423.119    70.872     0.78    8.90
 -99136.034    69.836    -3.61    8.44
 -98848.956    69.025    -2.83    8.00
 -98561.885    66.814    -7.70    6.75
 -98274.823    64.588    -7.75    4.98
 -97987.768    63.102    -5.18    4.50
 -97700.720    61.443    -5.78    4.94
 -97413.681    59.242    -7.67    5.75
 -97126.649    56.507    -9.53    5.79
 -96839.624    54.413    -7.29    5.50
 -96552.607    52.822    -5.55    5.49
 -96265.598    51.618    -4.19    4.55
 -95978.597    50.828    -2.75    2.99
 -95691.603    51.764     3.26    3.45
 -95404.616    53.169     4.90    4.04
 -95117.638    54.849     5.85    4.32
 -94830.667    56.292     5.03    4.19
 -94543.703    57.749     5.08    3.94
 -94256.748    58.937     4.14    4.63
 -93969.800    60.077     3.97    4.63
 -93682.859    61.210     3.95    4.88
 -93395.926    62.201     3.46    4.96
 -93109.001    62.729     1.84    4.95
 -92822.084    63.062     1.16    4.33
 -92535.174    62.887    -0.61    3.77
 -92248.271    62.771    -0.40    3.53
 -91961.377    62.881     0.38    3.66
 -91674.489    62.611    -0.94    3.36
 -91387.610    62.416    -0.68    3.17
 -91100.738    62.159    -0.90    3.12
 -90813.874    61.970    -0.66    3.11
 -90527.017    61.763    -0.72    3.33
 -90240.168    60.799    -3.36    3.62
 -89953.327    59.532    -4.42    4.12
 -89666.493    58.147    -4.83    4.95
 -89379.667    55.707    -8.51    5.38
 -89092.849    54.056    -5.75    5.41
 -88806.038    52.503    -5.42    5.43
 -88519.235    50.314    -7.63    5.07
 -88232.439    48.650    -5.81    4.57
 -87945.651    47.671    -3.41    4.00
 -87658.870    46.401    -4.43    4.25
 -87372.098    44.870    -5.34    4.82
 -87085.332    44.385    -1.69    5.04
 -86798.575    44.887     1.75    5.31
 -86511.825    44.909     0.08    5.75
 -86225.082    44.166    -2.59    5.80
 -85938.348    42.670    -5.22    6.15
 -85651.621    41.350    -4.60    6.21
 -85364.901    40.275    -3.75    5.69
 -85078.189    40.870     2.08    5.61
 -84791.485    42.613     6.08    6.09
 -84504.788    43.792     4.12    6.10
 -84218.099    45.813     7.05    5.76
 -83931.417    48.452     9.21    5.19
 -83644.744    50.296     6.43    4.93
 -83358.077    51.692     4.87    5.38
 -83071.418    53.092     4.89    6.86
 -82784.767    54.408     4.59    7.80
 -82498.124    56.060     5.76    8.24
 -82211.488    56.980     3.21    8.17
 -81924.860    58.843     6.50    6.94
 -81638.239    60.972     7.43    6.40
 -81351.626    62.548     5.50    5.38
 -81065.020    63.662     3.89    4.71
 -80778.422    65.140     5.16    4.90
 -80491.832    66.842     5.94    4.79
 -80205.249    67.023     0.63    5.65
 -79918.674    65.350    -5.84    7.49
 -79632.107    62.909    -8.52    8.81
 -79345.547    60.496    -8.42    9.51
 -79058.994    58.184    -8.07    9.10
 -78772.449    55.500    -9.36    7.03
 -78485.912    53.842    -5.79    3.81
 -78199.383    53.814    -0.10    3.61
 -77912.861    54.829     3.54    4.06
 -77626.346    55.799     3.39    4.34
 -77339.839    56.736     3.27    4.86
 -77053.340    57.075     1.18    4.70
 -76766.848    57.214     0.48    4.70
 -76480.364    57.659     1.55    4.26
 -76193.888    57.814     0.54    3.77
 -75907.419    58.416     2.10    4.00
 -75620.957    59.214     2.79    3.85
 -75334.504    59.405     0.67    3.69
 -75048.058    59.836     1.50    3.48
 -74761.619    60.814     3.41    4.54
 -74475.188    62.390     5.50    5.89
 -74188.764    63.829     5.03    7.92
 -73902.349    65.366     5.37    9.42
 -73615.940    68.421    10.67   10.36
 -73329.539    71.979    12.42    9.80
 -73043.146    74.836     9.97    9.17
 -72756.761    77.377     8.87    8.56
 -72470.383    79.367     6.95    7.05
 -72184.012    80.945     5.51    5.87
 -71897.649    81.991     3.65    4.55
 -71611.294    83.050     3.70    4.24
 -71324.946    84.742     5.91    4.33
 -71038.606    86.135     4.87    5.34
 -70752.274    87.856     6.01    5.88
 -70465.949    87.970     0.40    5.87
 -70179.631    88.176     0.72    6.03
 -69893.321    87.912    -0.92    6.83
 -69607.019    87.335    -2.02    7.98
 -69320.724    87.498     0.57    9.29
 -69034.437    87.865     1.28   10.32
 -68748.157    90.236     8.28   11.70
 -68461.885    93.800    12.45   11.67
 -68175.621    96.300     8.73   11.31
 -67889.364    98.123     6.37   11.38
 -67603.114    99.518     4.87   11.68
 -67316.872   100.471     3.33   11.68
 -67030.638    99.473    -3.49   13.44
 -66744.411    98.078    -4.87   14.37
 -66458.192    96.814    -4.42   13.79
 -66171.981    95.479    -4.67   13.18
 -65885.776    96.265     2.75   12.32
 -65599.580    98.524     7.90   11.14
 -65313.391   102.024    12.23   11.43
 -65027.210   105.869    13.44   10.61
 -64741.036   108.573     9.45    9.65
 -64454.869   111.046     8.64    8.59
 -64168.711   114.213    11.07    7.16
 -63882.559   116.408     7.67    6.16
 -63596.416   118.118     5.98    5.26
 -63310.280   118.075    -0.15    5.23
 -63024.151   117.828    -0.86    5.96
 -62738.030   117.184    -2.25    6.62
 -62451.917   115.165    -7.06    7.69
 -62165.811   111.864   -11.54    8.60
 -61879.712   108.466   -11.88    9.27
 -61593.621   106.114    -8.22    8.44
 -61307.538   104.089    -7.08    6.62
 -61021.462   104.505     1.45    6.81
 -60735.394   106.657     7.52    9.18
 -60449.333   110.946    14.99   12.67
 -60163.280   116.736    20.24   14.38
 -59877.235   123.558    23.85   14.12
 -59591.197   129.719    21.54   11.96
 -59305.166   134.285    15.96    8.85
 -59019.143   137.213    10.24    7.74
 -58733.128   140.369    11.03    8.03
 -58447.120   144.495    14.43   10.12
 -58161.119   148.239    13.09   11.70
 -57875.127   153.650    18.92   12.30
 -57589.141   159.176    19.33   11.29
 -57303.163   164.659    19.17    9.28
 -57017.193   168.848    14.65    7.20
 -56731.230   171.850    10.50    5.85
 -56445.275   173.369     5.31    5.90
 -56159.328   175.060     5.91    7.26
 -55873.387   175.977     3.21    8.52
 -55587.455   176.252     0.96    9.76
 -55301.530   176.086    -0.58   11.86
 -55015.612   176.349     0.92   13.25
 -54729.702   177.713     4.77   13.29
 -54443.800   178.828     3.90   14.13
 -54157.905   181.884    10.69   14.17
 -53872.017   185.550    12.82   12.76
 -53586.137   188.771    11.27   11.95
 -53300.265   192.991    14.76   10.62
 -53014.400   197.422    15.50    8.88
 -52728.542   200.292    10.04    8.07
 -52442.692   202.814     8.82    7.70
 -52156.850   204.466     5.78    7.00
 -51871.015   204.479     0.04    7.17
 -51585.188   203.500    -3.42    7.61
 -51299.368   202.721    -2.73    7.52
 -51013.556   202.970     0.87    7.76
 -50727.751   204.662     5.92    8.35
 -50441.954   208.083    11.97   10.57
 -50156.164   213.212    17.95   12.30
 -49870.382   219.966    23.63   13.40
 -49584.607   226.181    21.75   14.53
 -49298.840   233.114    24.26   15.15
 -49013.080   238.238    17.93   13.31
 -48727.328   240.515     7.97   10.96
 -48441.583   239.869    -2.26   11.41
 -48155.846   237.447    -8.48   13.30
 -47870.116   231.872   -19.51   16.07
 -47584.394   224.490   -25.84   16.66
 -47298.679   215.958   -29.86   16.13
 -47012.972   208.011   -27.81   17.15
 -46727.273   199.373   -30.24   18.22
 -46441.580   189.660   -34.00   20.65
 -46155.896   180.321   -32.69   23.14
 -45870.218   168.858   -40.13   25.45
 -45584.549   158.306   -36.94   24.75
 -45298.887   147.310   -38.49   22.96
 -45013.232   136.474   -37.94   20.19
 -44727.213   126.972   -33.22   16.53
 -44439.854   120.497   -22.54   14.09
 -44152.503   115.256   -18.24   13.34
 -43865.161   112.358   -10.09   13.83
 -43577.827   109.180   -11.06   15.85
 -43290.502   108.464    -2.49   17.56
 -43003.185   112.464    13.92   20.93
 -42715.876   118.204    19.98   24.86
 -42428.576   124.937    23.44   25.97
 -42141.284   132.220    25.35   24.82
 -41854.000   137.484    18.32   21.25
 -41566.725   139.835     8.18   15.83
 -41279.458   139.148    -2.39   13.46
 -40992.200   133.685   -19.02   15.82
 -40704.950   124.521   -31.90   18.78
 -40417.708   114.895   -33.51   20.36
 -40130.475   104.109   -37.55   20.29
 -39843.250    94.346   -33.99   17.86
 -39556.033    85.416   -31.09   15.41
 -39268.825    78.107   -25.45   12.32
 -38981.625    72.182   -20.63   10.53
 -38694.434    66.307   -20.46   10.78
 -38407.251    61.072   -18.23   10.76
 -38120.076    55.927   -17.92   10.82
 -37832.910    50.807   -17.83   10.88
 -37545.752    45.778   -17.51    8.87
 -37258.602    42.433   -11.65    6.96
 -36971.461    39.683    -9.58    5.36
 -36684.328    37.200    -8.65    5.16
 -36397.203    35.332    -6.50    4.85
 -36110.087    34.104    -4.28    4.74
 -35822.979    33.050    -3.67    4.68
 -35535.880    31.876    -4.09    4.69
 -35248.788    30.588    -4.49    4.81
 -34961.706    29.734    -2.98    4.68
 -34674.631    28.835    -3.13    5.83
 -34387.565    28.248    -2.04    5.56
 -34100.507    28.479     0.80    5.01
 -33813.458    27.515    -3.36    5.14
 -33526.417    26.413    -3.84    6.26
 -33239.384    23.719    -9.38    9.25
 -32952.360    19.428   -14.95   11.01
 -32665.344    14.618   -16.76   11.09
 -32378.336    10.318   -14.98    9.64
 -32091.337     5.890   -15.43    7.34
 -31804.346     3.727    -7.53    4.76
 -31517.363     2.829    -3.13    3.53
 -31230.389     2.961     0.46    3.19
 -30943.423     3.257     1.03    3.15
 -30656.465     3.866     2.12    3.22
 -30369.516     4.679     2.83    2.97
 -30082.575     5.438     2.64    2.38
 -29795.642     5.981     1.89    1.83
 -29508.718     6.083     0.36    1.71
 -29221.802     6.025    -0.20    1.84
 -28934.895     5.975    -0.17    1.92
 -28647.995     5.800    -0.61    1.94
 -28361.104     5.466    -1.16    2.39
 -28074.222     4.865    -2.10    3.03
 -27787.347     4.389    -1.66    3.34
 -27500.481     4.119    -0.94    3.51
 -27213.624     4.160     0.14    3.41
 -26926.775     4.497     1.18    3.37
 -26639.934     5.035     1.87    3.19
 -26353.101     5.851     2.84    2.57
 -26066.277     6.522     2.34    1.56
 -25779.461     6.758     0.82    0.92
 -25492.653     6.770     0.04    0.62
 -25205.854     6.425    -1.21    1.23
 -24919.062     5.942    -1.68    1.64
 -24632.280     5.260    -2.38    2.00
 -24345.505     4.807    -1.58    2.07
 -24058.739     4.570    -0.83    2.02
 -23771.981     4.435    -0.47    1.92
 -23485.232     4.582     0.51    2.03
 -23198.491     5.044     1.61    2.29
 -22911.758     5.442     1.39    2.47
 -22625.034     6.020     2.02    2.31
 -22338.317     6.187     0.58    2.21
 -22051.609     6.382     0.68    1.93
 -21764.910     6.437     0.19    1.81
 -21478.219     6.544     0.37    1.71
 -21191.536     6.211    -1.16    2.23
 -20904.861     5.711    -1.74    2.78
 -20618.195     5.480    -0.81    3.00
 -20331.536     5.095    -1.34    3.27
 -20044.887     5.111     0.06    3.40
 -19758.245     5.200     0.31    3.42
 -19471.612     4.778    -1.47    3.39
 -19184.987     4.172    -2.12    3.46
 -18898.371     3.440    -2.55    3.41
 -18611.763     3.551     0.39    4.29
 -18325.163     4.459     3.17    6.24
 -18038.571     6.387     6.73    8.13
 -17751.988     8.912     8.81    9.03
 -17465.413    12.116    11.18    8.55
 -17178.846    14.734     9.13    6.85
 -16892.287    16.814     7.26    3.51
 -16605.737    16.982     0.59    2.83
 -16319.195    16.452    -1.85    2.74
 -16032.662    15.618    -2.91    2.41
 -15746.136    15.017    -2.10    2.23
 -15459.619    14.726    -1.02    2.26
 -15173.111    14.450    -0.97    2.17
 -14886.610    14.409    -0.14    2.01
 -14600.118    14.582     0.60    2.00
 -14313.634    14.601     0.07    2.08
 -14027.159    13.940    -2.31    3.85
 -13740.691    13.336    -2.11    4.97
 -13454.232    12.926    -1.43    5.59
 -13167.782    12.459    -1.63    6.11
 -12881.339    12.111    -1.21    6.50
 -12594.905    11.418    -2.42    6.81
 -12308.479    11.821     1.41    6.86
 -12022.062    13.094     4.44    6.35
 -11735.652    13.314     0.77    6.04
 -11449.251    13.514     0.70    5.55
 -11162.858    13.911     1.39    4.79
 -10876.474    14.945     3.61    3.26
 -10590.098    15.648     2.45    2.01
 -10303.730    15.902     0.89    2.11
 -10017.370    16.135     0.82    2.23
  -9731.019    16.414     0.97    2.13
  -9444.675    16.814     1.40    1.90
  -9158.341    16.836     0.08    1.88
  -8872.014    16.590    -0.86    2.03
  -8585.696    16.617     0.10    2.07
  -8299.386    16.616    -0.00    2.22
  -8013.084    16.735     0.42    2.31
  -7726.790    16.705    -0.10    2.21
  -7440.505    16.778     0.25    2.24
  -7154.228    16.945     0.59    2.20
  -6867.959    17.242     1.04    2.31
  -6581.699    17.522     0.98    2.42
  -6295.446    17.615     0.32    2.55
  -6009.202    17.971     1.24    2.61
  -5722.967    18.432     1.61    2.41
  -5436.739    18.119    -1.10    2.81
  -5150.520    17.433    -2.40    3.04
  -4864.309    16.720    -2.49    2.97
  -4578.106    16.154    -1.98    2.77
  -4291.912    16.392     0.83    2.81
  -4005.726    16.932     1.89    2.94
  -3719.548    17.764     2.91    2.80
  -3433.378    18.570     2.82    2.40
  -3147.217    19.249     2.37    2.10
  -2861.063    19.546     1.04    1.93
  -2574.919    19.571     0.09    2.09
  -2288.782    18.947    -2.18    3.56
  -2002.653    18.675    -0.95    3.63
  -1716.533    17.475    -4.19    5.09
  -1430.421    15.039    -8.52    7.19
  -1144.318    12.417    -9.16    8.63
   -858.222     9.342   -10.75    9.20
   -572.135     6.003   -11.67    8.75
   -286.056     3.263    -9.58    6.97
      0.015     4.091     2.89   10.17
    286.077     8.814    16.51   15.94
    572.132    16.814    27.97   19.96
    858.178    23.471    23.27   20.34
   1144.216    30.292    23.85   18.42
   1430.245    35.917    19.67   13.82
   1716.266    39.367    12.06    7.55
   2002.280    39.684     1.11    6.05
   2288.284    38.720    -3.37    5.70
   2574.281    37.701    -3.56    5.77
   2860.270    36.523    -4.12    5.65
   3146.250    35.336    -4.15    5.30
   3432.222    34.595    -2.59    5.20
   3718.185    33.890    -2.47    4.94
   4004.141    33.336    -1.94    4.55
   4290.088    33.282    -0.19    4.57
   4576.027    33.886     2.11    4.67
   4861.958    35.326     5.04    4.67
   5147.881    37.169     6.45    4.08
   5433.795    38.680     5.28    3.54
   5719.701    39.522     2.95    2.83
   6005.599    39.822     1.05    2.50
   6291.489    39.707    -0.40    2.48
   6577.370    39.719     0.04    2.29
   6863.244    39.807     0.31    2.10
   7149.109    39.903     0.34    2.48
   7434.965    39.684    -0.77    2.54
   7720.814    39.415    -0.94    2.93
   8006.654    38.836    -2.03    3.37
   8292.487    38.100    -2.58    3.76
   8578.311    37.292    -2.82    4.14
   8864.126    36.296    -3.49    4.34
   9149.934    35.001    -4.53    4.62
   9435.733    33.454    -5.41    5.35
   9721.525    31.835    -5.67    5.58
  10007.308    29.856    -6.93    5.77
  10293.082    28.498    -4.75    6.18
  10578.849    26.510    -6.96    7.57
  10864.607    24.233    -7.97    8.61
  11150.357    22.070    -7.57    9.05
  11436.099    18.692   -11.82    9.30
  11721.833    17.080    -5.64    8.33
  12007.558    17.395     1.10    8.17
  12293.276    19.524     7.45    9.23
  12578.985    22.792    11.44   10.41
  12864.686    26.778    13.95   10.52
  13150.378    29.881    10.86    9.08
  13436.063    32.592     9.49    6.06
  13721.739    32.896     1.06    6.46
  14007.407    31.604    -4.52    8.10
  14293.067    28.806    -9.79    9.21
  14578.719    24.951   -13.50    9.62
  14864.363    22.344    -9.13    9.05
  15149.998    21.028    -4.61    8.22
  15435.625    21.537     1.78    8.11
  15721.244    22.230     2.43    7.63
  16006.855    23.628     4.89    7.55
  16292.458    25.161     5.37    7.83
  16578.052    27.689     8.85    7.81
  16863.638    30.171     8.69    7.73
  17149.769    31.735     5.47    7.42
  17437.203    33.445     5.95    7.51
  17724.628    34.843     4.86    7.30
  18012.044    35.729     3.09    6.83
  18299.450    35.638    -0.32    6.15
  18586.848    35.128    -1.77    6.20
  18874.236    34.828    -1.04    6.22
  19161.616    34.372    -1.59    6.23
  19448.986    34.480     0.38    5.95
  19736.347    34.880     1.39    5.48
  20023.699    35.660     2.71    5.16
  20311.042    36.864     4.19    4.53
  20598.376    37.351     1.70    4.26
  20885.701    37.595     0.85    3.73
  21173.017    37.051    -1.89    4.17
  21460.324    36.079    -3.38    4.99
  21747.621    35.307    -2.69    5.18
  22034.910    33.469    -6.40    5.88
  22322.189    31.661    -6.29    6.02
  22609.460    31.208    -1.58    5.95
  22896.721    32.074     3.01    5.86
  23183.973    33.555     5.16    5.91
  23471.216    35.014     5.08    5.57
  23758.450    36.296     4.46    4.56
  24045.675    36.184    -0.39    4.54
  24332.891    34.877    -4.55    6.46
  24620.098    31.378   -12.18    9.41
  24907.296    27.432   -13.74   10.33
  25194.485    23.121   -15.01   10.00
  25481.665    20.073   -10.61    8.02
  25768.835    20.256     0.64    8.76
  26055.997    22.352     7.30   11.55
  26343.149    26.881    15.77   14.17
  26630.293    31.175    14.95   14.38
  26917.427    37.214    21.03   14.43
  27204.552    43.341    21.34   13.16
  27491.669    47.800    15.53   10.88
  27778.776    50.918    10.86   10.21
  28065.874    53.555     9.19   10.18
  28352.963    55.435     6.55    8.99
  28640.043    56.648     4.23    7.30
  28927.114    56.631    -0.06    6.87
  29214.176    56.289    -1.19    7.05
  29501.229    54.282    -6.99    8.49
  29788.273    50.318   -13.81    9.22
  30075.308    45.666   -16.21   10.29
  30362.334    41.268   -15.32   10.03
  30649.350    38.982    -7.96    9.25
  30936.358    38.005    -3.40    9.35
  31223.357    39.285     4.46   10.98
  31510.346    41.785     8.71   11.98
  31797.327    44.440     9.25   11.30
  32084.299    47.697    11.35    9.76
  32371.261    49.191     5.20    8.17
  32658.214    49.261     0.24    8.46
  32945.159    47.623    -5.71    9.37
  33232.094    45.029    -9.04    8.98
  33519.021    43.707    -4.61    8.94
  33805.938    41.910    -6.26    7.63
  34092.846    40.019    -6.59    5.76
  34379.746    39.539    -1.67    5.18
  34666.636    40.178     2.23    6.67
  34953.517    42.421     7.82    8.89
  35240.389    44.892     8.62   10.63
  35527.252    48.133    11.30   11.51
  35814.106    51.930    13.24   10.04
  36100.952    53.354     4.96    8.43
  36387.788    52.851    -1.75    9.21
  36674.615    50.381    -8.61   10.82
  36961.433    49.246    -3.96   11.26
  37248.242    49.003    -0.85   11.50
  37535.042    48.616    -1.35   11.60
  37821.833    49.565     3.31   12.08
  38108.615    52.116     8.89   12.37
  38395.388    54.507     8.34   10.92
  38682.152    55.387     3.07   10.24
  38968.907    54.531    -2.98   10.71
  39255.653    52.166    -8.25   11.54
  39542.389    50.822    -4.69   12.91
  39829.117    48.836    -6.92   14.26
  40115.836    45.173   -12.78   16.59
  40402.546    41.836   -11.64   17.27
  40689.247    39.479    -8.22   16.98
  40975.939    35.607   -13.51   16.13
  41262.622    32.638   -10.36   15.00
  41549.296    29.128   -12.24   12.86
  41835.960    25.659   -12.10    9.75
  42122.616    23.807    -6.46    8.03
  42409.263    22.452    -4.73    6.43
  42695.901    20.934    -5.29    4.93
  42982.530    19.397    -5.36    3.25
  43269.150    18.899    -1.74    3.54
  43555.761    18.497    -1.40    3.78
  43842.363    17.705    -2.77    3.91
  44128.956    17.057    -2.26    4.23
  44415.539    16.378    -2.37    4.01
  44702.114    15.733    -2.25    3.79
  44988.680    16.098     1.27    4.66
  45275.237    15.958    -0.49    4.62
  45561.785    16.103     0.51    4.59
  45848.324    16.958     2.98    6.12
  46134.854    17.711     2.63    7.88
  46421.375    19.888     7.60   10.51
  46707.887    22.431     8.87   12.61
  46994.390    24.881     8.55   14.31
  47280.884    28.447    12.45   15.63
  47567.369    31.878    11.98   16.37
  47853.845    36.000    14.39   16.34
  48140.312    40.663    16.28   15.35
  48426.771    44.730    14.20   12.79
  48713.220    47.741    10.51    8.70
  48999.660    49.207     5.12    5.57
  49286.091    49.364     0.55    5.53
  49572.513    49.048    -1.10    6.14
  49858.927    48.836    -0.74    7.12
  50145.331    48.335    -1.75    7.64
  50431.726    47.564    -2.69    7.98
  50718.113    46.679    -3.09    8.43
  51004.490    45.900    -2.72    9.08
  51290.858    46.263     1.27    8.42
  51577.218    46.502     0.83    8.17
  51863.568    46.735     0.81    7.35
  52149.910    46.572    -0.57    6.30
  52436.243    45.985    -2.05    5.64
  52722.566    45.292    -2.42    6.21
  53008.881    42.351   -10.27   10.50
  53295.187    36.914   -18.99   14.45
  53581.483    30.360   -22.89   15.92
  53867.771    25.285   -17.73   14.56
  54154.050    19.616   -19.80   11.51
  54440.320    15.604   -14.02    7.27
  54726.581    13.464    -7.48    4.36
  55012.833    13.519     0.19    3.87
  55299.076    13.363    -0.55    3.53
  55585.310    12.582    -2.73    2.90
  55871.535    11.961    -2.17    1.69
  56157.751    11.851    -0.38    1.14
  56443.958    12.021     0.59    1.16
  56730.157    12.076     0.19    1.20
  57016.346    12.006    -0.25    1.35
  57302.526    12.030     0.08    1.49
  57588.698    12.000    -0.11    1.65
  57874.860    12.083     0.29    1.94
  58161.014    12.190     0.37    2.00
  58447.158    12.275     0.30    1.97
  58733.294    12.495     0.77    2.03
  59019.421    12.820     1.14    1.99
  59305.539    13.178     1.25    1.99
  59591.648    13.491     1.09    2.02
  59877.748    13.171    -1.12    2.16
  60163.839    12.741    -1.50    2.36
  60449.921    12.785     0.15    2.44
  60735.994    13.243     1.60    2.80
  61022.058    13.658     1.45    3.15
  61308.113    14.259     2.10    3.47
  61594.160    15.074     2.85    3.61
  61880.197    16.162     3.80    3.50
  62166.226    17.033     3.05    2.81
  62452.245    17.548     1.80    2.43
  62738.256    17.315    -0.81    2.53
  63024.258    16.734    -2.03    2.53
  63310.251    16.285    -1.57    2.37
  63596.235    16.163    -0.43    2.32
  63882.210    16.607     1.55    2.79
  64168.176    17.353     2.61    3.12
  64454.133    18.028     2.36    3.05
  64740.081    18.591     1.97    2.99
  65026.021    19.014     1.48    2.94
  65311.951    19.348     1.17    2.68
  65597.872    19.571     0.78    2.51
  65883.785    19.713     0.50    2.53
  66169.689    19.829     0.41    2.37
  66455.584    19.714    -0.40    2.29
  66741.469    19.613    -0.36    2.33
  67027.346    19.429    -0.64    2.56
  67313.215    19.565     0.48    3.11
  67599.074    19.975     1.43    3.35
  67884.924    21.089     3.90    4.25
  68170.765    22.764     5.86    5.60
  68456.598    24.970     7.72    6.76
  68742.421    27.363     8.37    6.98
  69028.236    30.257    10.12    6.47
  69314.042    32.991     9.57    4.96
  69599.839    34.292     4.55    3.99
  69885.627    34.742     1.57    4.47
  70171.406    34.600    -0.50    4.81
  70457.176    33.981    -2.17    4.87
  70742.937    33.998     0.06    4.95
  71028.689    34.296     1.04    4.57
  71314.433    34.950     2.29    5.19
  71600.168    36.292     4.70    6.01
  71885.893    37.515     4.28    6.26
  72171.610    39.095     5.53    6.63
  72457.318    40.314     4.27    6.29
  72743.017    40.963     2.27    5.50
  73028.707    41.080     0.41    5.25
  73314.389    40.756    -1.13    5.20
  73600.061    40.118    -2.23    4.82
  73885.725    39.900    -0.76    4.65
  74171.379    39.657    -0.85    4.39
  74457.025    39.322    -1.17    3.96
  74742.662    39.750     1.50    4.15
  75028.290    40.187     1.53    4.21
  75313.909    40.237     0.18    3.98
  75599.519    40.821     2.05    4.31
  75885.121    40.822     0.00    4.09
  76170.713    40.031    -2.77    3.83
  76456.297    39.310    -2.53    3.51
  76741.872    38.800    -1.79    3.14
  77027.438    38.896     0.34    3.09
  77312.995    39.863     3.39    3.64
  77598.543    40.792     3.25    3.85
  77884.082    41.536     2.60    4.02
  78169.613    42.840     4.57    3.78
  78455.134    43.377     1.88    3.32
