-124622.586   142.779     0.00    6.64
-124335.318   139.453   -11.58    8.29
-124048.060   136.342   -10.83    9.45
-123760.810   132.716   -12.62    9.88
-123473.569   127.455   -18.32   10.15
-123186.337   121.818   -19.62    9.68
-122899.115   116.479   -18.59    9.66
-122611.901   111.202   -18.38    9.86
-122324.697   106.738   -15.54    9.99
-122037.501   102.760   -13.85    9.53
-121750.315    98.186   -15.93    8.95
-121463.138    94.426   -13.09    7.94
-121175.969    92.303    -7.39    5.99
-120888.810    92.201    -0.35    6.40
-120601.660    94.139     6.75    8.51
-120314.519    98.217    14.20   11.26
-120027.387   104.149    20.66   12.66
-119740.264   110.081    20.66   11.70
-119453.150   115.124    17.56    8.72
-119166.045   117.592     8.60    6.44
-118878.949   119.285     5.90    4.08
-118591.862   119.292     0.02    2.80
-118304.784   118.906    -1.34    2.47
-118017.715   118.732    -0.61    2.42
-117730.656   119.330     2.09    2.94
-117443.605   120.368     3.62    3.19
-117156.563   121.929     5.44    3.57
-116869.531   123.937     7.00    3.91
-116582.507   125.605     5.81    3.48
-116295.492   126.695     3.80    2.93
-116008.487   126.197    -1.73    3.61
-115721.490   124.897    -4.53    4.68
-115434.503   123.563    -4.65    4.76
-115147.524   121.980    -5.51    4.02
-114860.555   121.582    -1.39    3.66
-114573.595   122.431     2.96    4.49
-114286.643   123.519     3.79    5.14
-113999.701   125.455     6.75    5.14
-113712.768   127.965     8.75    4.67
-113425.843   130.098     7.43    4.60
-113138.928   131.660     5.44    4.04
-112852.022   132.625     3.36    3.70
-112565.124   133.078     1.58    3.50
-112278.236   133.600     1.82    3.59
-111991.357   133.292    -1.07    3.56
-111704.487   133.098    -0.68    3.49
-111417.626   133.930     2.90    4.02
-111130.774   135.124     4.16    4.45
-110843.930   136.796     5.83    5.02
-110557.096   137.929     3.95    5.15
-110270.271   138.917     3.44    4.87
-109983.455   141.083     7.55    3.97
-109696.648   143.688     9.08    4.90
-109409.850   145.666     6.90    4.94
-109123.061   147.086     4.95    4.80
-108836.281   147.866     2.72    4.54
-108549.510   148.033     0.58    4.77
-108262.748   148.085     0.18    4.61
-107975.994   146.309    -6.19    5.50
-107689.250   143.441   -10.00    5.58
-107402.515   142.168    -4.44    5.15
-107115.789   141.388    -2.72    4.62
-106829.072   141.274    -0.40    4.82
-106542.364   140.198    -3.75    4.75
-106255.665   139.718    -1.68    4.75
-105968.975   140.180     1.61    4.69
-105682.294   140.157    -0.08    4.64
-105395.622   138.441    -5.99    5.36
-105108.959   136.401    -7.11    5.19
-104822.304   134.582    -6.34    6.53
-104535.659   132.630    -6.81    7.84
-104249.023   129.524   -10.84    8.98
-103962.396   125.817   -12.93    8.87
-103675.778   122.203   -12.61    8.73
-103389.169   118.744   -12.07    9.44
-103102.568   115.123   -12.63    8.77
-102815.977   112.346    -9.69    7.72
-102529.395   109.745    -9.08    6.79
-102242.822   107.788    -6.83    6.97
-101956.257   104.959    -9.87    7.70
-101669.702   102.237    -9.50    7.91
-101383.156    99.994    -7.83    8.12
-101096.618    97.033   -10.33    7.26
-100810.090    95.296    -6.06    6.72
-100523.570    93.917    -4.81    6.15
-100237.060    93.915    -0.01    5.92
 -99950.559    94.407     1.72    5.77
 -99664.066    95.906     5.23    5.55
 -99377.583    96.700     2.77    5.72
 -99091.108    95.203    -5.23    7.61
 -98804.642    92.488    -9.48    9.10
 -98518.186    89.212   -11.44    9.42
 -98231.738    85.607   -12.58   10.22
 -97945.299    80.903   -16.42   10.93
 -97658.870    76.179   -16.50   10.89
 -97372.449    71.377   -16.77   10.69
 -97086.037    66.824   -15.90   10.43
 -96799.634    62.883   -13.76    8.99
 -96513.240    59.323   -12.43    7.93
 -96226.855    55.810   -12.27    9.60
 -95940.479    50.098   -19.95   13.37
 -95654.112    44.445   -19.74   14.90
 -95367.754    39.652   -16.74   14.59
 -95081.405    35.127   -15.80   12.86
 -94795.065    33.024    -7.35   11.30
 -94508.734    33.833     2.83   12.18
 -94222.411    37.546    12.97   14.36
 -93936.098    43.582    21.08   16.87
 -93649.794    50.015    22.47   18.21
 -93363.498    58.083    28.18   16.65
 -93077.212    66.227    28.45   12.75
 -92790.934    71.878    19.74    9.53
 -92504.666    75.723    13.43    6.50
 -92218.406    78.147     8.47    4.36
 -91932.155    79.285     3.98    3.43
 -91645.914    79.395     0.38    3.45
 -91359.681    79.036    -1.25    3.43
 -91073.457    78.495    -1.89    3.28
 -90787.242    78.393    -0.36    3.56
 -90501.036    78.192    -0.70    3.81
 -90214.839    77.729    -1.62    3.88
 -89928.651    77.894     0.58    3.81
 -89642.471    77.377    -1.81    3.84
 -89356.301    76.129    -4.36    4.15
 -89070.140    76.050    -0.27    4.30
 -88783.987    75.894    -0.55    4.11
 -88497.844    76.076     0.63    4.37
 -88211.709    77.117     3.64    5.04
 -87925.584    77.991     3.06    5.33
 -87639.467    79.564     5.50    5.08
 -87353.359    80.667     3.85    4.80
 -87067.260    80.804     0.48    4.43
 -86781.170    81.142     1.18    4.14
 -86495.089    81.526     1.34    3.94
 -86209.017    82.274     2.62    4.49
 -85922.954    83.229     3.34    4.82
 -85636.900    83.960     2.55    4.62
 -85350.854    84.404     1.55    4.63
 -85064.818    84.651     0.86    4.55
 -84778.790    84.050    -2.10    5.01
 -84492.772    83.662    -1.36    5.00
 -84206.762    82.588    -3.76    4.77
 -83920.761    80.560    -7.09    5.66
 -83634.769    78.620    -6.78    6.31
 -83348.786    76.544    -7.26    6.89
 -83062.812    74.228    -8.10    6.81
 -82776.847    72.476    -6.13    5.85
 -82490.891    70.865    -5.63    4.61
 -82204.943    69.731    -3.97    5.03
 -81919.005    68.774    -3.35    5.45
 -81633.075    67.957    -2.86    5.72
 -81347.155    67.031    -3.24    5.93
 -81061.243    66.959    -0.25    6.06
 -80775.340    67.234     0.96    6.11
 -80489.446    68.738     5.26    6.01
 -80203.561    71.201     8.61    5.68
 -79917.685    73.595     8.38    5.30
 -79631.818    75.789     7.67    4.12
 -79345.959    77.700     6.69    3.51
 -79060.110    79.476     6.21    4.36
 -78774.269    80.826     4.72    4.64
 -78488.438    81.922     3.84    4.39
 -78202.615    83.138     4.25    3.91
 -77916.801    84.174     3.62    3.48
 -77630.996    84.970     2.78    3.19
 -77345.200    85.263     1.03    3.64
 -77059.412    85.804     1.89    3.67
 -76773.634    86.453     2.27    3.67
 -76487.865    87.410     3.35    3.07
 -76202.104    87.289    -0.42    3.24
 -75916.352    86.891    -1.39    3.75
 -75630.609    86.610    -0.98    4.26
 -75344.875    85.862    -2.62    4.50
 -75059.150    84.781    -3.78    4.83
 -74773.434    83.515    -4.43    4.99
 -74487.727    81.957    -5.45    4.43
 -74202.028    80.667    -4.51    4.69
 -73916.339    79.238    -5.00    5.40
 -73630.658    78.745    -1.73    5.89
 -73344.986    78.731    -0.05    6.62
 -73059.323    78.854     0.43    6.81
 -72773.669    79.528     2.36    6.46
 -72488.024    80.006     1.67    5.87
 -72202.388    79.927    -0.27    5.24
 -71916.760    79.267    -2.31    5.03
 -71631.141    77.056    -7.74    6.13
 -71345.532    74.204    -9.98    7.39
 -71059.931    71.700    -8.77    8.08
 -70774.339    68.253   -12.07    7.76
 -70488.756    64.701   -12.44    6.05
 -70203.181    61.620   -10.79    4.71
 -69917.616    58.545   -10.77    5.07
 -69632.059    55.782    -9.68    6.34
 -69346.511    53.438    -8.21    6.72
 -69060.973    51.396    -7.15    6.99
 -68775.442    50.223    -4.11    7.12
 -68489.921    49.681    -1.90    7.19
 -68203.961    49.610    -0.25    7.20
 -67916.443    49.404    -0.72    7.10
 -67628.934    50.134     2.54    7.54
 -67341.435    52.107     6.87    8.10
 -67053.946    54.394     7.95    7.74
 -66766.466    56.981     9.00    8.41
 -66478.997    59.596     9.10    7.78
 -66191.537    61.796     7.65    6.77
 -65904.086    63.485     5.88    5.33
 -65616.646    64.767     4.46    3.52
 -65329.216    64.041    -2.52    3.43
 -65041.795    62.581    -5.08    4.29
 -64754.384    61.028    -5.40    4.61
 -64466.983    59.225    -6.27    4.40
 -64179.591    58.193    -3.59    4.09
 -63892.209    57.984    -0.73    4.26
 -63604.838    58.853     3.02    5.11
 -63317.475    60.404     5.40    6.06
 -63030.123    61.695     4.49    6.44
 -62742.780    63.203     5.25    5.78
 -62455.448    64.524     4.60    4.76
 -62168.125    65.379     2.98    4.80
 -61880.811    66.249     3.02    4.42
 -61593.508    65.685    -1.96    4.43
 -61306.214    64.666    -3.55    4.30
 -61018.930    64.219    -1.56    4.38
 -60731.656    62.774    -5.03    4.92
 -60444.391    61.745    -3.58    4.81
 -60157.136    60.521    -4.26    4.76
 -59869.892    59.383    -3.96    4.89
 -59582.656    59.145    -0.83    5.26
 -59295.431    59.183     0.13    5.83
 -59008.215    59.991     2.81    5.91
 -58721.009    60.204     0.74    5.38
 -58433.813    59.295    -3.16    5.17
 -58146.626    58.816    -1.67    4.80
 -57859.450    58.607    -0.73    4.65
 -57572.283    57.274    -4.64    4.59
 -57285.125    56.070    -4.19    4.07
 -56997.978    54.937    -3.95    4.05
 -56710.840    53.695    -4.32    4.48
 -56423.712    53.042    -2.28    4.37
 -56136.594    52.035    -3.51    4.71
 -55849.485    51.731    -1.06    5.42
 -55562.387    51.386    -1.20    5.36
 -55275.298    50.724    -2.31    5.20
 -54988.218    50.482    -0.84    4.81
 -54701.149    49.152    -4.63    5.12
 -54414.089    47.134    -7.03    5.73
 -54127.039    45.610    -5.31    5.58
 -53839.998    43.506    -7.33    5.02
 -53552.968    41.723    -6.21    4.66
 -53265.947    40.633    -3.80    4.00
 -52978.935    39.421    -4.22    3.01
 -52691.934    38.212    -4.21    4.44
 -52404.942    36.905    -4.55    5.28
 -52117.960    35.809    -3.82    5.39
 -51830.988    34.282    -5.32    5.59
 -51544.025    32.531    -6.10    5.37
 -51257.072    31.321    -4.22    5.02
 -50970.129    31.600     0.97    4.95
 -50683.196    31.453    -0.51    5.10
 -50396.272    30.057    -4.86    4.81
 -50109.358    29.267    -2.75    4.58
 -49822.453    29.724     1.59    5.20
 -49535.559    29.303    -1.47    5.73
 -49248.674    28.522    -2.72    6.10
 -48961.799    28.160    -1.26    6.59
 -48674.933    28.678     1.81    7.30
 -48388.077    28.717     0.14    7.76
 -48101.231    28.212    -1.76    7.93
 -47814.395    29.004     2.76    8.72
 -47527.568    30.803     6.27    9.30
 -47240.751    32.819     7.03    8.76
 -46953.944    33.479     2.30    7.89
 -46667.146    33.981     1.75    7.02
 -46380.359    34.558     2.01    5.94
 -46093.580    33.753    -2.81    5.77
 -45806.812    32.227    -5.32    5.09
 -45520.053    29.173   -10.65    5.32
 -45233.304    26.288   -10.06    6.20
 -44946.565    22.961   -11.60    7.65
 -44659.835    20.561    -8.37    7.72
 -44373.115    18.077    -8.66    7.39
 -44086.404    15.152   -10.20    6.61
 -43799.704    12.531    -9.14    6.37
 -43513.013    10.045    -8.67    6.01
 -43226.331     8.619    -4.98    6.08
 -42939.660     7.195    -4.96    6.19
 -42652.998     4.900    -8.01    4.41
 -42366.346     3.657    -4.34    2.54
 -42079.703     3.565    -0.32    1.91
 -41793.070     4.458     3.11    2.61
 -41506.447     5.542     3.78    2.91
 -41219.833     6.524     3.43    2.82
 -40933.229     7.582     3.69    2.29
 -40646.635     8.331     2.62    1.33
 -40360.051     8.576     0.85    0.68
 -40073.476     8.648     0.25    0.57
 -39786.910     8.644    -0.02    0.61
 -39500.355     8.715     0.25    0.37
 -39213.809     8.760     0.16    0.09
 -38927.273     8.767     0.03    0.00
 -38640.746     8.767     0.00    0.00
 -38354.229     8.781     0.05    0.17
 -38067.722     8.848     0.23    0.27
 -37781.224     8.898     0.18    0.34
 -37494.737     8.958     0.21    0.41
 -37208.258     8.959     0.00    0.74
 -36921.790     8.995     0.13    0.77
 -36635.331     8.860    -0.47    1.03
 -36348.881     8.526    -1.17    1.54
 -36062.442     8.081    -1.55    1.98
 -35776.012     7.803    -0.97    2.05
 -35489.591     7.522    -0.98    2.07
 -35203.181     7.306    -0.75    1.99
 -34916.780     7.159    -0.51    1.96
 -34630.388     7.191     0.11    1.89
 -34344.006     7.267     0.26    1.70
 -34057.634     7.164    -0.36    1.56
 -33771.272     7.055    -0.38    1.50
 -33484.919     6.938    -0.41    1.35
 -33198.576     6.774    -0.57    1.19
 -32912.242     6.460    -1.10    1.28
 -32625.918     6.249    -0.74    0.99
 -32339.604     6.267     0.06    0.90
 -32053.299     6.335     0.24    0.94
 -31767.004     6.468     0.47    0.79
 -31480.719     6.400    -0.24    0.96
 -31194.443     6.484     0.29    0.78
 -30908.177     6.550     0.23    0.68
 -30621.920     6.564     0.05    0.63
 -30335.673     6.663     0.35    0.43
 -30049.436     6.701     0.13    0.25
 -29763.209     6.731     0.11    0.19
 -29476.990     6.656    -0.26    0.58
 -29190.782     6.253    -1.41    1.60
 -28904.583     5.673    -2.03    2.34
 -28618.394     4.819    -2.98    2.99
 -28332.215     3.997    -2.87    3.25
 -28046.045     3.570    -1.49    3.22
 -27759.884     3.337    -0.81    3.18
 -27473.734     3.155    -0.64    3.13
 -27187.593     3.058    -0.34    3.01
 -26901.461     3.474     1.45    3.07
 -26615.339     4.488     3.54    3.02
 -26329.227     5.562     3.75    2.89
 -26043.124     6.321     2.65    2.61
 -25757.031     6.558     0.83    2.56
 -25470.948     6.285    -0.95    2.84
 -25184.874     6.029    -0.90    3.01
 -24898.810     5.105    -3.23    2.98
 -24612.755     4.059    -3.66    2.45
 -24326.710     3.112    -3.31    1.24
 -24040.675     2.789    -1.13    0.26
 -23754.649     2.767    -0.08    0.00
 -23468.633     2.767     0.00    0.00
 -23182.626     3.177     1.44    1.55
 -22896.629     4.295     3.91    2.85
 -22610.641     5.142     2.96    3.29
 -22324.664     5.546     1.41    3.40
 -22038.695     5.903     1.25    3.43
 -21752.737     6.028     0.44    3.51
 -21466.788     5.941    -0.31    3.75
 -21180.848     6.202     0.91    4.06
 -20894.918     6.573     1.30    4.38
 -20608.998     7.520     3.31    4.48
 -20323.087     9.110     5.56    4.10
 -20037.186    10.333     4.28    3.45
 -19751.294    11.431     3.84    2.11
 -19465.412    12.028     2.09    1.03
 -19179.540    12.003    -0.09    1.17
 -18893.677    11.977    -0.09    1.25
 -18607.824    12.048     0.25    1.21
 -18321.980    12.076     0.10    1.29
 -18036.146    12.187     0.39    1.28
 -17750.321    12.248     0.21    1.23
 -17464.506    12.148    -0.35    1.29
 -17178.701    12.282     0.47    1.22
 -16892.905    12.295     0.05    1.21
 -16607.119    12.395     0.35    1.25
 -16321.342    12.487     0.32    1.23
 -16035.575    12.450    -0.13    1.26
 -15749.817    12.467     0.06    1.32
 -15464.069    12.670     0.71    1.26
 -15178.331    12.695     0.09    1.35
 -14892.602    12.752     0.20    1.47
 -14606.883    12.855     0.36    1.45
 -14321.173    12.796    -0.21    1.63
 -14035.472    12.493    -1.06    2.19
 -13749.782    12.042    -1.58    2.91
 -13464.101    11.195    -2.96    3.65
 -13178.429    10.222    -3.41    4.12
 -12892.767     9.681    -1.89    4.32
 -12607.115     9.208    -1.66    4.54
 -12321.472     9.382     0.61    4.57
 -12035.838     9.666     1.00    4.58
 -11750.214    10.521     2.99    4.22
 -11464.600    11.737     4.26    3.44
 -11178.995    12.558     2.87    2.38
 -10893.400    13.185     2.19    1.00
 -10607.815    13.245     0.21    1.00
 -10322.238    13.329     0.29    0.99
 -10036.672    13.382     0.18    1.01
  -9751.115    13.395     0.05    1.10
  -9465.567    13.483     0.31    1.07
  -9180.029    13.614     0.46    1.18
  -8894.501    13.673     0.21    1.24
  -8608.982    13.662    -0.04    1.14
  -8323.473    13.809     0.51    1.10
  -8037.973    13.884     0.26    1.11
  -7752.482    13.964     0.28    1.04
  -7467.002    14.045     0.29    1.00
  -7181.530    14.022    -0.08    0.95
  -6896.069    14.132     0.39    0.93
  -6610.616    14.285     0.53    0.97
  -6324.523    14.304     0.07    0.98
  -6036.931    14.330     0.09    1.05
  -5749.349    14.230    -0.35    1.05
  -5461.777    14.161    -0.24    1.05
  -5174.216    14.174     0.05    1.14
  -4886.665    14.125    -0.17    1.17
  -4599.125    14.177     0.18    1.16
  -4311.596    13.973    -0.71    1.74
  -4024.077    13.145    -2.88    3.17
  -3736.568    12.573    -1.99    3.84
  -3449.070    12.063    -1.77    4.30
  -3161.582    11.752    -1.08    4.51
  -2874.105    11.656    -0.33    4.62
  -2586.638    11.135    -1.81    5.26
  -2299.182    10.234    -3.13    6.24
  -2011.736     8.804    -4.98    7.00
  -1724.301     7.752    -3.66    7.32
  -1436.876     5.945    -6.29    7.20
  -1149.461     3.864    -7.24    6.58
   -862.057     2.065    -6.26    5.35
   -574.664     1.489    -2.00    4.68
   -287.281     1.177    -1.09    4.32
      0.092     0.360    -2.84    2.85
    287.454    -0.233    -2.06    0.00
    574.806    -0.233     0.00    0.00
    862.147     0.215     1.56    3.22
   1149.478     4.538    15.05   12.61
   1436.798    11.090    22.80   18.20
   1724.108    17.484    22.25   20.04
   2011.407    24.203    23.38   19.65
   2298.696    31.595    25.73   16.40
   2585.975    36.460    16.94   10.98
   2873.243    38.292     6.38    8.04
   3160.500    37.438    -2.97    8.50
   3447.748    36.617    -2.86    8.85
   3734.984    36.282    -1.17    8.30
   4022.211    35.212    -3.72    7.74
   4309.427    34.004    -4.21    6.67
   4596.632    32.961    -3.63    5.78
   4883.827    32.033    -3.23    5.30
   5171.012    32.322     1.00    5.70
   5458.186    33.186     3.01    6.29
   5745.350    33.617     1.50    7.09
   6032.503    33.215    -1.40    8.81
   6319.646    31.616    -5.57   11.87
   6606.778    29.300    -8.06   14.06
   6893.900    25.888   -11.88   14.68
   7181.012    23.587    -8.02   13.72
   7468.113    23.343    -0.85   13.07
   7755.204    23.951     2.12   13.33
   8042.284    26.983    10.56   13.81
   8329.354    30.544    12.40   12.63
   8616.414    32.875     8.12   11.26
   8903.463    34.640     6.15    8.91
   9190.501    35.256     2.15    7.38
   9477.530    35.491     0.82    6.86
   9764.548    35.686     0.68    6.14
  10051.555    36.183     1.73    5.28
  10338.552    37.058     3.05    4.35
  10625.539    38.224     4.06    4.22
  10912.515    38.906     2.38    4.25
  11199.481    39.274     1.28    4.08
  11486.436    39.603     1.14    3.89
  11773.381    40.200     2.08    3.55
  12060.316    40.371     0.60    3.69
  12347.240    40.574     0.71    3.85
  12634.154    40.587     0.04    3.71
  12921.058    41.117     1.85    2.94
  13207.951    41.322     0.72    2.35
  13494.833    41.213    -0.38    2.32
  13781.706    40.549    -2.31    2.36
  14068.567    39.539    -3.52    2.51
  14355.419    38.252    -4.49    3.09
  14642.260    36.559    -5.90    4.48
  14929.091    34.846    -5.97    5.30
  15215.911    32.804    -7.12    5.49
  15502.721    31.219    -5.53    5.17
  15789.521    30.035    -4.13    4.78
  16076.310    29.110    -3.22    4.28
  16363.089    29.126     0.06    4.34
  16649.857    29.774     2.26    4.23
  16936.616    30.848     3.75    3.94
  17223.363    31.968     3.91    3.63
  17510.101    32.991     3.57    2.54
  17796.828    33.292     1.05    2.28
  18083.544    33.656     1.27    1.92
  18370.251    33.774     0.41    1.95
  18656.947    33.421    -1.23    2.24
  18943.632    33.326    -0.33    2.28
  19230.307    32.688    -2.23    2.81
  19516.972    32.404    -0.99    2.86
  19803.627    32.050    -1.24    2.79
  20090.271    31.433    -2.15    2.89
  20376.904    30.915    -1.81    2.93
  20663.528    30.403    -1.79    2.76
  20950.141    29.978    -1.48    2.72
  21236.744    29.878    -0.35    2.67
  21523.336    29.645    -0.81    3.39
  21809.918    29.872     0.79    3.36
  22096.490    30.285     1.44    3.03
  22383.051    30.441     0.54    2.59
  22669.602    30.048    -1.37    3.19
  22956.142    28.875    -4.10    4.78
  23242.673    26.341    -8.84    6.79
  23529.193    24.073    -7.92    6.94
  23815.702    22.861    -4.23    6.54
  24102.201    22.894     0.11    6.83
  24388.690    24.117     4.27    7.70
  24675.169    26.219     7.34    8.26
  24961.637    29.195    10.39    7.10
  25248.095    31.810     9.13    4.09
  25534.543    33.256     5.05    2.91
  25820.980    34.100     2.95    3.97
  26107.407    35.453     4.72    4.37
  26393.824    36.188     2.57    4.36
  26680.230    37.066     3.07    4.18
  26966.626    38.122     3.69    3.57
  27253.011    38.445     1.13    3.18
  27539.387    38.431    -0.05    3.15
  27825.752    38.176    -0.89    3.19
  28112.106    38.205     0.10    3.43
  28398.451    38.098    -0.37    3.49
  28684.785    38.353     0.89    3.52
  28971.109    38.811     1.60    3.31
  29257.422    38.804    -0.02    3.10
  29543.725    38.295    -1.78    3.02
  29830.018    38.170    -0.44    2.77
  30116.300    38.242     0.25    2.93
  30402.573    37.996    -0.86    4.01
  30688.835    37.187    -2.83    4.90
  30975.086    36.424    -2.67    5.35
  31261.327    35.470    -3.33    5.38
  31547.558    34.796    -2.36    5.23
  31833.779    35.095     1.05    5.19
  32119.989    35.559     1.62    5.09
  32406.190    36.644     3.79    4.48
  32692.379    37.155     1.79    4.61
  32978.559    37.191     0.13    5.03
  33264.728    36.662    -1.85    5.60
  33550.887    35.500    -4.06    5.61
  33837.036    34.033    -5.13    5.65
  34123.174    32.841    -4.16    5.47
  34409.302    31.939    -3.15    5.09
  34695.420    31.715    -0.78    4.89
  34981.527    32.286     1.99    4.59
  35267.625    33.630     4.70    3.81
  35553.712    35.076     5.05    3.84
  35839.788    36.367     4.51    3.91
  36125.855    37.006     2.23    3.87
  36411.911    37.308     1.05    3.83
  36697.956    37.486     0.62    3.84
  36983.992    37.319    -0.58    3.81
  37270.017    35.688    -5.70    4.88
  37556.032    33.774    -6.69    5.51
  37842.037    33.108    -2.33    5.57
  38128.032    32.932    -0.61    5.57
  38414.016    33.215     0.99    5.87
  38699.990    33.818     2.11    6.16
  38985.953    35.105     4.50    6.00
  39271.907    36.571     5.13    5.26
  39557.850    36.745     0.61    5.38
  39843.783    35.995    -2.62    5.76
  40129.705    34.672    -4.63    6.87
  40415.618    32.545    -7.44    8.48
  40701.520    29.573   -10.40    9.24
  40987.412    26.274   -11.54    8.18
  41273.293    23.901    -8.30    6.74
  41559.165    22.774    -3.94    5.73
  41845.026    21.978    -2.78    5.10
  42130.877    21.752    -0.79    5.02
  42416.717    21.752     0.00    4.84
  42702.548    21.274    -1.67    4.36
  42988.368    21.017    -0.90    4.46
  43274.178    20.920    -0.34    4.79
  43559.977    20.955     0.12    4.93
  43845.767    21.153     0.69    4.97
  44131.546    21.864     2.49    4.84
  44417.315    22.382     1.81    4.82
  44703.074    22.465     0.29    4.40
  44988.822    22.485     0.07    3.34
  45274.560    22.650     0.58    2.82
  45560.288    23.782     3.96    2.98
  45846.006    24.541     2.66    3.37
  46131.714    26.134     5.57    4.69
  46417.411    27.508     4.81    5.09
  46703.098    28.860     4.74    5.44
  46988.775    29.019     0.55    5.23
  47274.442    28.879    -0.49    4.89
  47560.098    28.817    -0.22    4.94
  47845.744    27.556    -4.41    4.50
  48131.380    26.628    -3.25    4.15
  48417.006    26.208    -1.47    3.70
  48702.622    26.045    -0.57    3.58
  48988.227    26.745     2.45    4.04
  49273.822    27.528     2.74    3.99
  49559.407    28.605     3.77    4.18
  49844.982    30.131     5.34    4.09
  50130.546    31.222     3.82    4.23
  50416.100    32.541     4.62    5.00
  50701.645    34.229     5.91    5.04
  50987.178    35.488     4.41    5.20
  51272.702    37.031     5.41    4.60
  51558.216    38.374     4.70    4.56
  51843.719    39.544     4.10    4.86
  52129.212    41.338     6.29    4.47
  52414.695    42.493     4.04    4.51
  52700.167    43.504     3.54    4.17
  52985.630    44.489     3.45    3.34
  53271.082    45.138     2.28    2.83
  53556.524    45.640     1.76    2.29
  53841.956    45.377    -0.92    2.40
  54127.378    45.040    -1.18    2.87
  54412.789    45.285     0.86    3.16
  54698.191    45.289     0.01    3.60
  54983.582    45.759     1.65    3.40
  55268.963    45.759     0.00    3.54
  55555.212    46.249     1.71    3.74
  55842.885    46.655     1.41    3.89
  56130.548    46.535    -0.42    4.10
  56418.199    46.685     0.52    3.64
  56705.839    46.351    -1.16    3.90
  56993.467    46.628     0.96    3.70
  57281.085    46.790     0.56    3.52
  57568.691    46.484    -1.06    3.39
  57856.286    46.590     0.37    2.51
  58143.870    46.165    -1.48    2.47
  58431.443    45.922    -0.84    2.38
  58719.005    45.256    -2.32    2.48
  59006.555    44.281    -3.39    3.73
  59294.095    43.418    -3.00    4.98
  59581.623    42.752    -2.32    6.01
  59869.140    42.945     0.67    6.49
  60156.646    42.925    -0.07    6.96
  60444.141    44.007     3.76    6.38
  60731.624    44.142     0.47    6.07
  61019.097    44.489     1.21    5.14
  61306.558    45.256     2.66    3.28
  61594.008    45.477     0.77    2.50
  61881.447    45.392    -0.30    2.77
  62168.875    44.238    -4.01    4.68
  62456.292    42.811    -4.96    6.45
  62743.697    41.367    -5.03    7.64
  63031.092    39.962    -4.89    8.36
  63318.475    40.100     0.48    8.54
  63605.847    40.210     0.38    8.46
  63893.208    40.500     1.01    8.58
  64180.558    41.165     2.31    8.58
  64467.897    40.896    -0.94    8.52
  64755.225    40.322    -2.00    8.42
  65042.541    39.310    -3.52    8.47
  65329.846    38.699    -2.13    8.58
  65617.141    39.724     3.57    8.86
  65904.424    41.580     6.46    8.88
  66191.696    44.105     8.79    7.69
  66478.957    45.995     6.58    5.89
  66766.206    46.174     0.62    5.46
  67053.445    45.144    -3.59    6.43
  67340.673    43.443    -5.92    7.20
  67627.889    42.410    -3.60    7.56
  67915.094    42.521     0.39    7.93
  68202.289    43.208     2.39    8.47
  68489.472    44.860     5.75    8.03
  68776.644    46.737     6.54    6.52
  69063.804    47.818     3.76    5.00
  69350.954    48.834     3.54    3.95
  69638.093    48.927     0.32    4.19
  69925.221    48.891    -0.13    4.57
  70212.337    48.872    -0.07    4.80
  70499.442    49.184     1.09    5.18
  70786.537    50.118     3.25    5.41
  71073.620    50.789     2.34    5.71
  71360.692    52.449     5.78    5.43
  71647.753    53.958     5.26    4.42
  71934.803    54.759     2.79    3.85
  72221.842    55.132     1.30    3.59
  72508.869    55.115    -0.06    3.68
  72795.886    55.105    -0.03    4.20
  73082.892    54.759    -1.21    4.34
  73369.886    54.468    -1.01    4.51
  73656.870    54.172    -1.03    4.56
