-123452.717   418.105     0.00   65.62
-123166.405   423.698    19.53   73.55
-122880.092   428.135    15.50   81.62
-122593.777   437.578    32.98   92.97
-122307.461   443.629    21.14   98.67
-122021.142   435.247   -29.28   98.58
-121734.822   419.631   -54.54   91.72
-121448.501   395.744   -83.43   83.70
-121162.177   371.055   -86.23   76.48
-120875.852   347.417   -82.56   69.41
-120589.525   318.077  -102.47   62.21
-120303.197   292.328   -89.93   52.15
-120016.867   279.529   -44.70   40.85
-119730.535   279.853     1.13   41.48
-119444.202   292.186    43.07   53.16
-119157.866   309.980    62.14   63.26
-118871.530   331.958    76.76   68.41
-118585.191   352.647    72.25   66.59
-118298.851   364.316    40.75   62.20
-118012.509   360.176   -14.46   64.85
-117726.165   344.963   -53.13   71.33
-117439.820   319.813   -87.83   72.04
-117153.473   293.361   -92.38   66.24
-116867.124   272.936   -71.33   50.26
-116580.774   267.406   -19.31   39.75
-116294.422   274.694    25.45   47.90
-116008.068   294.321    68.54   61.77
-115721.713   320.832    92.58   69.31
-115435.356   351.087   105.66   70.35
-115148.997   383.952   114.77   60.47
-114862.637   409.364    88.74   45.83
-114576.275   420.161    37.70   37.55
-114289.911   416.212   -13.79   41.57
-114003.545   402.277   -48.66   51.71
-113717.178   385.074   -60.07   59.58
-113430.809   363.826   -74.20   64.24
-113144.439   332.258  -110.23   74.54
-112858.066   293.109  -136.71   87.25
-112571.693   252.488  -141.84   90.25
-112285.317   215.023  -130.82   85.77
-111998.940   184.973  -104.93   73.35
-111712.561   161.691   -81.30   50.14
-111426.180   150.317   -39.72   26.77
-111139.798   161.783    40.04   46.38
-110853.414   194.839   115.43   89.11
-110567.028   242.014   164.73  125.77
-110280.641   297.534   193.86  146.61
-109994.251   358.559   213.08  154.68
-109707.861   407.384   170.48  145.92
-109421.468   436.555   101.85  126.80
-109135.074   450.235    47.77  111.35
-108848.678   440.908   -32.57  101.52
-108562.281   429.323   -40.45   90.13
-108275.882   417.157   -42.48   78.71
-107989.481   397.546   -68.47   63.69
-107703.078   378.094   -67.92   48.73
-107416.674   362.052   -56.01   37.04
-107130.268   350.503   -40.32   30.10
-106843.860   343.670   -23.86   25.39
-106557.451   343.222    -1.57   28.78
-106271.040   352.455    32.24   41.99
-105984.627   364.840    43.24   48.87
-105698.213   378.628    48.14   50.40
-105411.797   396.762    63.32   50.19
-105125.379   410.854    49.20   57.12
-104838.960   419.543    30.34   69.47
-104552.538   413.465   -21.22   84.13
-104266.116   392.423   -73.46  104.15
-103979.691   366.135   -91.78  119.76
-103693.265   333.321  -114.56  126.90
-103406.837   288.647  -155.97  121.14
-103120.408   245.122  -151.96   95.31
-102833.976   210.264  -121.70   61.08
-102547.543   186.637   -82.49   37.01
-102261.109   173.081   -47.32   24.62
-101974.672   164.157   -31.16   17.72
-101688.234   157.800   -22.19   14.36
-101401.795   151.998   -20.25   13.77
-101115.353   145.949   -21.12   13.32
-100828.910   140.391   -19.40   12.30
-100542.466   135.684   -16.43   11.98
-100256.019   130.745   -17.24   11.47
 -99969.571   125.756   -17.42    9.70
 -99683.121   122.119   -12.70    7.79
 -99396.670   119.881    -7.81    7.84
 -99110.217   117.029    -9.96    7.44
 -98823.762   114.442    -9.03    6.73
 -98537.305   111.818    -9.16    7.00
 -98250.847   109.291    -8.82    7.54
 -97964.387   106.811    -8.66    7.88
 -97677.925   104.420    -8.35    8.35
 -97391.462   102.060    -8.24    8.86
 -97104.997    99.083   -10.40    9.04
 -96818.531    95.881   -11.18    9.06
 -96532.062    92.296   -12.51    9.72
 -96245.592    88.868   -11.97   10.11
 -95959.120    86.099    -9.66    9.28
 -95672.647    84.605    -5.21    9.08
 -95386.172    85.247     2.24    9.89
 -95099.695    86.896     5.76   10.99
 -94813.217    89.917    10.55   11.30
 -94526.736    93.867    13.79   10.30
 -94240.255    98.453    16.01    7.12
 -93953.771   101.327    10.03    5.84
 -93667.286   102.960     5.70    5.56
 -93380.799   104.667     5.96    5.63
 -93094.310   106.998     8.14    7.53
 -92807.820   109.650     9.25    9.63
 -92521.328   113.874    14.75   13.45
 -92234.834   118.398    15.79   14.88
 -91948.339   124.915    22.75   16.64
 -91661.842   133.532    30.08   20.36
 -91375.343   143.785    35.79   23.97
 -91088.843   155.713    41.64   26.75
 -90802.341   168.077    43.15   28.43
 -90515.837   177.497    32.88   28.22
 -90229.331   184.233    23.51   25.55
 -89942.824   186.711     8.65   23.55
 -89656.315   184.107    -9.09   24.07
 -89369.805   179.247   -16.96   25.09
 -89083.292   171.508   -27.01   22.75
 -88796.778   164.033   -26.09   16.47
 -88510.263   161.711    -8.10   14.09
 -88223.745   162.521     2.83   15.61
 -87937.226   164.367     6.45   16.92
 -87650.706   166.051     5.88   16.17
 -87364.183   167.840     6.24   13.99
 -87077.659   168.827     3.45   12.95
 -86791.134   167.515    -4.58   15.55
 -86504.606   162.060   -19.04   19.71
 -86218.077   152.647   -32.85   21.66
 -85931.546   142.193   -36.48   22.23
 -85645.014   132.044   -35.42   21.75
 -85358.479   122.071   -34.81   19.90
 -85071.944   112.087   -34.85   19.82
 -84785.406   101.312   -37.60   23.28
 -84498.867    89.498   -41.23   25.71
 -84212.326    78.249   -39.26   24.54
 -83925.783    67.847   -36.30   20.99
 -83639.239    58.484   -32.67   15.77
 -83352.693    51.402   -24.71    8.35
 -83066.145    47.595   -13.28    4.69
 -82779.596    45.666    -6.73    4.97
 -82493.045    43.888    -6.20    5.10
 -82206.492    42.215    -5.84    4.33
 -81919.937    40.417    -6.28    4.12
 -81633.381    37.996    -8.45    6.58
 -81346.823    34.598   -11.86    8.94
 -81060.264    31.076   -12.29   10.40
 -80773.702    27.619   -12.06   10.97
 -80487.140    24.498   -10.89   10.53
 -80200.575    20.806   -12.88    8.01
 -79914.009    18.248    -8.92    4.72
 -79627.441    16.922    -4.63    0.58
 -79340.871    16.874    -0.17    0.00
 -79054.300    16.874     0.00    0.00
 -78767.726    16.874     0.00    0.00
 -78481.152    16.874     0.00    0.00
 -78194.575    16.874     0.00    0.00
 -77907.997    16.874     0.00    0.00
 -77621.417    16.874     0.00    0.00
 -77334.836    16.874     0.00    0.00
 -77048.253    16.874     0.00    0.00
 -76761.668    16.874     0.00    0.00
 -76475.081    16.874     0.00    0.00
 -76188.493    16.874     0.00    0.00
 -75901.903    16.874     0.00    0.00
 -75615.311    16.874     0.00    0.00
 -75328.718    17.004     0.45    0.93
 -75042.123    18.114     3.87    3.62
 -74755.526    19.561     5.05    5.05
 -74468.928    21.208     5.74    5.86
 -74182.328    23.047     6.42    6.16
 -73895.793    25.527     8.66    5.96
 -73609.476    27.967     8.52    5.37
 -73323.159    30.167     7.68    4.07
 -73036.840    31.810     5.74    3.60
 -72750.521    33.094     4.49    3.55
 -72464.200    34.452     4.74    3.61
 -72177.879    35.903     5.07    3.66
 -71891.556    36.782     3.07    3.81
 -71605.233    37.797     3.54    3.69
 -71318.909    38.527     2.55    3.46
 -71032.583    39.130     2.11    3.31
 -70746.257    39.628     1.74    3.09
 -70459.930    40.191     1.97    2.75
 -70173.602    40.694     1.75    2.30
 -69887.273    41.491     2.78    2.26
 -69600.943    42.669     4.11    2.93
 -69314.612    44.367     5.93    4.08
 -69028.280    46.929     8.95    5.69
 -68741.947    50.099    11.07    6.73
 -68455.613    53.066    10.36    6.62
 -68169.278    55.942    10.04    6.80
 -67882.942    59.038    10.81    7.24
 -67596.605    61.867     9.88    7.86
 -67310.267    64.779    10.17    7.62
 -67023.929    68.119    11.66    6.94
 -66737.589    71.136    10.54    5.90
 -66451.248    73.740     9.09    4.44
 -66164.907    75.931     7.65    4.21
 -65878.564    77.889     6.84    4.63
 -65592.221    79.931     7.13    5.32
 -65305.876    82.583     9.26    6.43
 -65019.531    85.903    11.59    7.97
 -64733.184    89.690    13.23    9.49
 -64446.837    94.269    15.99   10.63
 -64160.489    98.783    15.76   10.84
 -63874.139   103.438    16.26   10.12
 -63587.789   107.290    13.45    8.92
 -63301.438   110.473    11.12    7.70
 -63015.086   112.458     6.93    6.34
 -62728.732   113.419     3.36    5.32
 -62442.378   114.228     2.82    5.03
 -62156.023   114.020    -0.73    5.06
 -61869.667   112.929    -3.81    5.08
 -61583.310   111.272    -5.79    5.14
 -61296.952   109.378    -6.61    5.03
 -61010.593   107.326    -7.16    4.83
 -60724.234   105.881    -5.05    4.74
 -60437.873   104.711    -4.09    3.77
 -60151.511   104.523    -0.66    3.17
 -59865.148   104.997     1.66    3.18
 -59578.784   105.760     2.67    3.51
 -59292.420   106.702     3.29    3.56
 -59006.054   107.226     1.83    3.29
 -58719.688   107.696     1.64    3.29
 -58433.320   108.569     3.05    3.54
 -58146.951   109.402     2.91    3.62
 -57860.582   110.226     2.88    4.01
 -57574.211   110.768     1.89    4.11
 -57287.840   111.271     1.76    4.05
 -57001.468   111.515     0.85    3.94
 -56715.094   111.177    -1.18    4.03
 -56428.720   110.659    -1.81    4.51
 -56142.345   109.776    -3.08    4.90
 -55855.969   108.329    -5.05    5.39
 -55569.591   107.478    -2.97    6.07
 -55283.213   107.224    -0.89    7.01
 -54996.834   107.631     1.42    7.91
 -54710.454   108.446     2.84    8.02
 -54424.073   109.178     2.56    7.88
 -54137.691   110.405     4.28    6.75
 -53851.308   111.176     2.69    5.29
 -53564.924   111.174    -0.01    4.96
 -53278.539   110.418    -2.64    5.28
 -52992.153   108.133    -7.98    6.55
 -52705.767   106.347    -6.24    6.36
 -52419.379   105.854    -1.72    6.53
 -52132.990   104.985    -3.03    6.78
 -51846.601   103.581    -4.91    7.30
 -51560.210   101.853    -6.03    7.69
 -51273.818   101.029    -2.88    7.61
 -50987.426   100.367    -2.31    7.35
 -50701.032    98.860    -5.26    7.26
 -50414.638    97.378    -5.18    7.04
 -50128.242    96.465    -3.19    6.90
 -49841.846    95.770    -2.42    7.33
 -49555.448    95.515    -0.89    8.49
 -49269.050    95.121    -1.38    9.39
 -48982.651    95.339     0.76   10.06
 -48696.250    95.332    -0.02   10.47
 -48409.849    94.574    -2.65   10.63
 -48123.447    93.395    -4.11    9.95
 -47837.044    91.902    -5.21    8.88
 -47550.640    90.107    -6.27    7.50
 -47264.235    88.017    -7.30    6.92
 -46977.829    85.480    -8.86    6.84
 -46691.422    82.616   -10.00    7.65
 -46405.014    79.032   -12.51    8.17
 -46118.605    74.682   -15.19    8.80
 -45832.195    69.759   -17.19   10.01
 -45545.784    64.273   -19.15   11.89
 -45259.372    58.228   -21.11   13.92
 -44972.960    52.221   -20.97   13.52
 -44686.546    46.699   -19.28   12.35
 -44400.131    43.958    -9.57   11.18
 -44113.715    42.205    -6.12   11.31
 -43827.299    40.445    -6.15   10.81
 -43540.881    38.504    -6.78   10.73
 -43254.463    36.119    -8.33   10.80
 -42968.043    34.656    -5.11   11.04
 -42681.623    34.290    -1.28   10.96
 -42395.201    34.144    -0.51   10.58
 -42108.779    35.747     5.60   10.97
 -41822.356    38.614    10.01   12.05
 -41535.931    44.328    19.95   10.72
 -41249.506    48.996    16.30    8.65
 -40963.080    51.219     7.76    8.08
 -40676.652    53.557     8.16    7.19
 -40390.224    55.854     8.02    5.95
 -40103.795    57.398     5.39    4.67
 -39817.365    58.109     2.48    4.14
 -39530.934    58.629     1.82    3.83
 -39244.502    58.990     1.26    3.47
 -38958.069    59.278     1.01    3.25
 -38671.635    58.997    -0.98    3.34
 -38385.200    58.861    -0.47    3.31
 -38098.764    58.260    -2.10    3.17
 -37812.327    57.757    -1.76    3.16
 -37525.890    57.568    -0.66    3.37
 -37239.451    57.323    -0.86    3.48
 -36953.011    57.242    -0.28    3.29
 -36666.571    57.203    -0.14    3.43
 -36380.129    56.578    -2.18    3.74
 -36093.686    55.175    -4.90    4.77
 -35807.243    54.205    -3.39    5.48
 -35520.798    54.142    -0.22    5.37
 -35234.353    54.633     1.72    5.43
 -34947.906    55.357     2.53    5.92
 -34661.459    56.186     2.90    6.00
 -34375.010    57.378     4.16    5.08
 -34088.561    58.381     3.50    4.02
 -33802.111    58.189    -0.67    4.30
 -33515.660    57.649    -1.88    4.41
 -33229.207    56.833    -2.85    5.15
 -32942.754    55.598    -4.31    5.99
 -32656.300    54.350    -4.36    6.50
 -32369.845    52.949    -4.89    7.41
 -32083.389    51.677    -4.44    7.29
 -31796.932    50.300    -4.81    6.94
 -31510.474    48.609    -5.90    6.76
 -31224.015    45.725   -10.07    8.64
 -30937.555    41.272   -15.55   12.42
 -30651.094    36.189   -17.74   14.50
 -30364.632    30.682   -19.22   14.90
 -30078.169    25.450   -18.27   13.75
 -29791.705    20.943   -15.73   11.99
 -29505.241    18.298    -9.23   10.15
 -29218.775    17.616    -2.38    9.84
 -28932.308    17.297    -1.11   10.13
 -28645.841    17.718     1.47   10.68
 -28359.372    19.357     5.72   11.79
 -28072.903    19.669     1.09   12.34
 -27786.432    18.924    -2.60   11.76
 -27499.961    18.137    -2.75   11.69
 -27213.488    18.023    -0.40   12.27
 -26927.015    16.565    -5.09   12.11
 -26640.540    14.730    -6.40   11.33
 -26354.065    14.181    -1.92   11.06
 -26067.589    14.332     0.53   10.31
 -25781.111    14.406     0.26    9.87
 -25494.633    15.007     2.10    9.65
 -25208.154    16.812     6.30   10.22
 -24921.674    19.495     9.37   10.13
 -24635.193    20.131     2.22    9.91
 -24348.711    18.423    -5.96   10.59
 -24062.228    16.463    -6.84   10.50
 -23775.744    15.573    -3.11   11.01
 -23489.259    17.032     5.09   12.94
 -23202.773    18.212     4.12   13.82
 -22916.286    19.749     5.37   13.78
 -22629.798    22.256     8.75   12.92
 -22343.309    24.798     8.87   11.43
 -22056.819    26.406     5.61   10.53
 -21770.329    25.881    -1.83   10.45
 -21483.837    24.839    -3.64   10.12
 -21197.344    22.717    -7.41    9.52
 -20910.851    19.496   -11.24    9.69
 -20624.356    16.709    -9.73    9.13
 -20337.860    15.342    -4.77    8.84
 -20051.364    15.557     0.75    9.02
 -19764.866    17.023     5.12    9.14
 -19478.368    18.628     5.60    8.67
 -19191.869    19.578     3.32    7.75
 -18905.368    19.409    -0.59    7.86
 -18618.867    17.917    -5.21    7.81
 -18332.365    16.409    -5.26    7.43
 -18045.861    15.965    -1.55    7.18
 -17759.357    14.756    -4.22    6.48
 -17472.852    13.066    -5.90    6.48
 -17186.346    12.040    -3.58    7.08
 -16899.839    12.771     2.55    7.70
 -16613.331    13.847     3.76    8.36
 -16326.822    14.595     2.61    8.52
 -16040.311    15.306     2.48    8.65
 -15753.801    16.405     3.84    9.11
 -15467.289    19.024     9.14    8.78
 -15180.776    20.833     6.31    7.91
 -14894.262    20.888     0.19    8.23
 -14607.747    20.785    -0.36    9.01
 -14321.231    19.298    -5.19    9.97
 -14034.714    16.583    -9.47   10.39
 -13748.197    14.974    -5.62   11.06
 -13461.678    13.732    -4.33   10.84
 -13175.158    12.931    -2.80   10.09
 -12888.638    10.487    -8.53    9.36
 -12602.116     7.172   -11.57    6.05
 -12315.594     6.477    -2.43    5.16
 -12029.114     7.853     4.80    6.67
 -11742.713     8.735     3.08    8.30
 -11456.312     9.727     3.46    9.71
 -11169.910    12.147     8.45   10.87
 -10883.509    15.346    11.17   10.98
 -10597.107    18.938    12.54   11.41
 -10310.704    22.491    12.41   12.82
 -10024.302    24.243     6.12   13.39
  -9737.899    25.796     5.42   13.31
  -9451.496    26.974     4.11   12.42
  -9165.092    25.240    -6.05   13.52
  -8878.688    22.938    -8.04   14.08
  -8592.284    19.523   -11.92   12.26
  -8305.879    15.729   -13.24    8.68
  -8019.474    12.523   -11.20    7.02
  -7733.069    10.805    -6.00    6.32
  -7446.664     9.360    -5.05    5.79
  -7160.258     8.021    -4.68    5.48
  -6873.852     7.416    -2.11    5.87
  -6587.445     6.041    -4.80    5.83
  -6301.039     5.506    -1.87    6.18
  -6014.632     5.949     1.55    7.04
  -5728.224     5.045    -3.15    6.53
  -5441.817     3.861    -4.14    5.74
  -5155.409     3.004    -2.99    5.44
  -4869.000     2.777    -0.79    5.35
  -4582.592     2.285    -1.72    4.81
  -4296.183     1.292    -3.47    3.22
  -4009.774     1.205    -0.30    2.95
  -3723.364     1.313     0.38    2.82
  -3436.954     1.201    -0.39    2.36
  -3150.544     1.251     0.18    2.51
  -2864.133     1.504     0.88    3.17
  -2577.723     1.498    -0.02    3.34
  -2291.312     1.219    -0.97    2.90
  -2004.900     0.545    -2.35    2.04
  -1718.488     0.073    -1.65    1.14
  -1432.076    -0.126    -0.69    0.00
  -1145.664    -0.126     0.00    0.00
   -859.251    -0.126     0.00    0.00
   -572.838    -0.126     0.00    0.00
   -286.425    -0.126     0.00    0.00
     -0.011    -0.126     0.00    0.00
    286.403    -0.126     0.00    0.00
    572.817    -0.119     0.02    0.08
    859.232    -0.030     0.31    0.58
   1145.647     0.135     0.57    0.91
   1432.062     0.167     0.11    0.92
   1718.477     0.166    -0.00    0.93
   2004.893     0.145    -0.07    0.93
   2291.309     0.201     0.19    1.06
   2577.726     0.923     2.52    2.93
   2864.143     2.492     5.48    4.87
   3150.560     4.502     7.02    6.08
   3436.977     6.460     6.84    6.25
   3723.395     8.102     5.73    5.81
   4009.813     9.378     4.45    5.19
   4296.231    10.247     3.04    4.55
   4582.650     9.959    -1.01    4.75
   4869.069     9.689    -0.94    4.81
   5155.488     9.697     0.03    4.68
   5441.908     9.598    -0.35    4.71
   5728.328     9.449    -0.52    4.57
   6014.748     9.191    -0.90    4.45
   6301.169     8.804    -1.35    4.38
   6587.589     8.336    -1.63    3.93
   6874.011     8.042    -1.03    3.26
   7160.432     7.784    -0.90    2.90
   7446.854     7.706    -0.27    2.96
   7733.276     7.635    -0.25    3.10
   8019.699     7.494    -0.49    3.20
   8306.121     7.229    -0.93    3.26
   8592.544     6.959    -0.94    3.34
   8878.968     6.548    -1.44    3.43
   9165.392     6.163    -1.34    3.31
   9451.816     6.036    -0.44    3.51
   9738.240     5.931    -0.37    3.68
  10024.665     5.431    -1.75    3.78
  10311.090     4.674    -2.64    3.77
  10597.515     3.974    -2.45    3.63
  10883.940     3.477    -1.73    3.33
  11170.366     3.732     0.89    3.42
  11456.793     4.494     2.66    3.57
  11743.219     5.276     2.73    3.41
  12029.646     5.945     2.34    2.93
  12316.073     6.532     2.05    2.25
  12602.501     7.063     1.86    1.51
  12888.928     7.378     1.10    1.19
  13175.356     7.511     0.46    1.20
  13461.785     7.691     0.63    1.26
  13748.214     7.937     0.86    1.27
  14034.643     8.175     0.83    1.25
  14321.072     8.378     0.71    1.20
  14607.502     8.483     0.37    1.14
  14893.932     8.578     0.33    1.15
  15180.362     8.735     0.55    0.99
  15466.793     8.764     0.10    0.94
  15753.224     8.685    -0.28    1.01
  16039.655     8.534    -0.53    1.09
  16326.086     8.282    -0.88    1.25
  16612.518     8.004    -0.97    1.51
  16898.950     7.751    -0.88    1.61
  17185.383     7.498    -0.88    1.72
  17471.816     7.126    -1.30    1.96
  17758.249     6.792    -1.17    2.28
  18044.682     6.516    -0.97    2.55
  18331.116     6.274    -0.84    2.75
  18617.550     5.971    -1.06    2.94
  18903.985     5.692    -0.97    3.05
  19190.419     5.395    -1.04    3.10
  19476.854     5.182    -0.74    3.05
  19763.290     4.840    -1.20    3.00
  20049.725     4.514    -1.14    2.97
  20336.161     4.187    -1.14    2.91
  20622.598     3.874    -1.09    2.77
  20909.034     3.466    -1.42    2.48
  21195.471     3.162    -1.06    2.00
  21481.908     3.051    -0.39    1.72
  21768.346     3.031    -0.07    1.60
  22054.784     2.949    -0.28    1.54
  22341.222     2.820    -0.45    1.52
  22627.660     2.759    -0.21    1.58
  22914.099     2.711    -0.17    1.58
  23200.538     2.582    -0.45    1.56
  23486.978     2.432    -0.52    1.66
  23773.418     2.189    -0.85    1.71
  24059.858     1.991    -0.69    1.61
  24346.298     1.840    -0.53    1.48
  24632.739     1.696    -0.50    1.47
  24919.180     1.571    -0.44    1.52
  25205.621     1.444    -0.44    1.68
  25492.063     1.228    -0.75    1.88
  25778.505     0.874    -1.24    2.10
  26064.947     0.520    -1.24    2.15
  26351.389     0.308    -0.74    2.08
  26637.832     0.110    -0.69    1.97
  26924.275    -0.021    -0.46    1.84
  27210.719    -0.105    -0.29    1.73
  27497.163    -0.054     0.18    1.57
  27783.607     0.094     0.52    1.41
  28070.051     0.239     0.50    1.33
  28356.496     0.281     0.15    1.25
  28642.941     0.367     0.30    1.20
  28929.387     0.471     0.36    1.24
  29215.832     0.589     0.41    1.33
  29502.278     0.420    -0.59    1.47
  29788.725     0.205    -0.75    1.63
  30075.171    -0.091    -1.03    1.70
  30361.618    -0.485    -1.38    1.75
  30648.066    -0.774    -1.01    1.54
  30934.513    -0.583     0.66    1.73
  31220.961    -0.063     1.82    2.10
  31507.409     0.791     2.98    2.29
  31793.858     1.576     2.74    2.19
  32080.307     1.945     1.29    2.03
  32366.756     1.810    -0.47    2.23
  32653.206     1.300    -1.78    2.61
  32939.655     0.470    -2.90    2.76
  33226.105     0.115    -1.24    2.72
  33512.556    -0.012    -0.45    2.68
  33799.007     0.122     0.47    2.72
  34085.458     0.702     2.02    2.76
  34371.909     1.324     2.17    2.66
  34658.361     1.796     1.65    2.50
  34944.813     2.081     1.00    2.34
  35231.265     1.703    -1.32    2.54
  35517.718     1.524    -0.62    2.61
  35804.171     1.335    -0.66    2.77
  36090.624     1.205    -0.45    2.89
  36377.078     1.030    -0.61    3.19
  36663.531     1.057     0.09    3.53
  36949.986     1.434     1.31    4.34
  37236.440     2.252     2.86    5.28
