# NaN NaN NaN ;Mean Elev.(m), Avg Gradient(m/km), RMS Gradient(m/km) - SRTM1     
#   21.000  -0.491   2.719 ;Mean Elev.(m), Avg Gradient(m/km), RMS Gradient(m/km) - ASTER GDEM
#   31.779   0.192   2.190 ;Mean Elev.(m), Avg Gradient(m/km), RMS Gradient(m/km) - GMTED2010 
   1  73.941496  61.183883    33.131    32.971  4 54661.27714929 34.460
   2  73.938303  61.183763    33.303    33.629  4 54671.19279442 32.959
   3  73.934303  61.183957   -20.363   -20.356  5 54681.10843788  9.340
   4  73.931390  61.183435    32.332    32.790  4 54691.02408015 32.515
   5  73.935099  61.183413   -30.915   -30.932  4 54700.93972075 16.332
   6  73.942096  61.183900    29.031    29.033  4 54710.85536783 50.153
   7  73.943111  61.183417     9.762    11.355  4 54720.77101900 14.516
   8  73.945221  61.184137    31.822    32.869  4 54730.68666788 31.663
   9  73.941343  61.184010    32.744    33.396  4 54740.60231457 30.483
  10  73.936795  61.183430    32.969    33.413  4 54750.51796118 31.390
  11  73.935896  61.183427    31.300    31.557  5 54760.43360804 34.521
  12  73.940169  61.183934    33.396    33.058  4 54770.34925307 29.386
  13  73.941338  61.182985    29.499    29.492  4 54780.26489433 46.036
  14  73.946844  61.183616    29.555    29.472  4 54790.18053355 44.195
  15  73.947427  61.183841    30.433    30.430  4 54800.09617109 22.838
  16  73.946137  61.183882    31.896    31.696  4 54810.01180846 23.755
  17  73.945411  61.184047    30.139    30.061  4 54819.92744715 18.638
  18  73.939622  61.183118    30.425    29.867  4 54829.84309867 18.494
  19  73.937689  61.183768    31.729    31.764  4 54839.75873729 18.084
  20  73.932253  61.184041    31.587    31.763  5 54849.67438586 17.636
  21  73.926197  61.184122    32.242    32.144  5 54859.59003395 16.148
  22  73.924819  61.184746    32.346    32.284  4 54869.50568270 15.876
  23  73.927378  61.184410    31.860    31.894  5 54879.42133065 14.578
  24  73.933380  61.183597    32.103    32.024  5 54889.33697569 14.344
  25  73.939358  61.183456    32.017    32.027  4 54899.25261760 15.097
  26  73.938915  61.183507    31.904    31.992  5 54909.16825653 14.489
  27  73.935164  61.183505    34.080    34.028  4 54919.08389381 11.118
  28  73.935352  61.183681    28.530    28.558  4 54928.99953118 30.156
  29  73.940867  61.183403    31.539    32.141  4 54938.91516813 23.092
  30  73.950815  61.183703    32.975    33.534  4 54948.83080388 36.552
  31  73.956020  61.183555    34.001    34.013  4 54958.74644125 52.510
  32  73.950210  61.183001    33.337    33.278  4 54968.66208914 35.505
  33  73.944845  61.183412    33.428    33.435  4 54978.57773617 33.518
  34  73.940863  61.183796    22.403    22.402  4 54988.49338331 15.883
  35  73.939289  61.183733    33.643    33.386  4 54998.40903076 30.807
  36  73.937668  61.183391    33.491    33.262  4 55008.32467638 28.972
  37  73.936709  61.183545    33.666    33.880  5 55018.24032017 31.397
  38  73.932646  61.183669    32.543    32.552  5 55028.15596223 41.671
  39  73.929235  61.184093    32.146    32.150  4 55038.07160382 49.183
  40  73.928308  61.183646    31.936    31.659  4 55047.98724437 34.418
  41  73.935931  61.183452    31.131    30.296  5 55057.90288372 36.609
  42  73.948685  61.183994    30.175    30.189  4 55067.81852278 48.914
  43  73.951547  61.183840    29.757    29.778  4 55077.73417313 47.097
  44  73.946334  61.183591    29.156    29.128  5 55087.64982039 45.153
  45  73.938170  61.183538    31.923    31.841  4 55097.56546590 29.978
  46  73.933250  61.183433    32.863    32.502  5 55107.48111130 31.359
  47  73.936743  61.183583    33.437    33.495  4 55117.39675681 25.909
  48  73.944659  61.183658    32.798    32.843  4 55127.31240041 27.445
  49  73.948775  61.183258    28.839    28.831  4 55137.22804128 48.342
  50  73.950005  61.183976    29.200    29.182  4 55147.14368011 40.496
  51  73.941952  61.183190    29.464    29.473  4 55157.05931714 36.229
  52  73.937538  61.182984    29.616    29.599  4 55166.97495450 33.932
  54  73.941513  61.183001    30.318    29.305  4 55186.80623519 21.117
  55  73.941827  61.183965    32.290    32.492  4 55196.72188626 16.638
  56  73.931699  61.182979    31.323    31.332  5 55206.63753501 16.224
  57  73.927898  61.184205    31.648    31.294  4 55216.55318407 15.757
  58  73.925116  61.184066    31.661    31.590  5 55226.46883249 14.566
  59  73.930362  61.183845    31.608    31.579  4 55236.38447914 14.933
  60  73.938568  61.183057    32.337    32.337  4 55246.30012257 13.317
  61  73.944739  61.182951    32.200    32.340  4 55256.21576320 13.729
  62  73.946043  61.184202    31.629    31.684  4 55266.13140225 12.572
  63  73.937779  61.183762    32.620    32.556  4 55276.04703943 13.715
  64  73.935966  61.183675    33.505    33.453  5 55285.96267627 13.431
  65  73.941296  61.182980    33.787    33.783  4 55295.87831164 11.393
  66  73.951987  61.183314    28.274    28.253  4 55305.79395224 30.179
  67  73.956184  61.183869    31.288    31.221  4 55315.70959960 37.245
  68  73.950741  61.183715    31.550    31.540  4 55325.62524458 49.865
  69  73.940626  61.183202    33.790    33.772  4 55335.54088798 30.558
  70  73.935402  61.183523    33.775    33.620  5 55345.45653155 31.779
  71  73.935926  61.183839    33.857    33.855  4 55355.37217463 33.072
  72  73.937577  61.183692    34.121    34.081  4 55365.28781570 49.404
  73  73.940041  61.183932    34.206    34.228  4 55375.20345530 34.927
  74  73.937618  61.183459    34.291    34.266  5 55385.11909323 34.884
  75  73.935801  61.183314    34.209    34.218  5 55395.03473035 33.292
  76  73.937229  61.183397    34.131    34.076  5 55404.95036971 34.445
  77  73.938901  61.183144    33.520    33.293  4 55414.86602124 33.411
  78  73.948168  61.184185    33.438    33.392  4 55424.78167052 27.382
  79  73.950617  61.183553    30.832    30.805  4 55434.69731641 46.952
  80  73.946686  61.183231    32.401    32.671  4 55444.61296039 28.035
  81  73.942498  61.184111    32.075    32.022  4 55454.52860347 29.832
  82  73.936958  61.183859    31.748    32.355  5 55464.44424553 33.861
  83  73.940699  61.183826    32.006    31.992  4 55474.35988586 33.804
  84  73.948939  61.183513    33.759    34.018  5 55484.27552358 24.719
  85  73.956043  61.183418    33.102    32.796  5 55494.19115909 25.938
  86  73.955861  61.183546    33.047    32.951  4 55504.10679276 26.518
  87  73.947375  61.184089    31.536    31.702  4 55514.02244079 32.547
  88  73.936555  61.183382    28.902    28.819  5 55523.93808922 33.750
  89  73.932712  61.183200    31.419    31.738  5 55533.85373661 23.777
  90  73.935844  61.183879    32.048    32.052  5 55543.76938293 19.363
  91  73.934810  61.183412    31.525    31.711  4 55553.68502685 19.627
  92  73.934239  61.184049    31.758    31.585  5 55563.60066990 18.114
  93  73.930437  61.183279    31.512    31.501  5 55573.51631191 17.844
  94  73.935127  61.183871    31.229    31.230  5 55583.43195351 17.923
  95  73.941625  61.183527    31.110    31.076  4 55593.34759174 17.526
  96  73.949653  61.183260    31.078    31.049  4 55603.26322675 17.147
  97  73.954503  61.183083    31.437    30.972  4 55613.17885931 16.138
  98  73.954881  61.183399    32.129    32.131  4 55623.09449558 16.092
  99  73.948070  61.183771    31.206    31.224  4 55633.01014768 14.288
 100  73.943955  61.183665    30.798    30.765  4 55642.92579771 14.459
 101  73.943682  61.183267    33.506    33.603  4 55652.84144519 11.201
 102  73.950134  61.183910    28.394    28.389  4 55662.75708919 45.838
 103  73.950748  61.183656    30.675    29.675  4 55672.67272958 42.567
 104  73.950134  61.184252    33.838    33.875  4 55682.58836857 33.088
 105  73.942431  61.183067    33.490    33.444  4 55692.50400524 31.331
 106  73.941556  61.183452    33.615    33.638  4 55702.41964114 32.322
 107  73.940923  61.183646    33.917    33.938  4 55712.33528421 43.202
 108  73.938722  61.183647    33.511    33.507  5 55722.25093356 50.796
 109  73.935731  61.183448    32.845    32.851  4 55732.16658074 40.796
 110  73.934525  61.183601    33.492    33.316  4 55742.08222680 26.226
 111  73.933681  61.183316    30.951    30.898  5 55751.99787152 36.257
 112  73.937357  61.183212    30.501    30.500  4 55761.91351435 33.837
 113  73.944313  61.183610    30.044    30.031  3 55771.82915473 37.270
 114  73.950098  61.183529    30.562    30.154  5 55781.74479146 37.753
 115  73.952163  61.183286    31.344    31.088  4 55791.66042531 26.968
 116  73.953198  61.183366    32.224    32.292  5 55801.57605824 29.889
 117  73.948341  61.183533    31.477    31.564  5 55811.49170812 27.580
 118  73.948110  61.184066    32.524    32.951  4 55821.40735693 26.050
 119  73.948655  61.183451    33.659    33.945  4 55831.32300089 23.848
 120  73.952618  61.183425    31.649    31.656  4 55841.23864064 27.855
 121  73.952645  61.183058    30.368    29.951  4 55851.15427686 26.740
 122  73.950670  61.183341    28.641    28.518  4 55861.06991083 42.437
 123  73.944421  61.184151    28.239    28.249  4 55870.98556303 44.512
 124  73.938219  61.183499    28.695    28.667  5 55880.90121267 32.922
 125  73.938801  61.183681    28.521    28.498  4 55890.81685639 33.056
 126  73.939777  61.183436    28.581    28.534  4 55900.73249428 28.691
 127  73.941207  61.183436    28.777    28.803  4 55910.64812762 29.228
 128  73.935167  61.183430    28.932    28.838  4 55920.56378071 28.617
 129  73.935185  61.183703    28.754    28.678  4 55930.47943310 24.972
 130  73.938324  61.183100    28.240    28.198  4 55940.39508182 26.883
 131  73.944671  61.183071    28.037    28.045  4 55950.31072625 24.292
 132  73.946970  61.183109    28.556    28.313  4 55960.22636619 20.613
 133  73.944957  61.183172    28.520    28.498  4 55970.14200331 21.394
 134  73.942503  61.183128    29.369    29.802  4 55980.05763924 20.740
 135  73.944629  61.182892    30.322    29.939  4 55989.97327463 16.786
 136  73.951683  61.184104    30.254    29.620  4 55999.88891895 17.947
 137  73.952289  61.183872    33.132    33.219  4 56009.80456955 13.784
 138  73.950208  61.183664    27.636    27.642  4 56019.72021587 20.368
 139  73.944374  61.183465    33.424    33.618  4 56029.63585897 28.944
 140  73.938655  61.183615    30.167    30.037  5 56039.55150033 45.542
 141  73.936974  61.183764    31.125    31.144  4 56049.46714004 37.700
 142  73.937345  61.183380    33.000    33.318  4 56059.38277721 33.319
 143  73.941559  61.182976    32.922    32.876  4 56069.29841240 35.089
 144  73.938771  61.183042    32.170    31.513  4 56079.21406328 32.671
 145  73.936636  61.183882    30.919    30.914  4 56089.12971152 41.091
 146  73.931930  61.183520    29.991    30.037  4 56099.04535684 36.369
 147  73.935080  61.183778    29.142    29.127  4 56108.96100056 42.225
 148  73.941132  61.183006    33.010    33.128  4 56118.87662995 24.804
 149  73.952095  61.183402    28.192    28.105  5 56128.79226785 43.825
 150  73.958478  61.183935    30.315    30.581  4 56138.70790200 24.107
 151  73.948018  61.182963    28.205    28.130  4 56148.62354901 42.899
 152  73.943276  61.184116    32.143    32.908  4 56158.53919793 24.890
 153  73.939464  61.183654    27.578    27.549  5 56168.45484561 29.637
 154  73.945907  61.184224    30.611    30.600  4 56178.37049139 26.898
 155  73.949900  61.183527    30.081    29.494  4 56188.28613231 27.041
 156  73.951745  61.183519    30.479    29.572  4 56198.20176966 27.505
 157  73.949171  61.183976    28.198    28.011  4 56208.11740373 41.978
 158  73.942838  61.183585    31.827    32.583  4 56218.03303563 26.236
 159  73.937842  61.183430    31.293    31.621  5 56227.94867981 24.302
 160  73.938735  61.183921    28.242    28.180  4 56237.86433414 40.327
 161  73.939063  61.183574    28.219    28.232  5 56247.77998450 26.798
 162  73.940623  61.183958    29.313    29.345  4 56257.69563011 23.558
 163  73.937262  61.183946    30.343    30.147  4 56267.61127200 20.608
 164  73.933682  61.183531    30.151    30.118  4 56277.52691218 20.002
 165  73.933522  61.183481    30.547    30.612  4 56287.44256052 19.479
 166  73.939214  61.183220    31.057    31.047  4 56297.35821045 18.167
 167  73.948756  61.183974    30.377    30.353  4 56307.27385688 17.950
 168  73.948664  61.183373    29.997    30.139  4 56317.18949936 17.121
 169  73.945075  61.184180    30.516    30.491  4 56327.10514010 16.721
 170  73.937995  61.183649    30.330    30.180  4 56337.02077931 16.141
 171  73.939106  61.183636    30.981    31.064  5 56346.93641769 16.148
 172  73.948070  61.183862    30.890    30.941  4 56356.85205429 15.484
 173  73.951206  61.183646    31.507    31.569  4 56366.76770250 13.467
 176  73.931570  61.183808    34.213    34.196  4 56396.51463851  9.938
 177  73.927801  61.183422    28.363    28.367  5 56406.43027955 33.823
 178  73.932356  61.183466    30.944    30.896  5 56416.34591787 43.669
 179  73.941586  61.183458    33.773    33.702  4 56426.26155181 30.871
 180  73.943998  61.184310    33.796    33.798  4 56436.17720227 34.030
 181  73.936554  61.183643    34.017    34.012  4 56446.09285320 34.575
 182  73.930147  61.183398    34.294    34.278  5 56456.00850190 36.649
 183  73.931884  61.183899    34.381    34.391  5 56465.92414831 36.980
 184  73.937897  61.183526    34.577    34.560  4 56475.83979117 35.570
 185  73.949834  61.184205    34.583    34.581  4 56485.75543119 55.930
 186  73.952862  61.183748    34.315    34.315  4 56495.67106749 52.834
 187  73.948194  61.182959    32.901    32.887  4 56505.58670149 46.469
 188  73.945376  61.183099    33.261    33.276  4 56515.50233433 30.086
 189  73.941369  61.183432    33.723    33.706  4 56525.41798830 24.336
 190  73.942125  61.183082    33.661    33.707  4 56535.33363927 24.406
 192  73.944488  61.183220    33.370    33.185  4 56555.16493093 23.223
 193  73.938381  61.183351    29.008    28.994  4 56565.08057312 37.394
 194  73.931288  61.183348    32.938    33.088  5 56574.99621384 26.319
 195  73.930976  61.183666    32.885    32.848  5 56584.91185226 26.292
 196  73.937303  61.183782    29.773    29.038  4 56594.82748878 25.863
 197  73.937945  61.183510    29.311    29.296  5 56604.74314169 41.640
 198  73.939285  61.183689    30.631    30.525  4 56614.65878997 46.669
 199  73.938192  61.183800    29.896    29.830  5 56624.57443426 42.978
 200  73.936175  61.183471    30.467    30.520  5 56634.49007566 28.161
 201  73.937974  61.183029    30.675    30.268  4 56644.40571287 26.287
 202  73.942254  61.183821    30.711    30.330  4 56654.32136641 21.587
 203  73.944443  61.183269    30.971    31.041  4 56664.23701531 23.159
 204  73.947772  61.184000    29.800    29.264  4 56674.15266168 27.276
 205  73.941385  61.183302    31.878    31.848  4 56684.06830572 19.633
 206  73.938701  61.183792    31.745    31.923  4 56693.98394811 18.131
 207  73.939542  61.183903    31.862    31.900  4 56703.89958642 18.303
 208  73.943782  61.183171    31.418    31.380  4 56713.81521963 18.174
 209  73.947115  61.184274    22.166    22.155  4 56723.73086950 16.265
 210  73.942414  61.184116    33.887    33.865  4 56733.64651956 11.714
 211  73.932814  61.183454    33.260    33.494  5 56743.56216575 16.059
 212  73.929326  61.183953    33.810    33.796  4 56753.47780836  7.874
 213  73.928955  61.183354    29.092    29.112  5 56763.39344573 28.505
 214  73.937138  61.183852    31.245    31.258  4 56773.30908002 35.560
 215  73.934466  61.183468    34.030    33.953  4 56783.22473724 36.516
 216  73.931787  61.183350    34.135    34.084  5 56793.14039078 33.584
 217  73.930126  61.183847    34.312    34.251  4 56803.05604160 35.131
 218  73.931929  61.184135    34.405    34.434  5 56812.97168476 35.211
 219  73.934740  61.183649    34.573    34.579  5 56822.88732438 36.459
 220  73.940633  61.183297    22.445    22.442  4 56832.80296015 22.429
 221  73.949285  61.183820    34.255    34.210  4 56842.71859290 40.545
 222  73.951063  61.184187    33.903    33.904  4 56852.63423338 34.131
 223  73.944522  61.184032    33.820    33.728  4 56862.54988700 28.815
 224  73.938315  61.183765    32.724    32.882  5 56872.46554010 37.605
 225  73.935910  61.183628    33.804    34.048  5 56882.38119047 29.231
 226  73.935130  61.183374    33.442    33.250  5 56892.29683737 30.495
 227  73.936088  61.183839    33.791    34.000  5 56902.21248139 27.920
 228  73.931037  61.183559    29.945    30.277  5 56912.12812277 34.732
 229  73.928995  61.183874    29.772    29.366  4 56922.04376283 39.472
 230  73.929046  61.183891    32.721    32.843  5 56931.95940077 31.319
 231  73.933387  61.183526    33.402    33.277  4 56941.87503384 27.511
 232  73.937769  61.183628    29.063    29.030  4 56951.79067656 45.331
 233  73.936361  61.183380    28.919    28.921  5 56961.70632749 37.692
 234  73.934256  61.183280    30.427    30.441  4 56971.62197352 30.605
 235  73.934518  61.183347    30.611    30.665  5 56981.53761575 24.140
 236  73.939831  61.183770    31.181    31.304  4 56991.45325407 17.984
 237  73.946731  61.183112    30.952    31.096  4 57001.36888653 17.780
 238  73.947799  61.183785    31.078    31.054  4 57011.28454440 16.631
 239  73.943719  61.182948    31.864    31.813  4 57021.20019571 16.920
 240  73.939184  61.182950    32.337    32.430  4 57031.11584410 16.173
 241  73.937759  61.183683    32.116    32.216  5 57041.03149091 15.443
 242  73.936266  61.183551    32.464    32.582  4 57050.94713548 14.708
 243  73.941262  61.184010    31.840    31.903  4 57060.86277657 13.753
 244  73.945582  61.184069    33.397    33.444  4 57070.77841201 15.334
 245  73.944753  61.183321    32.849    32.888  4 57080.69404263 14.575
 246  73.938748  61.183124    32.715    32.810  4 57090.60968329 14.961
 247  73.930724  61.183789    33.868    33.996  5 57100.52534043 15.555
 248  73.928691  61.184278    34.091    34.094  4 57110.44099498 13.281
 249  73.929774  61.183324    33.730    33.747  5 57120.35664403  9.141
 250  73.935820  61.183574    31.497    31.914  5 57130.27228783 23.974
 251  73.938421  61.183754    30.679    30.660  4 57140.18792594 34.645
 252  73.938029  61.183794    33.400    33.399  4 57150.10356020 51.325
 253  73.938243  61.183062    34.290    34.339  4 57160.01919138 54.528
 254  73.941354  61.183691    34.504    34.504  4 57169.93484413 49.815
 255  73.945568  61.183992    35.004    35.006  4 57179.85049992 56.647
 256  73.948366  61.184175    35.667    35.670  4 57189.76615156 53.077
 257  73.941927  61.183007    35.850    35.866  4 57199.68179866 40.609
 258  73.938280  61.183669    35.620    35.575  5 57209.59743262 33.937
 259  73.935102  61.183772    35.223    35.227  4 57219.51307657 36.060
 260  73.936906  61.183806    34.341    34.292  4 57229.42871993 38.037
 261  73.940241  61.183599    33.607    33.817  4 57239.34436116 37.341
 262  73.945801  61.184273    33.969    34.029  4 57249.25999968 27.432
 263  73.940908  61.183007    33.345    33.710  4 57259.17563458 27.787
 264  73.940390  61.184127    34.062    34.065  4 57269.09126884 28.817
 265  73.930012  61.183056    33.298    33.723  5 57279.00691850 29.544
 266  73.929836  61.183626    33.542    33.491  4 57288.92257433 28.109
 267  73.931894  61.183250    30.220    30.243  5 57298.83822738 47.006
 268  73.938908  61.183901    33.937    33.941  4 57308.75387742 26.267
 269  73.938043  61.183730    33.220    33.043  4 57318.66952312 27.909
 270  73.934057  61.183789    30.649    30.590  5 57328.58516555 45.799
 271  73.932096  61.184170    30.354    30.392  5 57338.50080605 44.094
 272  73.932185  61.183783    30.242    30.290  5 57348.41645484 41.263
 273  73.937436  61.183129    29.919    29.892  4 57358.33210155 34.006
 274  73.945622  61.183415    30.005    30.029  4 57368.24774535 27.308
 275  73.948544  61.184196    29.801    29.796  4 57378.16338577 27.617
 276  73.942100  61.183696    29.617    29.618  4 57388.07902345 24.337
 277  73.938514  61.183559    29.600    29.619  5 57397.99466056 20.618
 278  73.941546  61.183592    31.572    31.702  4 57407.91029675 18.547
 279  73.944448  61.184000    31.411    31.336  4 57417.82594982 17.678
 280  73.945313  61.184338    32.095    32.097  4 57427.74160056 16.500
 281  73.937017  61.183584    32.779    32.868  5 57437.65724772 16.568
 282  73.928984  61.183824    33.441    33.644  4 57447.57289367 15.748
 283  73.925258  61.184341    33.698    33.796  5 57457.48853900 14.595
 284  73.927969  61.184183    34.284    34.328  5 57467.40418224 11.244
 285  73.936575  61.183588    34.203    34.221  5 57477.31982199 13.311
 286  73.946208  61.183691    28.569    28.508  4 57487.23545866 24.244
 287  73.950419  61.183951    31.379    31.211  4 57497.15109258 36.365
 288  73.945907  61.183691    32.953    32.933  4 57507.06672988 37.542
 289  73.938052  61.183675    33.876    33.895  5 57516.98238529 34.556
 290  73.936526  61.183351    34.109    34.093  4 57526.89803840 36.050
 291  73.941575  61.183032    34.198    34.149  4 57536.81368953 34.021
 292  73.946921  61.183331    34.395    34.382  4 57546.72933811 48.896
 293  73.945594  61.183430    34.201    34.171  4 57556.64498450 32.425
 294  73.940111  61.183937    33.917    33.865  4 57566.56062938 36.306
 295  73.933275  61.183498    33.538    33.269  5 57576.47627331 32.523
 296  73.931474  61.183071    33.086    33.301  5 57586.39191668 34.270
 297  73.935708  61.183296    32.837    33.058  5 57596.30755840 35.686
