# NaN NaN NaN ;Mean Elev.(m), Avg Gradient(m/km), RMS Gradient(m/km) - SRTM1     
#   -4.227     NaN     NaN ;Mean Elev.(m), Avg Gradient(m/km), RMS Gradient(m/km) - ASTER GDEM
#    2.107  -0.008   0.841 ;Mean Elev.(m), Avg Gradient(m/km), RMS Gradient(m/km) - GMTED2010 
   2    12.440 54669.40303601 42.34  65.561562  63.938627  5.260 -100.00 -100.00 -100.00
   2    12.397 54669.40303660 35.35  65.567026  63.937567   -100 -100.00 -100.00 -100.00
   2    12.637 54669.40303719 36.07  65.572490  63.936507   -100 -100.00 -100.00 -100.00
   2    12.760 54669.40303778 41.98  65.577953  63.935447   -100 -100.00 -100.00 -100.00
   3   -91.702 54679.31868031  6.57  65.563619  63.938819  2.013 -100.00 -100.00 -100.00
   3   -88.726 54679.31868090  6.91  65.569082  63.937759  2.233 -100.00 -100.00 -100.00
   3   -85.737 54679.31868149  6.93  65.574546  63.936699  2.032 -100.00 -100.00 -100.00
   3   -83.041 54679.31868208  7.01  65.580009  63.935638  2.137 -100.00 -100.00 -100.00
   4    11.886 54689.23432336 32.76  65.565435  63.940126 16.546 -100.00 -100.00 -100.00
   4    11.449 54689.23432395 30.91  65.570899  63.939066 15.658 -100.00 -100.00 -100.00
   4    11.306 54689.23432454 29.89  65.576363  63.938006 12.890 -100.00 -100.00 -100.00
   5   -89.129 54699.14996418  7.88  65.565735  63.941442  2.019 -100.00 -100.00 -100.00
   5   -86.109 54699.14996477  8.70  65.571200  63.940382  2.321 -100.00 -100.00 -100.00
   5   -83.465 54699.14996536  8.09  65.576664  63.939322  2.622 -100.00 -100.00 -100.00
   6    11.308 54709.06560826 40.85  65.565975  63.940642 20.253 -100.00 -100.00 -100.00
   6     8.561 54709.06560885 51.88  65.571440  63.939582   -100 -100.00 -100.00 -100.00
   6     8.448 54709.06560944 43.90  65.576903  63.938522 24.103 -100.00 -100.00 -100.00
   7   -55.850 54718.98125956  9.04  65.561544  63.938909  2.071 -100.00 -100.00 -100.00
   7   -53.398 54718.98126015  9.56  65.567008  63.937849  2.236 -100.00 -100.00 -100.00
   7   -50.635 54718.98126074  9.60  65.572471  63.936789  2.348 -100.00 -100.00 -100.00
   7   -47.651 54718.98126133 10.10  65.577935  63.935729  2.205 -100.00 -100.00 -100.00
   8    11.525 54728.89690910 32.82  65.565025  63.935434   -100 -100.00 -100.00 -100.00
   8    11.531 54728.89690969 28.98  65.570488  63.934374 24.518 -100.00 -100.00 -100.00
   8    11.583 54728.89691028 23.64  65.575950  63.933313 10.187 -100.00 -100.00 -100.00
   8    12.098 54728.89691087 23.35  65.581412  63.932253  8.899 -100.00 -100.00 -100.00
   9    11.578 54738.81255647 33.59  65.564700  63.934306   -100 -100.00 -100.00 -100.00
   9    11.576 54738.81255706 29.76  65.570163  63.933246 27.548 -100.00 -100.00 -100.00
   9    11.570 54738.81255765 24.59  65.575625  63.932185 10.247 -100.00 -100.00 -100.00
   9    11.071 54738.81255824 24.89  65.581087  63.931125 13.218 -100.00 -100.00 -100.00
  10    11.492 54748.72820352 37.05  65.563898  63.934940   -100 -100.00 -100.00 -100.00
  10    11.523 54748.72820411 29.15  65.569361  63.933880 24.642 -100.00 -100.00 -100.00
  10    11.664 54748.72820470 24.16  65.574823  63.932819 10.046 -100.00 -100.00 -100.00
  10    11.602 54748.72820529 24.83  65.580285  63.931759  9.645 -100.00 -100.00 -100.00
  11    11.523 54758.64385043 27.34  65.564886  63.935711 19.360 -100.00 -100.00 -100.00
  11    11.240 54758.64385102 23.78  65.570350  63.934650 12.078 -100.00 -100.00 -100.00
  11    11.275 54758.64385161 21.45  65.575812  63.933590  8.689 -100.00 -100.00 -100.00
  12    11.770 54768.55949500 32.00  65.564528  63.936115 23.881 -100.00 -100.00 -100.00
  12    11.676 54768.55949559 29.28  65.569992  63.935055 17.310 -100.00 -100.00 -100.00
  12    11.505 54768.55949618 27.64  65.575455  63.933994 13.855 -100.00 -100.00 -100.00
  13     8.296 54778.47513652 38.03  65.566088  63.934994   -100 -100.00 -100.00 -100.00
  13     8.384 54778.47513711 49.01  65.571551  63.933933 30.399 -100.00 -100.00 -100.00
  13     8.201 54778.47513770 40.80  65.577014  63.932873  7.830 -100.00 -100.00 -100.00
  14     9.132 54788.39077539 33.82  65.565225  63.934022   -100 -100.00 -100.00 -100.00
  14     9.140 54788.39077598 29.24  65.570688  63.932962 19.802 -100.00 -100.00 -100.00
  14     8.895 54788.39077657 30.11  65.576152  63.931901 26.154 -100.00 -100.00 -100.00
  14     8.994 54788.39077716 31.53  65.581614  63.930840 30.025 -100.00 -100.00 -100.00
  15     9.138 54798.30641309 26.44  65.563267  63.934346 12.152 -100.00 -100.00 -100.00
  15     9.056 54798.30641368 28.80  65.568730  63.933286 18.689 -100.00 -100.00 -100.00
  15     9.022 54798.30641427 30.10  65.574193  63.932226 24.068 -100.00 -100.00 -100.00
  15     9.047 54798.30641486 30.25  65.579656  63.931165 24.982 -100.00 -100.00 -100.00
  16     8.715 54808.22205112 24.29  65.565424  63.935693 14.474 -100.00 -100.00 -100.00
  16     8.669 54808.22205171 21.73  65.570888  63.934633  9.909 -100.00 -100.00 -100.00
  16     8.655 54808.22205230 23.20  65.576351  63.933572 12.833 -100.00 -100.00 -100.00
  17     9.131 54818.13768831 15.55  65.565162  63.938119  5.603 -100.00 -100.00 -100.00
  17     9.181 54818.13768890 15.10  65.570626  63.937059  4.941 -100.00 -100.00 -100.00
  17     9.335 54818.13768950 15.30  65.576090  63.935999  4.814 -100.00 -100.00 -100.00
  17    10.172 54818.13769009 15.06  65.581553  63.934939  4.881 -100.00 -100.00 -100.00
  18    12.067 54828.05333886 14.72  65.562260  63.939443  5.217 -100.00 -100.00 -100.00
  18     9.749 54828.05333945 14.32  65.567725  63.938383  4.517 -100.00 -100.00 -100.00
  18     9.660 54828.05334004 14.07  65.573189  63.937323  4.053 -100.00 -100.00 -100.00
  18    10.788 54828.05334063 14.25  65.578652  63.936263  4.827 -100.00 -100.00 -100.00
  19    11.635 54837.96897821 12.79  65.564929  63.938317  3.124 -100.00 -100.00 -100.00
  19    11.060 54837.96897880 13.14  65.570393  63.937257  3.267 -100.00 -100.00 -100.00
  19    10.771 54837.96897939 13.49  65.575856  63.936197  4.092 -100.00 -100.00 -100.00
  19    10.913 54837.96897998 13.33  65.581319  63.935136  4.011 -100.00 -100.00 -100.00
  20    11.597 54847.88462768 12.64  65.565886  63.937539  3.762 -100.00 -100.00 -100.00
  20    11.169 54847.88462827 12.73  65.571349  63.936479  4.081 -100.00 -100.00 -100.00
  20    11.126 54847.88462886 12.61  65.576812  63.935419  3.897 -100.00 -100.00 -100.00
  21    11.887 54857.80027595 13.85  65.561750  63.938445  3.753 -100.00 -100.00 -100.00
  21    11.798 54857.80027654 13.57  65.567214  63.937385  3.814 -100.00 -100.00 -100.00
  21    11.197 54857.80027713 13.89  65.572677  63.936324  4.394 -100.00 -100.00 -100.00
  21    11.376 54857.80027772 13.64  65.578139  63.935264  3.521 -100.00 -100.00 -100.00
  22    11.706 54867.71592507 11.26  65.565513  63.938450  3.624 -100.00 -100.00 -100.00
  22    11.433 54867.71592566 11.42  65.570976  63.937389  3.525 -100.00 -100.00 -100.00
  22    11.162 54867.71592625 11.29  65.576439  63.936329  3.383 -100.00 -100.00 -100.00
  23    12.178 54877.63157314 10.98  65.565672  63.938379  3.062 -100.00 -100.00 -100.00
  23    11.478 54877.63157373 11.33  65.571135  63.937319  3.222 -100.00 -100.00 -100.00
  23    10.673 54877.63157432 11.59  65.576598  63.936258  3.076 -100.00 -100.00 -100.00
  24    11.888 54887.54721805 11.02  65.563862  63.937691  3.802 -100.00 -100.00 -100.00
  24    12.221 54887.54721864 10.93  65.569326  63.936631  2.986 -100.00 -100.00 -100.00
  24    11.531 54887.54721923 10.80  65.574789  63.935570  3.045 -100.00 -100.00 -100.00
  24    11.120 54887.54721982 11.22  65.580252  63.934510  3.850 -100.00 -100.00 -100.00
  25    12.495 54897.46286002 11.90  65.565023  63.935428  2.894 -100.00 -100.00 -100.00
  25    12.634 54897.46286061 11.87  65.570486  63.934368  2.806 -100.00 -100.00 -100.00
  25    12.504 54897.46286120 11.92  65.575949  63.933307  2.897 -100.00 -100.00 -100.00
  25    11.788 54897.46286179 11.95  65.581412  63.932246  2.867 -100.00 -100.00 -100.00
  26    12.742 54907.37849903 11.30  65.563031  63.934422  2.636 -100.00 -100.00 -100.00
  26    12.429 54907.37849962 11.63  65.568494  63.933362  3.370 -100.00 -100.00 -100.00
  26    12.607 54907.37850021 11.39  65.573957  63.932301  2.611 -100.00 -100.00 -100.00
  26    11.944 54907.37850080 11.47  65.579419  63.931240  3.201 -100.00 -100.00 -100.00
  27    12.536 54917.29413724 11.21  65.565729  63.934094  2.611 -100.00 -100.00 -100.00
  27    11.934 54917.29413783 11.35  65.571192  63.933033  2.924 -100.00 -100.00 -100.00
  27    12.129 54917.29413842 11.45  65.576655  63.931973  3.013 -100.00 -100.00 -100.00
  28    13.208 54927.20977470 10.77  65.563227  63.935715  3.167 -100.00 -100.00 -100.00
  28    13.074 54927.20977529 10.72  65.568690  63.934655  2.521 -100.00 -100.00 -100.00
  28    12.959 54927.20977588 10.70  65.574152  63.933595  2.452 -100.00 -100.00 -100.00
  28    13.046 54927.20977648 11.06  65.579615  63.932534  3.374 -100.00 -100.00 -100.00
  29    13.306 54937.12541195 10.71  65.564252  63.936424  2.649 -100.00 -100.00 -100.00
  29    13.078 54937.12541254 11.02  65.569715  63.935364  3.408 -100.00 -100.00 -100.00
  29    13.234 54937.12541313 10.77  65.575178  63.934304  2.864 -100.00 -100.00 -100.00
  29    12.973 54937.12541372 11.30  65.580640  63.933243  4.035 -100.00 -100.00 -100.00
  30     7.779 54947.04104754 15.64  65.566291  63.936321 14.859 -100.00 -100.00 -100.00
  30     7.583 54947.04104813 15.61  65.571754  63.935261 15.176 -100.00 -100.00 -100.00
  30     7.772 54947.04104872 15.06  65.577217  63.934201 14.109 -100.00 -100.00 -100.00
  31     9.440 54956.95668161 23.11  65.566829  63.935906 15.221 -100.00 -100.00 -100.00
  31     9.211 54956.95668220 24.48  65.572291  63.934846 21.532 -100.00 -100.00 -100.00
  31     9.322 54956.95668279 26.34  65.577754  63.933786 21.393 -100.00 -100.00 -100.00
  32    12.207 54966.87233025 36.23  65.566381  63.935037 31.859 -100.00 -100.00 -100.00
  32    12.503 54966.87233084 32.06  65.571844  63.933977 17.238 -100.00 -100.00 -100.00
  32    12.482 54966.87233143 39.06  65.577306  63.932917   -100 -100.00 -100.00 -100.00
  33    13.018 54976.78797785 30.04  65.566662  63.935055 21.634 -100.00 -100.00 -100.00
  33    12.992 54976.78797844 30.39  65.572125  63.933995 19.048 -100.00 -100.00 -100.00
  33    13.273 54976.78797903 29.15  65.577587  63.932935 14.073 -100.00 -100.00 -100.00
  34    -9.171 54986.70362483 16.42  65.561997  63.936842  2.110 -100.00 -100.00 -100.00
  34    -7.253 54986.70362542 17.06  65.567460  63.935782  2.335 -100.00 -100.00 -100.00
  34    -5.368 54986.70362601 17.37  65.572923  63.934722  2.230 -100.00 -100.00 -100.00
  34    -3.460 54986.70362660 17.57  65.578385  63.933662  2.476 -100.00 -100.00 -100.00
  35    12.852 54996.61927289 31.86  65.566310  63.936927 28.319 -100.00 -100.00 -100.00
  35    12.883 54996.61927348 27.86  65.571773  63.935867 13.176 -100.00 -100.00 -100.00
  35    13.005 54996.61927407 27.90  65.577236  63.934807 12.594 -100.00 -100.00 -100.00
  36    12.819 55006.53491858 37.83  65.563901  63.937900   -100 -100.00 -100.00 -100.00
  36    12.820 55006.53491917 26.36  65.569365  63.936840 10.492 -100.00 -100.00 -100.00
  36    12.800 55006.53491976 27.34  65.574828  63.935780 11.594 -100.00 -100.00 -100.00
  36    12.927 55006.53492035 27.51  65.580291  63.934719 13.399 -100.00 -100.00 -100.00
  37    12.593 55016.45056260 33.88  65.565696  63.937761   -100 -100.00 -100.00 -100.00
  37    12.602 55016.45056319 28.26  65.571160  63.936701 17.150 -100.00 -100.00 -100.00
  37    12.568 55016.45056378 27.49  65.576623  63.935640 14.624 -100.00 -100.00 -100.00
  38    12.346 55026.36620502 31.98  65.565609  63.938087   -100 -100.00 -100.00 -100.00
  38    12.357 55026.36620561 26.36  65.571073  63.937027 13.447 -100.00 -100.00 -100.00
  38    12.436 55026.36620620 26.42  65.576536  63.935966 13.720 -100.00 -100.00 -100.00
  39    12.216 55036.28184708 46.16  65.566417  63.938803   -100 -100.00 -100.00 -100.00
  39    12.155 55036.28184767 38.71  65.571880  63.937743   -100 -100.00 -100.00 -100.00
  39    11.848 55036.28184826 37.71  65.577344  63.936682   -100 -100.00 -100.00 -100.00
  40    11.767 55046.19748773 45.26  65.561971  63.940334   -100 -100.00 -100.00 -100.00
  40    11.486 55046.19748832 47.94  65.567435  63.939274   -100 -100.00 -100.00 -100.00
  40    11.050 55046.19748891 49.48  65.572899  63.938213   -100 -100.00 -100.00 -100.00
  40    11.071 55046.19748950 46.40  65.578362  63.937153 11.994 -100.00 -100.00 -100.00
  41    11.728 55056.11312759 34.30  65.566131  63.939273   -100 -100.00 -100.00 -100.00
  41    11.665 55056.11312818 29.02  65.571595  63.938213 27.347 -100.00 -100.00 -100.00
  41    11.663 55056.11312877 25.44  65.577059  63.937153 18.228 -100.00 -100.00 -100.00
  42    11.922 55066.02876444 32.24  65.563094  63.938343   -100 -100.00 -100.00 -100.00
  42    11.481 55066.02876503 35.55  65.568558  63.937284  4.431 -100.00 -100.00 -100.00
  42    11.585 55066.02876562 25.47  65.574021  63.936224 17.446 -100.00 -100.00 -100.00
  42    11.823 55066.02876621 23.93  65.579484  63.935163 14.388 -100.00 -100.00 -100.00
  43    11.395 55075.94441388 40.84  65.563872  63.936036 22.494 -100.00 -100.00 -100.00
  43     9.305 55075.94441447 46.09  65.569335  63.934976   -100 -100.00 -100.00 -100.00
  43     9.249 55075.94441506 43.29  65.574797  63.933916  6.200 -100.00 -100.00 -100.00
  43     9.301 55075.94441566 41.06  65.580260  63.932856   -100 -100.00 -100.00 -100.00
  44     8.755 55085.86006200 46.07  65.565816  63.934561 12.320 -100.00 -100.00 -100.00
  44     8.893 55085.86006259 35.21  65.571279  63.933501   -100 -100.00 -100.00 -100.00
  44    10.929 55085.86006318 31.63  65.576741  63.932440   -100 -100.00 -100.00 -100.00
  45    11.241 55095.77570788 40.03  65.563786  63.935247  6.149 -100.00 -100.00 -100.00
  45     8.347 55095.77570847 33.86  65.569249  63.934187   -100 -100.00 -100.00 -100.00
  45    11.193 55095.77570906 27.77  65.574711  63.933126 31.220 -100.00 -100.00 -100.00
  45     8.326 55095.77570965 29.28  65.580173  63.932066 30.351 -100.00 -100.00 -100.00
  46    11.768 55105.69135343 32.18  65.561534  63.936233   -100 -100.00 -100.00 -100.00
  46    11.357 55105.69135402 32.97  65.566998  63.935173   -100 -100.00 -100.00 -100.00
  46    11.393 55105.69135461 26.94  65.572460  63.934112 27.057 -100.00 -100.00 -100.00
  46    11.287 55105.69135520 25.65  65.577923  63.933052 20.589 -100.00 -100.00 -100.00
  47    11.357 55115.60699954 31.96  65.566679  63.935087   -100 -100.00 -100.00 -100.00
  47    11.380 55115.60700013 25.46  65.572143  63.934027 15.158 -100.00 -100.00 -100.00
  47    11.148 55115.60700072 26.28  65.577605  63.932966 15.478 -100.00 -100.00 -100.00
  48    12.791 55125.52264225 27.28  65.561883  63.935122 30.349 -100.00 -100.00 -100.00
  48    12.552 55125.52264285 17.93  65.567347  63.934062  6.938 -100.00 -100.00 -100.00
  48    11.500 55125.52264344 18.10  65.572810  63.933002  8.248 -100.00 -100.00 -100.00
  48    11.181 55125.52264403 16.49  65.578272  63.931941  5.519 -100.00 -100.00 -100.00
  49     7.888 55135.43828309 28.70  65.563529  63.934130 25.625 -100.00 -100.00 -100.00
  49     7.739 55135.43828368 26.10  65.568993  63.933069 16.089 -100.00 -100.00 -100.00
  49     7.585 55135.43828427 29.47  65.574456  63.932009 30.559 -100.00 -100.00 -100.00
  49     7.758 55135.43828486 32.42  65.579918  63.930948   -100 -100.00 -100.00 -100.00
  50     8.132 55145.35392169 39.06  65.564338  63.934134 32.560 -100.00 -100.00 -100.00
  50     8.197 55145.35392229 41.22  65.569801  63.933074   -100 -100.00 -100.00 -100.00
  50     7.861 55145.35392288 45.43  65.575265  63.932013 11.833 -100.00 -100.00 -100.00
  50     7.902 55145.35392347 41.57  65.580727  63.930952  0.310 -100.00 -100.00 -100.00
  51     7.878 55155.26955943 35.10  65.564095  63.935582   -100 -100.00 -100.00 -100.00
  51     7.801 55155.26956002 36.15  65.569559  63.934521   -100 -100.00 -100.00 -100.00
  51     7.677 55155.26956061 38.09  65.575022  63.933461   -100 -100.00 -100.00 -100.00
  51     7.898 55155.26956120 37.09  65.580485  63.932400   -100 -100.00 -100.00 -100.00
  52     8.012 55165.18519733 26.73  65.562860  63.937325 14.108 -100.00 -100.00 -100.00
  52     7.957 55165.18519792 27.85  65.568324  63.936265 17.456 -100.00 -100.00 -100.00
  52     7.915 55165.18519851 28.81  65.573788  63.935204 22.062 -100.00 -100.00 -100.00
  52     7.859 55165.18519910 28.69  65.579251  63.934144 22.173 -100.00 -100.00 -100.00
  53     8.179 55175.10083520 22.06  65.563130  63.938640  9.587 -100.00 -100.00 -100.00
  53     8.139 55175.10083579 23.62  65.568595  63.937580 13.384 -100.00 -100.00 -100.00
  53     8.036 55175.10083638 29.28  65.574058  63.936520   -100 -100.00 -100.00 -100.00
  53     9.005 55175.10083697 29.18  65.579522  63.935460 16.061 -100.00 -100.00 -100.00
  54     7.857 55185.01647566 22.23  65.563489  63.938914 15.197 -100.00 -100.00 -100.00
  54     7.853 55185.01647625 26.06  65.568953  63.937854 27.539 -100.00 -100.00 -100.00
  54     8.066 55185.01647684 25.72  65.574417  63.936794 23.859 -100.00 -100.00 -100.00
  54     8.802 55185.01647743 28.08  65.579880  63.935733 17.500 -100.00 -100.00 -100.00
  55     7.782 55194.93212717 15.54  65.566261  63.937958  5.564 -100.00 -100.00 -100.00
  55     8.342 55194.93212777 15.48  65.571725  63.936897  5.978 -100.00 -100.00 -100.00
  55     7.866 55194.93212836 16.18  65.577188  63.935837  7.118 -100.00 -100.00 -100.00
  56     7.323 55204.84777699 16.97  65.565993  63.938089  9.179 -100.00 -100.00 -100.00
  56     7.597 55204.84777758 16.74  65.571456  63.937029  9.028 -100.00 -100.00 -100.00
  56     7.483 55204.84777817 14.68  65.576919  63.935969  5.708 -100.00 -100.00 -100.00
  57     7.329 55214.76342572 19.07  65.562717  63.939508 10.707 -100.00 -100.00 -100.00
  57     7.309 55214.76342631 17.69  65.568181  63.938448  8.637 -100.00 -100.00 -100.00
  57     7.732 55214.76342690 14.72  65.573644  63.937387  4.590 -100.00 -100.00 -100.00
  57     7.592 55214.76342749 16.33  65.579107  63.936327  7.177 -100.00 -100.00 -100.00
  58     7.868 55224.67907429 15.76  65.562339  63.939653  7.294 -100.00 -100.00 -100.00
  58     7.169 55224.67907488 18.34  65.567803  63.938593 10.741 -100.00 -100.00 -100.00
  58     7.400 55224.67907547 15.65  65.573267  63.937533  7.260 -100.00 -100.00 -100.00
  58     9.229 55224.67907606 14.24  65.578730  63.936472  5.067 -100.00 -100.00 -100.00
  59    10.985 55234.59472116 14.76  65.562293  63.938133  5.146 -100.00 -100.00 -100.00
  59    10.346 55234.59472175 14.57  65.567756  63.937072  4.811 -100.00 -100.00 -100.00
  59    10.899 55234.59472234 14.80  65.573220  63.936012  5.695 -100.00 -100.00 -100.00
  59    10.486 55234.59472293 14.41  65.578683  63.934951  4.868 -100.00 -100.00 -100.00
  60    11.603 55244.51036506 13.45  65.564053  63.935360  3.595 -100.00 -100.00 -100.00
  60    11.188 55244.51036565 13.93  65.569516  63.934300  4.501 -100.00 -100.00 -100.00
  60    10.304 55244.51036624 14.45  65.574979  63.933239  5.616 -100.00 -100.00 -100.00
  60    10.663 55244.51036683 13.73  65.580442  63.932179  3.877 -100.00 -100.00 -100.00
  61    12.132 55254.42600574 12.85  65.563547  63.933507  3.661 -100.00 -100.00 -100.00
  61    12.007 55254.42600633 13.37  65.569010  63.932446  4.205 -100.00 -100.00 -100.00
  61    10.739 55254.42600692 13.45  65.574473  63.931386  4.675 -100.00 -100.00 -100.00
  61    11.050 55254.42600751 13.19  65.579935  63.930325  4.060 -100.00 -100.00 -100.00
  62    12.099 55264.34164474 13.87  65.565370  63.933269  4.997 -100.00 -100.00 -100.00
  62    11.503 55264.34164533 13.57  65.570832  63.932209  4.609 -100.00 -100.00 -100.00
  62    10.731 55264.34164592 14.64  65.576295  63.931148  5.939 -100.00 -100.00 -100.00
  63    12.182 55274.25728260 14.83  65.566121  63.935106  3.504 -100.00 -100.00 -100.00
  63    12.571 55274.25728319 14.83  65.571583  63.934046  4.451 -100.00 -100.00 -100.00
  63    11.713 55274.25728378 14.82  65.577046  63.932985  3.826 -100.00 -100.00 -100.00
  64    12.008 55284.17291986 13.24  65.566074  63.936725  4.128 -100.00 -100.00 -100.00
  64    12.242 55284.17292045 12.90  65.571538  63.935664  3.961 -100.00 -100.00 -100.00
  64    11.490 55284.17292104 13.03  65.577000  63.934604  3.725 -100.00 -100.00 -100.00
  65    12.785 55294.08855558 12.59  65.564382  63.936905  3.539 -100.00 -100.00 -100.00
  65    12.982 55294.08855617 12.65  65.569845  63.935845  3.282 -100.00 -100.00 -100.00
  65    12.280 55294.08855676 12.71  65.575308  63.934784  3.378 -100.00 -100.00 -100.00
  65    12.688 55294.08855735 12.39  65.580771  63.933724  2.975 -100.00 -100.00 -100.00
  66    12.723 55304.00419327 10.78  65.563844  63.935473  2.815 -100.00 -100.00 -100.00
  66    12.955 55304.00419386 10.95  65.569306  63.934413  2.682 -100.00 -100.00 -100.00
  66    12.844 55304.00419445 10.84  65.574769  63.933353  3.006 -100.00 -100.00 -100.00
  66    12.918 55304.00419504 10.87  65.580231  63.932293  2.894 -100.00 -100.00 -100.00
  67    11.890 55313.91984105 36.88  65.565066  63.933621   -100 -100.00 -100.00 -100.00
  67    11.949 55313.91984164 31.20  65.570528  63.932561 17.586 -100.00 -100.00 -100.00
  67    11.249 55313.91984223 33.98  65.575990  63.931501 23.854 -100.00 -100.00 -100.00
  67     8.170 55313.91984283 35.50  65.581451  63.930441   -100 -100.00 -100.00 -100.00
  69    12.286 55333.75113056 52.38  65.566633  63.935846  3.045 -100.00 -100.00 -100.00
  69    12.173 55333.75113115 53.42  65.572096  63.934786  8.883 -100.00 -100.00 -100.00
  69    12.278 55333.75113174 55.34  65.577558  63.933726  8.779 -100.00 -100.00 -100.00
  70    12.368 55343.66677406 35.37  65.563981  63.937893   -100 -100.00 -100.00 -100.00
  70    12.322 55343.66677465 38.85  65.569444  63.936833   -100 -100.00 -100.00 -100.00
  70    12.712 55343.66677524 36.08  65.574906  63.935772   -100 -100.00 -100.00 -100.00
  70    12.959 55343.66677583 42.25  65.580369  63.934712   -100 -100.00 -100.00 -100.00
  71    12.420 55353.58241762 33.58  65.565471  63.937732   -100 -100.00 -100.00 -100.00
  71    12.397 55353.58241821 30.81  65.570934  63.936672 29.308 -100.00 -100.00 -100.00
  71    12.434 55353.58241880 30.36  65.576397  63.935612 25.823 -100.00 -100.00 -100.00
  72    12.662 55363.49805853 42.43  65.561497  63.938173  0.771 -100.00 -100.00 -100.00
  72    12.312 55363.49805912 34.67  65.566961  63.937113   -100 -100.00 -100.00 -100.00
  72    12.402 55363.49805971 28.33  65.572424  63.936053 22.646 -100.00 -100.00 -100.00
  72    12.641 55363.49806030 30.70  65.577887  63.934993 26.521 -100.00 -100.00 -100.00
  73    12.386 55373.41369812 38.46  65.562198  63.938172  1.318 -100.00 -100.00 -100.00
  73    12.245 55373.41369871 34.95  65.567662  63.937112   -100 -100.00 -100.00 -100.00
  73    12.270 55373.41369930 26.26  65.573125  63.936052 16.130 -100.00 -100.00 -100.00
  73    12.573 55373.41369989 26.55  65.578588  63.934992 15.955 -100.00 -100.00 -100.00
  74    12.565 55383.32933626 37.48  65.561883  63.939476   -100 -100.00 -100.00 -100.00
  74    12.259 55383.32933685 33.90  65.567347  63.938416   -100 -100.00 -100.00 -100.00
  74    12.282 55383.32933744 25.35  65.572811  63.937356 13.188 -100.00 -100.00 -100.00
  74    12.261 55383.32933803 25.08  65.578274  63.936295 11.438 -100.00 -100.00 -100.00
  75    13.134 55393.24497407 46.24  65.565661  63.940187 27.870 -100.00 -100.00 -100.00
  75    12.780 55393.24497466 50.55  65.571125  63.939127   -100 -100.00 -100.00 -100.00
  75    12.395 55393.24497525 54.52  65.576588  63.938067 19.980 -100.00 -100.00 -100.00
  76    12.333 55403.16061007 34.15  65.562928  63.941488   -100 -100.00 -100.00 -100.00
  76    12.102 55403.16061066 25.94  65.568392  63.940429 18.286 -100.00 -100.00 -100.00
  76    12.006 55403.16061126 26.49  65.573856  63.939369 17.543 -100.00 -100.00 -100.00
  76    11.959 55403.16061185 25.73  65.579320  63.938308 15.872 -100.00 -100.00 -100.00
  77    12.279 55413.07626231 43.72  65.563391  63.939254   -100 -100.00 -100.00 -100.00
  77    12.070 55413.07626290 38.49  65.568855  63.938194 22.420 -100.00 -100.00 -100.00
  77    12.111 55413.07626349 40.25  65.574318  63.937134 31.857 -100.00 -100.00 -100.00
  77    12.262 55413.07626408 42.90  65.579781  63.936074   -100 -100.00 -100.00 -100.00
  78    11.696 55422.99191195 45.63  65.565632  63.935670 16.642 -100.00 -100.00 -100.00
  78    11.612 55422.99191254 49.60  65.571095  63.934610   -100 -100.00 -100.00 -100.00
  78    11.606 55422.99191313 48.59  65.576558  63.933549   -100 -100.00 -100.00 -100.00
  79    11.622 55432.90755832 36.18  65.562950  63.933842   -100 -100.00 -100.00 -100.00
  79    11.631 55432.90755891 25.43  65.568412  63.932782 11.894 -100.00 -100.00 -100.00
  79    10.203 55432.90755950 32.84  65.573874  63.931722   -100 -100.00 -100.00 -100.00
  79    10.249 55432.90756009 37.38  65.579336  63.930662   -100 -100.00 -100.00 -100.00
  80    11.610 55442.82320318 31.31  65.565831  63.933417 28.987 -100.00 -100.00 -100.00
  80    11.633 55442.82320377 27.16  65.571293  63.932356 12.063 -100.00 -100.00 -100.00
  80     9.159 55442.82320436 36.20  65.576755  63.931296   -100 -100.00 -100.00 -100.00
  81    11.880 55452.73884619 22.79  65.566742  63.934893 11.191 -100.00 -100.00 -100.00
  81    11.386 55452.73884678 28.33  65.572204  63.933832 25.600 -100.00 -100.00 -100.00
  81    11.265 55452.73884737 22.13  65.577666  63.932772  8.721 -100.00 -100.00 -100.00
  82    11.705 55462.65448802 33.42  65.564470  63.937061   -100 -100.00 -100.00 -100.00
  82    11.533 55462.65448861 29.43  65.569933  63.936001 24.104 -100.00 -100.00 -100.00
  82     8.177 55462.65448920 34.91  65.575396  63.934941   -100 -100.00 -100.00 -100.00
  82     8.056 55462.65448979 37.45  65.580859  63.933880  3.788 -100.00 -100.00 -100.00
  83     8.206 55472.57012821 42.09  65.562847  63.937051   -100 -100.00 -100.00 -100.00
  83     8.165 55472.57012880 44.34  65.568311  63.935990 11.239 -100.00 -100.00 -100.00
  83     8.201 55472.57012939 43.70  65.573774  63.934930 20.434 -100.00 -100.00 -100.00
  83     8.008 55472.57012998 38.03  65.579237  63.933870  4.056 -100.00 -100.00 -100.00
  84    11.603 55482.48576629 28.62  65.566651  63.934679 24.471 -100.00 -100.00 -100.00
  84    11.631 55482.48576688 28.08  65.572114  63.933618 21.211 -100.00 -100.00 -100.00
  84    11.471 55482.48576747 26.17  65.577577  63.932558 13.468 -100.00 -100.00 -100.00
  85    11.663 55492.40140123 33.66  65.561705  63.934273   -100 -100.00 -100.00 -100.00
  85    11.599 55492.40140182 31.64  65.567169  63.933213   -100 -100.00 -100.00 -100.00
  85    11.564 55492.40140241 26.83  65.572632  63.932153 16.609 -100.00 -100.00 -100.00
  85    11.154 55492.40140300 27.72  65.578095  63.931092 17.747 -100.00 -100.00 -100.00
  86     7.851 55502.31703512 33.76  65.563752  63.935048   -100 -100.00 -100.00 -100.00
  86     8.191 55502.31703571 37.93  65.569216  63.933988   -100 -100.00 -100.00 -100.00
  86     7.714 55502.31703630 37.93  65.574680  63.932927 12.582 -100.00 -100.00 -100.00
  86     7.744 55502.31703689 35.21  65.580143  63.931867   -100 -100.00 -100.00 -100.00
  87     8.025 55512.23268053 28.08  65.564404  63.937142 24.589 -100.00 -100.00 -100.00
  87     7.831 55512.23268112 28.62  65.569869  63.936082   -100 -100.00 -100.00 -100.00
  87     7.711 55512.23268171 27.26  65.575332  63.935022 26.759 -100.00 -100.00 -100.00
  87     7.880 55512.23268230 31.43  65.580796  63.933962   -100 -100.00 -100.00 -100.00
  88     9.565 55522.14833021 38.04  65.566170  63.938586 25.490 -100.00 -100.00 -100.00
  88     8.932 55522.14833080 44.18  65.571634  63.937526  4.387 -100.00 -100.00 -100.00
  88     8.828 55522.14833139 44.09  65.577098  63.936465 29.279 -100.00 -100.00 -100.00
  89     8.060 55532.06397807 30.15  65.561989  63.939578 30.049 -100.00 -100.00 -100.00
  89     8.166 55532.06397866 30.04  65.567453  63.938518 29.960 -100.00 -100.00 -100.00
  89     8.226 55532.06397925 29.01  65.572917  63.937458 24.733 -100.00 -100.00 -100.00
  89     8.061 55532.06397984 31.10  65.578381  63.936397   -100 -100.00 -100.00 -100.00
  90     8.124 55541.97962527 24.25  65.566131  63.937594 14.282 -100.00 -100.00 -100.00
  90     8.407 55541.97962586 22.22  65.571594  63.936533 10.383 -100.00 -100.00 -100.00
  90     8.188 55541.97962645 23.62  65.577057  63.935473 11.616 -100.00 -100.00 -100.00
  91     8.148 55551.89526983 24.86  65.565513  63.936848 17.425 -100.00 -100.00 -100.00
  91     8.234 55551.89527042 22.58  65.570976  63.935788 10.591 -100.00 -100.00 -100.00
  91     8.109 55551.89527101 24.02  65.576439  63.934728 15.494 -100.00 -100.00 -100.00
  92     8.124 55561.81091281 18.32  65.564629  63.937519  7.002 -100.00 -100.00 -100.00
  92     8.159 55561.81091340 20.40  65.570092  63.936459 11.067 -100.00 -100.00 -100.00
  92     7.993 55561.81091399 19.66  65.575555  63.935399  9.121 -100.00 -100.00 -100.00
  92     8.102 55561.81091458 20.10  65.581018  63.934338 10.513 -100.00 -100.00 -100.00
  93     7.899 55571.72655471 19.48  65.561577  63.939579 10.794 -100.00 -100.00 -100.00
  93     7.855 55571.72655530 19.01  65.567041  63.938519  9.666 -100.00 -100.00 -100.00
  93     7.726 55571.72655589 20.72  65.572504  63.937458 12.872 -100.00 -100.00 -100.00
  93     7.992 55571.72655648 18.63  65.577968  63.936398  7.903 -100.00 -100.00 -100.00
  94     7.766 55581.64219584 18.15  65.561683  63.940109  8.116 -100.00 -100.00 -100.00
  94     7.597 55581.64219643 18.46  65.567147  63.939049  8.693 -100.00 -100.00 -100.00
  94     7.766 55581.64219702 18.94  65.572611  63.937988  9.243 -100.00 -100.00 -100.00
  94     7.601 55581.64219761 20.74  65.578075  63.936928 12.122 -100.00 -100.00 -100.00
  95     8.431 55591.55783448 16.31  65.566416  63.937747  7.225 -100.00 -100.00 -100.00
  95     8.163 55591.55783507 16.37  65.571879  63.936687  7.303 -100.00 -100.00 -100.00
  95     8.545 55591.55783566 15.44  65.577343  63.935627  6.378 -100.00 -100.00 -100.00
  96     8.883 55601.47346916 17.27  65.563733  63.935912  6.081 -100.00 -100.00 -100.00
  96     7.929 55601.47346975 18.62  65.569197  63.934852  8.083 -100.00 -100.00 -100.00
  96     7.967 55601.47347034 18.57  65.574660  63.933792  7.744 -100.00 -100.00 -100.00
  96     9.029 55601.47347093 17.60  65.580123  63.932732  5.680 -100.00 -100.00 -100.00
  97    11.661 55611.38910175 13.79  65.561984  63.934935  3.834 -100.00 -100.00 -100.00
  97    11.513 55611.38910234 13.82  65.567448  63.933875  4.441 -100.00 -100.00 -100.00
  97    10.414 55611.38910293 13.86  65.572911  63.932815  4.473 -100.00 -100.00 -100.00
  97    10.490 55611.38910352 14.52  65.578374  63.931755  5.492 -100.00 -100.00 -100.00
  98    11.567 55621.30473471 11.93  65.565810  63.935352  3.841 -100.00 -100.00 -100.00
  98    10.775 55621.30473530 12.16  65.571274  63.934292  4.193 -100.00 -100.00 -100.00
  98     9.939 55621.30473589 12.45  65.576737  63.933232  3.777 -100.00 -100.00 -100.00
  99    11.775 55631.22038764 12.21  65.566809  63.936723  3.952 -100.00 -100.00 -100.00
  99    11.330 55631.22038823 12.35  65.572272  63.935663  4.042 -100.00 -100.00 -100.00
  99    10.933 55631.22038882 12.18  65.577736  63.934603  4.091 -100.00 -100.00 -100.00
 100    11.603 55641.13603825 11.73  65.564927  63.938091  3.534 -100.00 -100.00 -100.00
 100    11.511 55641.13603884 11.77  65.570390  63.937031  3.781 -100.00 -100.00 -100.00
 100    11.126 55641.13603943 11.91  65.575853  63.935971  3.646 -100.00 -100.00 -100.00
 100    11.146 55641.13604002 12.22  65.581316  63.934910  4.319 -100.00 -100.00 -100.00
 101    11.738 55651.05168666 10.92  65.566084  63.936931  3.268 -100.00 -100.00 -100.00
 101    11.162 55651.05168725 11.72  65.571547  63.935871  4.650 -100.00 -100.00 -100.00
 101    11.086 55651.05168784 11.24  65.577009  63.934811  3.500 -100.00 -100.00 -100.00
 102    12.076 55660.96733101 22.77  65.563145  63.935011 13.032 -100.00 -100.00 -100.00
 102     6.974 55660.96733160 25.44  65.568608  63.933951 26.559 -100.00 -100.00 -100.00
 102     7.332 55660.96733219 25.78  65.574070  63.932891 24.405 -100.00 -100.00 -100.00
 102    10.877 55660.96733278 26.61  65.579532  63.931831 27.507 -100.00 -100.00 -100.00
 103    12.140 55670.88297246 34.31  65.565239  63.933169 21.485 -100.00 -100.00 -100.00
 103     8.328 55670.88297305 36.94  65.570701  63.932109   -100 -100.00 -100.00 -100.00
 103     8.215 55670.88297364 41.13  65.576163  63.931049   -100 -100.00 -100.00 -100.00
 103     8.424 55670.88297423 40.78  65.581624  63.929988   -100 -100.00 -100.00 -100.00
 104    11.917 55680.79861139 38.79  65.562278  63.934738   -100 -100.00 -100.00 -100.00
 104    11.909 55680.79861198 32.84  65.567740  63.933678 27.104 -100.00 -100.00 -100.00
 104    11.520 55680.79861257 33.26  65.573202  63.932618   -100 -100.00 -100.00 -100.00
 104    11.177 55680.79861316 35.73  65.578664  63.931558   -100 -100.00 -100.00 -100.00
 105    12.183 55690.71424881 36.14  65.564052  63.937375   -100 -100.00 -100.00 -100.00
 105    12.167 55690.71424940 30.71  65.569515  63.936315 20.610 -100.00 -100.00 -100.00
 105    12.274 55690.71424999 27.47  65.574978  63.935255 11.161 -100.00 -100.00 -100.00
 105    12.364 55690.71425058 33.97  65.580440  63.934194 29.208 -100.00 -100.00 -100.00
 106    12.235 55700.62988423 41.76  65.562005  63.940382   -100 -100.00 -100.00 -100.00
 106    12.241 55700.62988482 35.34  65.567469  63.939323 27.779 -100.00 -100.00 -100.00
 106    12.245 55700.62988541 36.33  65.572933  63.938263 29.593 -100.00 -100.00 -100.00
 106    12.534 55700.62988600 41.56  65.578396  63.937202   -100 -100.00 -100.00 -100.00
 107    12.234 55710.54552418 38.95  65.562539  63.940944 10.509 -100.00 -100.00 -100.00
 107    12.185 55710.54552477 33.66  65.568003  63.939884   -100 -100.00 -100.00 -100.00
 107    12.212 55710.54552536 27.16  65.573467  63.938824 19.280 -100.00 -100.00 -100.00
 107    12.210 55710.54552595 26.93  65.578931  63.937764 17.437 -100.00 -100.00 -100.00
 108    12.279 55720.46117451 35.85  65.564424  63.939167   -100 -100.00 -100.00 -100.00
 108    12.251 55720.46117510 30.94  65.569888  63.938107   -100 -100.00 -100.00 -100.00
 108    12.212 55720.46117569 28.44  65.575352  63.937047 23.791 -100.00 -100.00 -100.00
 108    12.215 55720.46117628 26.99  65.580815  63.935986 18.541 -100.00 -100.00 -100.00
 109    13.011 55730.37682235 46.55  65.563525  63.938300   -100 -100.00 -100.00 -100.00
 109    12.787 55730.37682294 50.76  65.568989  63.937240   -100 -100.00 -100.00 -100.00
 109    12.583 55730.37682353 53.55  65.574453  63.936180  8.572 -100.00 -100.00 -100.00
 109    12.364 55730.37682412 51.26  65.579916  63.935119   -100 -100.00 -100.00 -100.00
 110    12.098 55740.29246920 33.14  65.565935  63.937796   -100 -100.00 -100.00 -100.00
 110    12.069 55740.29246979 34.62  65.571398  63.936736   -100 -100.00 -100.00 -100.00
 110    12.136 55740.29247038 34.58  65.576861  63.935675   -100 -100.00 -100.00 -100.00
 111    11.507 55750.20811447 45.73  65.565310  63.938438  1.131 -100.00 -100.00 -100.00
 111    11.496 55750.20811506 49.94  65.570774  63.937378 26.524 -100.00 -100.00 -100.00
 111    11.487 55750.20811565 51.87  65.576237  63.936318 25.945 -100.00 -100.00 -100.00
 112    11.727 55760.12375708 37.61  65.561526  63.939219  5.449 -100.00 -100.00 -100.00
 112    11.741 55760.12375767 31.76  65.566989  63.938159   -100 -100.00 -100.00 -100.00
 112    11.412 55760.12375826 25.12  65.572453  63.937099 20.732 -100.00 -100.00 -100.00
 112    11.438 55760.12375885 22.45  65.577916  63.936038 14.536 -100.00 -100.00 -100.00
 113    11.648 55770.03939783 34.15  65.566112  63.937339  1.194 -100.00 -100.00 -100.00
 113    11.348 55770.03939842 29.79  65.571575  63.936279   -100 -100.00 -100.00 -100.00
 113    11.442 55770.03939901 21.52  65.577038  63.935219  9.195 -100.00 -100.00 -100.00
 114    11.497 55779.95503441 36.51  65.562474  63.936121  9.465 -100.00 -100.00 -100.00
 114    11.662 55779.95503500 26.19  65.567937  63.935061 25.412 -100.00 -100.00 -100.00
 114    11.252 55779.95503559 25.21  65.573400  63.934001 22.473 -100.00 -100.00 -100.00
 114    11.140 55779.95503618 23.06  65.578862  63.932940 13.628 -100.00 -100.00 -100.00
 115    11.505 55789.87066867 36.97  65.562324  63.935081 24.352 -100.00 -100.00 -100.00
 115    11.681 55789.87066926 24.67  65.567787  63.934021 24.533 -100.00 -100.00 -100.00
 115    11.227 55789.87066985 30.01  65.573250  63.932961   -100 -100.00 -100.00 -100.00
 115    11.268 55789.87067044 19.02  65.578712  63.931901  9.014 -100.00 -100.00 -100.00
 116     8.046 55799.78630147 37.73  65.561718  63.936081   -100 -100.00 -100.00 -100.00
 116     8.706 55799.78630206 42.54  65.567181  63.935022   -100 -100.00 -100.00 -100.00
 116     8.351 55799.78630265 53.64  65.572644  63.933962 16.600 -100.00 -100.00 -100.00
 116     8.253 55799.78630325 52.86  65.578107  63.932902   -100 -100.00 -100.00 -100.00
 117    11.438 55809.70194898 31.78  65.565427  63.936709   -100 -100.00 -100.00 -100.00
 117    11.293 55809.70194957 27.53  65.570890  63.935650 32.000 -100.00 -100.00 -100.00
 117    11.026 55809.70195017 22.49  65.576353  63.934589 13.742 -100.00 -100.00 -100.00
 118    11.504 55819.61759749 35.90  65.563698  63.938261 13.584 -100.00 -100.00 -100.00
 118    11.263 55819.61759808 30.80  65.569162  63.937201   -100 -100.00 -100.00 -100.00
 118    11.317 55819.61759868 24.71  65.574625  63.936141 21.974 -100.00 -100.00 -100.00
 118    11.051 55819.61759927 20.57  65.580089  63.935080 11.030 -100.00 -100.00 -100.00
 119    11.537 55829.53324197 31.51  65.564875  63.937834 18.531 -100.00 -100.00 -100.00
 119    11.509 55829.53324256 29.89  65.570339  63.936774 14.799 -100.00 -100.00 -100.00
 119     8.107 55829.53324315 32.11  65.575803  63.935714 19.014 -100.00 -100.00 -100.00
 119     8.304 55829.53324374 36.28  65.581266  63.934654   -100 -100.00 -100.00 -100.00
 120    11.668 55839.44888162 39.72  65.561580  63.936886   -100 -100.00 -100.00 -100.00
 120    11.403 55839.44888221 31.26  65.567044  63.935826   -100 -100.00 -100.00 -100.00
 120    11.360 55839.44888280 23.34  65.572508  63.934766 17.297 -100.00 -100.00 -100.00
 120    10.891 55839.44888339 23.10  65.577971  63.933706 15.610 -100.00 -100.00 -100.00
 121    11.516 55849.36451868 38.48  65.562332  63.935422 26.165 -100.00 -100.00 -100.00
 121    11.332 55849.36451927 32.52  65.567796  63.934362   -100 -100.00 -100.00 -100.00
 121     7.995 55849.36451986 32.73  65.573259  63.933302   -100 -100.00 -100.00 -100.00
 121     8.004 55849.36452045 31.07  65.578723  63.932242   -100 -100.00 -100.00 -100.00
 122    11.389 55859.28015364 33.46  65.563676  63.936201   -100 -100.00 -100.00 -100.00
 122    11.331 55859.28015423 23.40  65.569140  63.935141 15.341 -100.00 -100.00 -100.00
 122    11.187 55859.28015482 23.90  65.574604  63.934081 16.685 -100.00 -100.00 -100.00
 122    11.744 55859.28015541 18.53  65.580067  63.933021  5.808 -100.00 -100.00 -100.00
 123     7.090 55869.19580253 24.24  65.563305  63.938208 15.809 -100.00 -100.00 -100.00
 123     7.138 55869.19580312 24.96  65.568769  63.937148 20.206 -100.00 -100.00 -100.00
 123     7.141 55869.19580371 28.89  65.574233  63.936088   -100 -100.00 -100.00 -100.00
 123     7.536 55869.19580430 28.57  65.579696  63.935028 32.763 -100.00 -100.00 -100.00
 124     7.540 55879.11145371 33.52  65.562855  63.940076   -100 -100.00 -100.00 -100.00
 124     7.454 55879.11145430 35.67  65.568320  63.939016   -100 -100.00 -100.00 -100.00
 124     7.901 55879.11145489 36.73  65.573784  63.937956 31.213 -100.00 -100.00 -100.00
 124     7.608 55879.11145548 37.58  65.579248  63.936895   -100 -100.00 -100.00 -100.00
 125     7.351 55889.02709868 28.46  65.565381  63.940073 32.487 -100.00 -100.00 -100.00
 125     7.472 55889.02709927 29.75  65.570845  63.939013   -100 -100.00 -100.00 -100.00
 125     7.862 55889.02709986 31.38  65.576309  63.937953   -100 -100.00 -100.00 -100.00
 126     7.570 55898.94273751 25.40  65.564228  63.939719 22.005 -100.00 -100.00 -100.00
 126     7.694 55898.94273810 25.36  65.569692  63.938659 20.540 -100.00 -100.00 -100.00
 126     7.774 55898.94273869 29.97  65.575156  63.937599 31.484 -100.00 -100.00 -100.00
 126     8.071 55898.94273928 29.66  65.580619  63.936538 24.845 -100.00 -100.00 -100.00
 127     7.213 55908.85837137 28.61  65.562990  63.939658   -100 -100.00 -100.00 -100.00
 127     7.622 55908.85837196 28.71  65.568454  63.938599 26.521 -100.00 -100.00 -100.00
 127     7.613 55908.85837255 29.60  65.573918  63.937539   -100 -100.00 -100.00 -100.00
 127     7.706 55908.85837314 32.88  65.579381  63.936478   -100 -100.00 -100.00 -100.00
 128     7.320 55918.77402100 26.51  65.562587  63.939259 27.739 -100.00 -100.00 -100.00
 128     7.385 55918.77402160 27.68  65.568051  63.938199   -100 -100.00 -100.00 -100.00
 128     7.472 55918.77402219 28.64  65.573515  63.937138   -100 -100.00 -100.00 -100.00
 128     7.534 55918.77402278 29.62  65.578978  63.936078   -100 -100.00 -100.00 -100.00
 129     7.189 55928.68967383 26.42  65.562171  63.939042 27.111 -100.00 -100.00 -100.00
 129     7.320 55928.68967442 26.54  65.567635  63.937982 28.269 -100.00 -100.00 -100.00
 129     7.346 55928.68967501 27.69  65.573098  63.936922   -100 -100.00 -100.00 -100.00
 129     7.354 55928.68967560 28.55  65.578562  63.935861   -100 -100.00 -100.00 -100.00
 130     7.180 55938.60532324 24.10  65.563016  63.938186 18.541 -100.00 -100.00 -100.00
 130     7.168 55938.60532383 26.08  65.568480  63.937126 25.596 -100.00 -100.00 -100.00
 130     7.142 55938.60532442 27.65  65.573944  63.936066 32.474 -100.00 -100.00 -100.00
 130     7.856 55938.60532501 28.73  65.579407  63.935005 20.434 -100.00 -100.00 -100.00
 131     6.739 55948.52096791 24.72  65.564284  63.936226 21.713 -100.00 -100.00 -100.00
 131     7.134 55948.52096850 24.97  65.569748  63.935166 21.469 -100.00 -100.00 -100.00
 131     7.137 55948.52096909 27.39  65.575211  63.934106 29.663 -100.00 -100.00 -100.00
 131     6.986 55948.52096968 28.61  65.580674  63.933045  2.376 -100.00 -100.00 -100.00
 132     7.046 55958.43660804 20.29  65.565021  63.934584 10.073 -100.00 -100.00 -100.00
 132     7.066 55958.43660863 22.99  65.570484  63.933524 14.439 -100.00 -100.00 -100.00
 132     6.903 55958.43660923 27.04  65.575947  63.932464 27.465 -100.00 -100.00 -100.00
 132     7.029 55958.43660982 27.28  65.581410  63.931403 26.307 -100.00 -100.00 -100.00
 133     6.822 55968.35224549 19.85  65.563839  63.934520 10.082 -100.00 -100.00 -100.00
 133     7.028 55968.35224608 20.27  65.569303  63.933459 10.173 -100.00 -100.00 -100.00
 133     6.820 55968.35224667 26.33  65.574766  63.932399 26.671 -100.00 -100.00 -100.00
 133     7.170 55968.35224726 26.56  65.580228  63.931338 20.184 -100.00 -100.00 -100.00
 134     8.448 55978.26788224 16.67  65.564868  63.935512  5.540 -100.00 -100.00 -100.00
 134     6.888 55978.26788283 19.97  65.570332  63.934452  8.959 -100.00 -100.00 -100.00
 134     6.993 55978.26788342 25.70  65.575795  63.933392 19.118 -100.00 -100.00 -100.00
 134     6.831 55978.26788401 26.36  65.581257  63.932331 25.047 -100.00 -100.00 -100.00
 135     6.944 55988.18351828 18.81  65.565600  63.936959  7.993 -100.00 -100.00 -100.00
 135     7.050 55988.18351887 18.69  65.571064  63.935899  7.849 -100.00 -100.00 -100.00
 135     6.716 55988.18351946 20.81  65.576527  63.934839 11.625 -100.00 -100.00 -100.00
 136     8.166 55998.09915862 17.35  65.564847  63.937796  6.762 -100.00 -100.00 -100.00
 136     7.854 55998.09915921 17.05  65.570311  63.936736  7.309 -100.00 -100.00 -100.00
 136     7.584 55998.09915980 17.20  65.575774  63.935676  7.628 -100.00 -100.00 -100.00
 136     6.700 55998.09916039 25.27  65.581237  63.934616 22.545 -100.00 -100.00 -100.00
 137    11.920 56008.01480996 15.91  65.564644  63.936799  4.177 -100.00 -100.00 -100.00
 137     8.733 56008.01481055 16.86  65.570108  63.935739  5.875 -100.00 -100.00 -100.00
 137     9.267 56008.01481114 16.84  65.575570  63.934679  5.991 -100.00 -100.00 -100.00
 138    12.164 56017.93045711 12.45  65.564535  63.935488  6.195 -100.00 -100.00 -100.00
 138     6.401 56017.93045770 18.68  65.569998  63.934428 16.441 -100.00 -100.00 -100.00
 138     6.473 56017.93045829 18.83  65.575460  63.933368 17.384 -100.00 -100.00 -100.00
 138     7.269 56017.93045888 22.44  65.580922  63.932308 16.155 -100.00 -100.00 -100.00
 139     6.630 56027.84610124 27.51  65.564504  63.935044   -100 -100.00 -100.00 -100.00
 139     6.734 56027.84610183 26.54  65.569967  63.933984   -100 -100.00 -100.00 -100.00
 139     6.509 56027.84610242 29.03  65.575429  63.932924   -100 -100.00 -100.00 -100.00
 139     6.453 56027.84610301 28.26  65.580890  63.931864   -100 -100.00 -100.00 -100.00
 140    11.913 56037.76174346 35.37  65.563985  63.935994 32.349 -100.00 -100.00 -100.00
 140    11.707 56037.76174405 34.85  65.569447  63.934934   -100 -100.00 -100.00 -100.00
 140    11.628 56037.76174464 33.09  65.574910  63.933874 25.276 -100.00 -100.00 -100.00
 140     7.353 56037.76174523 39.68  65.580371  63.932813   -100 -100.00 -100.00 -100.00
 141    11.762 56047.67738379 37.73  65.564811  63.937646   -100 -100.00 -100.00 -100.00
 141    11.630 56047.67738438 33.56  65.570274  63.936586   -100 -100.00 -100.00 -100.00
 141    10.883 56047.67738497 33.77  65.575737  63.935525 31.909 -100.00 -100.00 -100.00
 141    10.054 56047.67738556 40.01  65.581199  63.934465  6.455 -100.00 -100.00 -100.00
 142    11.915 56057.59302123 37.00  65.564678  63.939417  0.138 -100.00 -100.00 -100.00
 142    11.896 56057.59302182 32.52  65.570141  63.938357   -100 -100.00 -100.00 -100.00
 142    11.953 56057.59302241 27.53  65.575605  63.937296 16.495 -100.00 -100.00 -100.00
 142    12.252 56057.59302300 25.84  65.581068  63.936236 12.009 -100.00 -100.00 -100.00
 143    11.755 56067.50865414 40.86  65.562210  63.940996 26.312 -100.00 -100.00 -100.00
 143    11.800 56067.50865473 31.77  65.567674  63.939936   -100 -100.00 -100.00 -100.00
 143    11.699 56067.50865532 23.91  65.573138  63.938876 15.097 -100.00 -100.00 -100.00
 143    12.093 56067.50865591 24.17  65.578602  63.937816 13.856 -100.00 -100.00 -100.00
 144    12.339 56077.42430392 26.90  65.563734  63.939886 17.614 -100.00 -100.00 -100.00
 144    11.503 56077.42430451 30.51  65.569198  63.938826   -100 -100.00 -100.00 -100.00
 144    11.528 56077.42430510 29.59  65.574662  63.937766   -100 -100.00 -100.00 -100.00
 144    11.756 56077.42430569 28.95  65.580126  63.936705 30.899 -100.00 -100.00 -100.00
 145    11.850 56087.33995264 38.48  65.562171  63.939373   -100 -100.00 -100.00 -100.00
 145    11.481 56087.33995323 31.27  65.567635  63.938313   -100 -100.00 -100.00 -100.00
 145    11.448 56087.33995382 29.69  65.573099  63.937252 32.132 -100.00 -100.00 -100.00
 145    11.383 56087.33995441 34.11  65.578562  63.936192   -100 -100.00 -100.00 -100.00
 146    11.617 56097.25559940 33.31  65.565448  63.938430  2.229 -100.00 -100.00 -100.00
 146    11.469 56097.25559999 23.36  65.570912  63.937370 21.333 -100.00 -100.00 -100.00
 146    11.322 56097.25560058 24.01  65.576375  63.936309 22.085 -100.00 -100.00 -100.00
 147    11.717 56107.17124328 39.92  65.561800  63.938741 27.110 -100.00 -100.00 -100.00
 147    11.911 56107.17124387 26.33  65.567264  63.937681 20.450 -100.00 -100.00 -100.00
 147    11.499 56107.17124446 27.23  65.572727  63.936621 27.270 -100.00 -100.00 -100.00
 147    11.755 56107.17124505 24.26  65.578190  63.935561 15.333 -100.00 -100.00 -100.00
 148    11.550 56117.08687326 42.15  65.562330  63.937695   -100 -100.00 -100.00 -100.00
 148     9.079 56117.08687385 45.74  65.567794  63.936635   -100 -100.00 -100.00 -100.00
 148     8.811 56117.08687444 46.03  65.573256  63.935575   -100 -100.00 -100.00 -100.00
 148     8.805 56117.08687503 41.30  65.578719  63.934515 31.774 -100.00 -100.00 -100.00
 149    11.631 56127.00251114 35.97  65.563174  63.936621 19.170 -100.00 -100.00 -100.00
 149    12.687 56127.00251173 21.83  65.568637  63.935561 15.781 -100.00 -100.00 -100.00
 149    11.375 56127.00251232 23.57  65.574100  63.934501 21.099 -100.00 -100.00 -100.00
 149    11.171 56127.00251291 20.38  65.579562  63.933441 11.194 -100.00 -100.00 -100.00
 150    11.519 56136.91814504 35.81  65.563007  63.936133 10.764 -100.00 -100.00 -100.00
 150    11.729 56136.91814563 25.50  65.568470  63.935073 20.164 -100.00 -100.00 -100.00
 150    11.309 56136.91814622 25.45  65.573932  63.934013 20.978 -100.00 -100.00 -100.00
 150    11.143 56136.91814681 22.66  65.579395  63.932953 11.847 -100.00 -100.00 -100.00
 151    11.281 56146.83378975 38.48  65.564355  63.935877  9.980 -100.00 -100.00 -100.00
 151    11.471 56146.83379034 25.04  65.569818  63.934817 22.215 -100.00 -100.00 -100.00
 151    11.208 56146.83379093 24.64  65.575281  63.933757 18.211 -100.00 -100.00 -100.00
 151     7.295 56146.83379153 27.19  65.580743  63.932697 29.033 -100.00 -100.00 -100.00
 152    11.634 56156.74943893 34.20  65.563512  63.936565   -100 -100.00 -100.00 -100.00
 152     6.965 56156.74943952 35.38  65.568975  63.935505   -100 -100.00 -100.00 -100.00
 152     6.981 56156.74944011 39.91  65.574438  63.934445 24.707 -100.00 -100.00 -100.00
 152     7.426 56156.74944070 38.72  65.579900  63.933384   -100 -100.00 -100.00 -100.00
 153     6.768 56166.66508730 45.95  65.563963  63.937004  5.198 -100.00 -100.00 -100.00
 153     7.119 56166.66508789 45.94  65.569426  63.935944   -100 -100.00 -100.00 -100.00
 153     6.566 56166.66508848 46.81  65.574889  63.934884 19.645 -100.00 -100.00 -100.00
 153     6.708 56166.66508907 42.77  65.580351  63.933823   -100 -100.00 -100.00 -100.00
 154    11.494 56176.58073305 38.37  65.561936  63.937129 10.780 -100.00 -100.00 -100.00
 154    11.189 56176.58073364 30.02  65.567400  63.936069 30.774 -100.00 -100.00 -100.00
 154     6.547 56176.58073423 34.96  65.572863  63.935009  2.483 -100.00 -100.00 -100.00
 154     6.489 56176.58073482 37.14  65.578326  63.933949  9.687 -100.00 -100.00 -100.00
 155    11.507 56186.49637464 29.20  65.566346  63.935706   -100 -100.00 -100.00 -100.00
 155    11.191 56186.49637523 25.47  65.571809  63.934646 29.595 -100.00 -100.00 -100.00
 155    11.241 56186.49637582 18.17  65.577272  63.933585  8.267 -100.00 -100.00 -100.00
 156    11.279 56196.41201178 37.96  65.563991  63.935749 18.102 -100.00 -100.00 -100.00
 156    12.564 56196.41201237 20.14  65.569455  63.934689 11.733 -100.00 -100.00 -100.00
 156    11.411 56196.41201296 19.32  65.574918  63.933629 10.085 -100.00 -100.00 -100.00
 156    10.813 56196.41201355 18.64  65.580381  63.932568  8.598 -100.00 -100.00 -100.00
 157     7.333 56206.32764603 38.50  65.563143  63.936816   -100 -100.00 -100.00 -100.00
 157    11.132 56206.32764662 31.83  65.568607  63.935756 25.946 -100.00 -100.00 -100.00
 157     7.019 56206.32764721 30.78  65.574071  63.934696   -100 -100.00 -100.00 -100.00
 157     7.222 56206.32764780 33.24  65.579534  63.933635   -100 -100.00 -100.00 -100.00
 158    11.365 56216.24327866 38.67  65.561530  63.939182 16.668 -100.00 -100.00 -100.00
 158     7.737 56216.24327925 40.74  65.566995  63.938122 29.477 -100.00 -100.00 -100.00
 158     7.527 56216.24327984 46.79  65.572459  63.937062   -100 -100.00 -100.00 -100.00
 158     7.320 56216.24328043 50.23  65.577923  63.936002   -100 -100.00 -100.00 -100.00
 159    11.912 56226.15891955 18.56  65.566481  63.940017  5.619 -100.00 -100.00 -100.00
 159    11.542 56226.15892014 18.33  65.571946  63.938957  6.619 -100.00 -100.00 -100.00
 159    11.486 56226.15892073 18.44  65.577410  63.937897  7.276 -100.00 -100.00 -100.00
 160     7.209 56236.07457476 40.63  65.566321  63.939908   -100 -100.00 -100.00 -100.00
 160     7.791 56236.07457535 43.71  65.571785  63.938848 27.783 -100.00 -100.00 -100.00
 160     7.076 56236.07457594 48.10  65.577249  63.937788 20.486 -100.00 -100.00 -100.00
 161     7.377 56245.99022610 33.91  65.565639  63.939119   -100 -100.00 -100.00 -100.00
 161     7.365 56245.99022669 35.50  65.571103  63.938059   -100 -100.00 -100.00 -100.00
 161     7.251 56245.99022728 35.78  65.576567  63.936999   -100 -100.00 -100.00 -100.00
 162     7.561 56255.90587203 27.60  65.562506  63.938979 18.238 -100.00 -100.00 -100.00
 162     7.546 56255.90587262 28.53  65.567970  63.937919 20.527 -100.00 -100.00 -100.00
 162     7.506 56255.90587321 29.62  65.573433  63.936859 26.437 -100.00 -100.00 -100.00
 162     7.656 56255.90587380 29.50  65.578896  63.935799 25.830 -100.00 -100.00 -100.00
 163     7.561 56265.82151453 24.77  65.564223  63.938899 15.763 -100.00 -100.00 -100.00
 163     7.664 56265.82151512 25.09  65.569687  63.937839 16.111 -100.00 -100.00 -100.00
 163     7.560 56265.82151571 24.61  65.575150  63.936779 15.540 -100.00 -100.00 -100.00
 163     7.466 56265.82151630 26.16  65.580613  63.935718 19.610 -100.00 -100.00 -100.00
 164     7.370 56275.73715507 23.12  65.563942  63.939432 12.116 -100.00 -100.00 -100.00
 164     7.586 56275.73715566 24.08  65.569406  63.938372 15.207 -100.00 -100.00 -100.00
 164     7.477 56275.73715625 24.45  65.574870  63.937312 16.005 -100.00 -100.00 -100.00
 164     7.389 56275.73715684 25.05  65.580333  63.936251 15.610 -100.00 -100.00 -100.00
 165     7.227 56285.65280130 24.74  65.565279  63.938521 17.721 -100.00 -100.00 -100.00
 165     7.285 56285.65280189 22.74  65.570743  63.937461 12.440 -100.00 -100.00 -100.00
 165     7.152 56285.65280248 23.64  65.576207  63.936400 15.810 -100.00 -100.00 -100.00
 166     7.028 56295.56845164 22.56  65.564088  63.936653 12.938 -100.00 -100.00 -100.00
 166     6.991 56295.56845223 23.23  65.569552  63.935593 14.083 -100.00 -100.00 -100.00
 166     6.987 56295.56845282 23.90  65.575015  63.934533 15.145 -100.00 -100.00 -100.00
 166     7.156 56295.56845341 23.23  65.580478  63.933472 12.704 -100.00 -100.00 -100.00
 167     6.937 56305.48409806 17.81  65.564515  63.934278  7.266 -100.00 -100.00 -100.00
 167     6.860 56305.48409865 19.41  65.569978  63.933218 10.911 -100.00 -100.00 -100.00
 167     7.011 56305.48409924 19.14  65.575441  63.932157  9.860 -100.00 -100.00 -100.00
 167     6.997 56305.48409983 19.84  65.580903  63.931097 11.192 -100.00 -100.00 -100.00
 168     9.561 56315.39974087 14.91  65.564397  63.933644  5.692 -100.00 -100.00 -100.00
 168     8.020 56315.39974146 15.24  65.569860  63.932584  6.555 -100.00 -100.00 -100.00
 168     6.712 56315.39974205 17.04  65.575323  63.931524  9.682 -100.00 -100.00 -100.00
 168     8.121 56315.39974264 15.28  65.580785  63.930463  6.644 -100.00 -100.00 -100.00
 169     9.625 56325.31538143 14.24  65.561978  63.935536  4.811 -100.00 -100.00 -100.00
 169     9.268 56325.31538202 15.55  65.567442  63.934476  6.500 -100.00 -100.00 -100.00
 169     6.599 56325.31538261 15.53  65.572905  63.933415  6.479 -100.00 -100.00 -100.00
 169     7.376 56325.31538320 15.61  65.578368  63.932355  7.088 -100.00 -100.00 -100.00
 170     9.408 56335.23102144 14.47  65.562429  63.937468  4.519 -100.00 -100.00 -100.00
 170     8.944 56335.23102203 14.92  65.567893  63.936407  6.335 -100.00 -100.00 -100.00
 170     8.392 56335.23102262 15.47  65.573356  63.935347  6.322 -100.00 -100.00 -100.00
 170     7.963 56335.23102321 15.00  65.578819  63.934287  5.752 -100.00 -100.00 -100.00
 171     9.322 56345.14666066 12.19  65.563832  63.937985  4.077 -100.00 -100.00 -100.00
 171     8.846 56345.14666125 13.05  65.569296  63.936925  5.052 -100.00 -100.00 -100.00
 171     8.741 56345.14666184 12.84  65.574759  63.935865  5.516 -100.00 -100.00 -100.00
 171     8.907 56345.14666243 12.87  65.580222  63.934804  5.345 -100.00 -100.00 -100.00
 172    11.000 56355.06229738 11.46  65.562679  63.937608  4.430 -100.00 -100.00 -100.00
 172     8.592 56355.06229797 12.86  65.568142  63.936548  5.777 -100.00 -100.00 -100.00
 172     8.841 56355.06229856 12.63  65.573606  63.935488  5.592 -100.00 -100.00 -100.00
 172     8.484 56355.06229915 12.88  65.579068  63.934428  5.782 -100.00 -100.00 -100.00
 173    12.003 56364.97794315 12.14  65.564402  63.935680  3.726 -100.00 -100.00 -100.00
 173    11.174 56364.97794374 12.65  65.569865  63.934621  4.397 -100.00 -100.00 -100.00
 173    10.719 56364.97794433 12.42  65.575327  63.933561  4.531 -100.00 -100.00 -100.00
 173     8.828 56364.97794492 14.43  65.580789  63.932500  7.116 -100.00 -100.00 -100.00
 174    12.272 56374.89359204 12.44  65.563872  63.935193  3.919 -100.00 -100.00 -100.00
 174    11.906 56374.89359263 12.62  65.569335  63.934133  4.703 -100.00 -100.00 -100.00
 174    10.916 56374.89359322 12.45  65.574797  63.933073  4.211 -100.00 -100.00 -100.00
 174    11.193 56374.89359381 12.84  65.580259  63.932012  4.446 -100.00 -100.00 -100.00
 176    12.953 56394.72488150 12.23  65.564558  63.938254  3.060 -100.00 -100.00 -100.00
 176    12.762 56394.72488209 12.20  65.570022  63.937193  3.088 -100.00 -100.00 -100.00
 176    12.801 56394.72488268 12.31  65.575484  63.936133  3.204 -100.00 -100.00 -100.00
 176    12.738 56394.72488327 12.10  65.580946  63.935072  3.030 -100.00 -100.00 -100.00
 177     6.554 56404.64052331 22.85  65.565597  63.939274 32.718 -100.00 -100.00 -100.00
 177     6.453 56404.64052390 22.87  65.571060  63.938214   -100 -100.00 -100.00 -100.00
 177     6.216 56404.64052449 26.70  65.576524  63.937154   -100 -100.00 -100.00 -100.00
 178    12.052 56414.55616198 31.86  65.565320  63.939616 18.188 -100.00 -100.00 -100.00
 178    12.156 56414.55616257 31.50  65.570784  63.938556 23.613 -100.00 -100.00 -100.00
 178    12.519 56414.55616316 31.01  65.576247  63.937495 20.746 -100.00 -100.00 -100.00
 179    12.503 56424.47179562 38.63  65.562798  63.939756   -100 -100.00 -100.00 -100.00
 179    12.673 56424.47179621 33.92  65.568262  63.938696 31.289 -100.00 -100.00 -100.00
 179    12.676 56424.47179680 33.42  65.573726  63.937636 29.654 -100.00 -100.00 -100.00
 179    12.674 56424.47179739 35.01  65.579189  63.936576   -100 -100.00 -100.00 -100.00
 180    12.326 56434.38744207 36.64  65.564557  63.938723  0.303 -100.00 -100.00 -100.00
 180    12.317 56434.38744266 30.27  65.570021  63.937663   -100 -100.00 -100.00 -100.00
 180    12.305 56434.38744325 28.28  65.575484  63.936603 19.259 -100.00 -100.00 -100.00
 180    12.183 56434.38744384 30.00  65.580947  63.935543 27.324 -100.00 -100.00 -100.00
 181    12.383 56444.30309422 38.36  65.564173  63.938318  8.203 -100.00 -100.00 -100.00
 181    12.350 56444.30309481 32.25  65.569637  63.937257   -100 -100.00 -100.00 -100.00
 181    12.343 56444.30309540 26.95  65.575100  63.936197 16.000 -100.00 -100.00 -100.00
 181    12.638 56444.30309600 28.22  65.580563  63.935137 20.635 -100.00 -100.00 -100.00
 182    12.420 56454.21874378 38.50  65.563420  63.938873  2.598 -100.00 -100.00 -100.00
 182    12.370 56454.21874437 37.53  65.568883  63.937813  3.753 -100.00 -100.00 -100.00
 182    12.671 56454.21874496 35.71  65.574347  63.936752   -100 -100.00 -100.00 -100.00
 182    12.779 56454.21874555 36.71  65.579809  63.935691   -100 -100.00 -100.00 -100.00
 183    12.390 56464.13439072 37.30  65.563552  63.938248  7.405 -100.00 -100.00 -100.00
 183    12.392 56464.13439131 32.01  65.569015  63.937188   -100 -100.00 -100.00 -100.00
 183    12.391 56464.13439190 27.14  65.574478  63.936127 18.286 -100.00 -100.00 -100.00
 183    12.451 56464.13439249 26.19  65.579941  63.935066 16.953 -100.00 -100.00 -100.00
 184    12.480 56474.05003422 37.94  65.563219  63.936535 15.353 -100.00 -100.00 -100.00
 184    12.488 56474.05003481 28.89  65.568682  63.935475   -100 -100.00 -100.00 -100.00
 184    12.511 56474.05003540 25.24  65.574144  63.934415 14.865 -100.00 -100.00 -100.00
 184    12.821 56474.05003599 29.27  65.579606  63.933354 25.600 -100.00 -100.00 -100.00
 185    12.977 56483.96567454 49.17  65.564958  63.934190   -100 -100.00 -100.00 -100.00
 185    12.947 56483.96567513 51.93  65.570420  63.933130   -100 -100.00 -100.00 -100.00
 185    12.799 56483.96567572 54.07  65.575882  63.932069 11.759 -100.00 -100.00 -100.00
 185    12.623 56483.96567632 55.31  65.581343  63.931009   -100 -100.00 -100.00 -100.00
 186    13.098 56493.88131130 48.12  65.565555  63.933757   -100 -100.00 -100.00 -100.00
 186    13.026 56493.88131189 52.31  65.571017  63.932697   -100 -100.00 -100.00 -100.00
 186    12.657 56493.88131248 55.26  65.576479  63.931637 23.650 -100.00 -100.00 -100.00
 187    12.315 56503.79694567 28.19  65.566711  63.935558 27.429 -100.00 -100.00 -100.00
 187    12.334 56503.79694626 23.66  65.572174  63.934498 10.396 -100.00 -100.00 -100.00
 187    12.678 56503.79694685 23.69  65.577636  63.933437  9.256 -100.00 -100.00 -100.00
 188    13.086 56513.71257788 45.00  65.563926  63.939168 22.650 -100.00 -100.00 -100.00
 188    12.572 56513.71257847 49.26  65.569390  63.938108   -100 -100.00 -100.00 -100.00
 188    12.148 56513.71257906 53.39  65.574853  63.937048   -100 -100.00 -100.00 -100.00
 188    12.146 56513.71257965 51.76  65.580316  63.935988   -100 -100.00 -100.00 -100.00
 189    12.158 56523.62822803 29.94  65.564559  63.939534 26.935 -100.00 -100.00 -100.00
 189    11.866 56523.62822862 24.99  65.570024  63.938474 16.738 -100.00 -100.00 -100.00
 189    11.848 56523.62822921 22.60  65.575487  63.937414 10.915 -100.00 -100.00 -100.00
 189    12.060 56523.62822980 21.75  65.580951  63.936354  8.604 -100.00 -100.00 -100.00
 190    11.847 56533.54387956 39.70  65.561640  63.938342   -100 -100.00 -100.00 -100.00
 190    11.958 56533.54388015 29.57  65.567104  63.937282 12.014 -100.00 -100.00 -100.00
 190     8.953 56533.54388075 32.22  65.572568  63.936222 18.214 -100.00 -100.00 -100.00
 190     9.030 56533.54388134 35.94  65.578031  63.935162 28.264 -100.00 -100.00 -100.00
 192    11.733 56553.37517283 29.63  65.565133  63.934813   -100 -100.00 -100.00 -100.00
 192    11.719 56553.37517342 24.99  65.570596  63.933753 23.162 -100.00 -100.00 -100.00
 192    11.435 56553.37517401 24.55  65.576060  63.932693 18.076 -100.00 -100.00 -100.00
 192    11.507 56553.37517460 20.76  65.581522  63.931632 10.213 -100.00 -100.00 -100.00
 193    11.651 56563.29081527 35.25  65.563696  63.936959  9.200 -100.00 -100.00 -100.00
 193    11.822 56563.29081586 25.68  65.569160  63.935899 20.088 -100.00 -100.00 -100.00
 193    11.452 56563.29081645 23.37  65.574623  63.934839 17.026 -100.00 -100.00 -100.00
 193    11.516 56563.29081704 19.99  65.580087  63.933778  8.924 -100.00 -100.00 -100.00
 194    11.990 56573.20645639 37.95  65.562114  63.940006 32.727 -100.00 -100.00 -100.00
 194    11.562 56573.20645698 33.74  65.567578  63.938946   -100 -100.00 -100.00 -100.00
 194    11.615 56573.20645757 28.52  65.573042  63.937885 21.333 -100.00 -100.00 -100.00
 194     9.128 56573.20645816 29.10  65.578506  63.936825 22.824 -100.00 -100.00 -100.00
 195     7.427 56583.12209566 35.52  65.563307  63.941532 27.456 -100.00 -100.00 -100.00
 195     7.446 56583.12209625 34.77  65.568772  63.940472 24.988 -100.00 -100.00 -100.00
 195     7.279 56583.12209684 33.57  65.574236  63.939412 22.637 -100.00 -100.00 -100.00
 195     7.323 56583.12209743 32.72  65.579700  63.938351 20.161 -100.00 -100.00 -100.00
 196     8.033 56593.03773040 39.18  65.562778  63.941578 29.234 -100.00 -100.00 -100.00
 196     8.472 56593.03773099 40.88  65.568243  63.940518 21.751 -100.00 -100.00 -100.00
 196     8.004 56593.03773158 48.17  65.573707  63.939458   -100 -100.00 -100.00 -100.00
 196     7.504 56593.03773217 53.30  65.579171  63.938397   -100 -100.00 -100.00 -100.00
 197     9.347 56602.95338272 36.09  65.564886  63.938898   -100 -100.00 -100.00 -100.00
 197     9.640 56602.95338331 37.07  65.570350  63.937838   -100 -100.00 -100.00 -100.00
 197     9.522 56602.95338390 38.80  65.575814  63.936777   -100 -100.00 -100.00 -100.00
 197     9.445 56602.95338449 40.92  65.581277  63.935717   -100 -100.00 -100.00 -100.00
 198     9.930 56612.86903201 35.37  65.565392  63.937303 32.520 -100.00 -100.00 -100.00
 198     9.736 56612.86903260 37.02  65.570855  63.936243   -100 -100.00 -100.00 -100.00
 198     9.679 56612.86903319 35.27  65.576318  63.935182   -100 -100.00 -100.00 -100.00
 199     9.401 56622.78467680 31.61  65.565609  63.937788   -100 -100.00 -100.00 -100.00
 199     9.213 56622.78467739 31.64  65.571072  63.936728   -100 -100.00 -100.00 -100.00
 199     9.370 56622.78467798 28.75  65.576535  63.935667 21.043 -100.00 -100.00 -100.00
 200     8.403 56632.70031868 26.19  65.566161  63.938629 19.608 -100.00 -100.00 -100.00
 200     8.541 56632.70031927 27.62  65.571625  63.937568 21.584 -100.00 -100.00 -100.00
 200     8.219 56632.70031986 28.91  65.577088  63.936508 30.294 -100.00 -100.00 -100.00
 201    11.117 56642.61595562 14.28  65.562074  63.939786  3.964 -100.00 -100.00 -100.00
 201    10.793 56642.61595621 14.48  65.567538  63.938726  4.387 -100.00 -100.00 -100.00
 201    11.106 56642.61595681 14.31  65.573002  63.937666  4.106 -100.00 -100.00 -100.00
 201     8.919 56642.61595740 14.70  65.578466  63.936606  4.526 -100.00 -100.00 -100.00
 202    11.199 56652.53160606 14.34  65.563846  63.937189  3.730 -100.00 -100.00 -100.00
 202    11.314 56652.53160665 14.62  65.569310  63.936128  4.382 -100.00 -100.00 -100.00
 202     9.473 56652.53160724 14.79  65.574774  63.935068  4.585 -100.00 -100.00 -100.00
 202     9.360 56652.53160783 15.10  65.580237  63.934007  4.980 -100.00 -100.00 -100.00
 203    11.908 56662.44725571 14.35  65.563328  63.934676  3.620 -100.00 -100.00 -100.00
 203    11.611 56662.44725630 14.42  65.568791  63.933616  3.594 -100.00 -100.00 -100.00
 203    11.473 56662.44725689 14.33  65.574255  63.932556  3.605 -100.00 -100.00 -100.00
 203    10.997 56662.44725748 14.56  65.579717  63.931495  4.132 -100.00 -100.00 -100.00
 204    12.380 56672.36290228 15.29  65.561715  63.933946  3.706 -100.00 -100.00 -100.00
 204    11.654 56672.36290287 16.02  65.567179  63.932886  5.083 -100.00 -100.00 -100.00
 204    11.178 56672.36290346 15.96  65.572642  63.931826  4.943 -100.00 -100.00 -100.00
 204    11.157 56672.36290405 16.48  65.578104  63.930765  5.500 -100.00 -100.00 -100.00
 205    12.007 56682.27854758 11.51  65.564905  63.935016  3.608 -100.00 -100.00 -100.00
 205    12.081 56682.27854817 11.20  65.570369  63.933955  3.531 -100.00 -100.00 -100.00
 205    11.604 56682.27854877 11.48  65.575832  63.932895  3.388 -100.00 -100.00 -100.00
 205    11.658 56682.27854936 11.77  65.581294  63.931834  3.594 -100.00 -100.00 -100.00
 206    12.201 56692.19419058 11.33  65.565970  63.937107  3.509 -100.00 -100.00 -100.00
 206    11.653 56692.19419117 11.48  65.571434  63.936046  3.379 -100.00 -100.00 -100.00
 206    11.486 56692.19419176 11.12  65.576897  63.934986  3.215 -100.00 -100.00 -100.00
 207    11.860 56702.10982962 11.48  65.566431  63.938471  3.268 -100.00 -100.00 -100.00
 207    11.242 56702.10983021 11.58  65.571894  63.937411  3.330 -100.00 -100.00 -100.00
 207    11.153 56702.10983080 11.43  65.577358  63.936351  3.457 -100.00 -100.00 -100.00
 208    12.148 56712.02546383 12.60  65.566810  63.937734  3.213 -100.00 -100.00 -100.00
 208    11.596 56712.02546442 13.03  65.572274  63.936675  4.083 -100.00 -100.00 -100.00
 208    11.772 56712.02546501 12.49  65.577737  63.935614  2.627 -100.00 -100.00 -100.00
 209   -12.589 56721.94110974  9.90  65.565828  63.935982  2.396 -100.00 -100.00 -100.00
 209   -10.758 56721.94111033  9.96  65.571291  63.934922  2.076 -100.00 -100.00 -100.00
 209    -8.835 56721.94111092 10.30  65.576753  63.933862  2.518 -100.00 -100.00 -100.00
 210    12.464 56731.85676117 12.41  65.564927  63.935104  3.116 -100.00 -100.00 -100.00
 210    12.628 56731.85676176 12.40  65.570389  63.934044  3.031 -100.00 -100.00 -100.00
 210    12.523 56731.85676235 12.56  65.575851  63.932984  3.650 -100.00 -100.00 -100.00
 210    11.876 56731.85676294 12.52  65.581313  63.931923  3.719 -100.00 -100.00 -100.00
 211    13.414 56741.77240867  9.60  65.564132  63.936913  3.319 -100.00 -100.00 -100.00
 211    13.264 56741.77240926  9.64  65.569595  63.935853  3.343 -100.00 -100.00 -100.00
 211    13.043 56741.77240985  9.97  65.575058  63.934792  3.056 -100.00 -100.00 -100.00
 211    13.161 56741.77241044 10.13  65.580520  63.933732  3.593 -100.00 -100.00 -100.00
 212    12.977 56751.68805194 11.28  65.565110  63.939359  2.866 -100.00 -100.00 -100.00
 212    13.183 56751.68805253 11.35  65.570573  63.938299  3.490 -100.00 -100.00 -100.00
 212    13.259 56751.68805312 11.45  65.576036  63.937238  3.494 -100.00 -100.00 -100.00
 212    13.153 56751.68805371 11.47  65.581499  63.936178  3.193 -100.00 -100.00 -100.00
 213    12.745 56761.60368983  8.26  65.563309  63.941480  4.671 -100.00 -100.00 -100.00
 213    12.753 56761.60369042  8.33  65.568773  63.940420  4.926 -100.00 -100.00 -100.00
 213    12.828 56761.60369101  8.68  65.574237  63.939360  4.175 -100.00 -100.00 -100.00
 213    13.006 56761.60369160  9.46  65.579701  63.938299  6.180 -100.00 -100.00 -100.00
 214    12.018 56771.51932132 22.53  65.563236  63.941510 14.349 -100.00 -100.00 -100.00
 214    11.864 56771.51932191 23.55  65.568701  63.940450 16.692 -100.00 -100.00 -100.00
 214    11.751 56771.51932250 20.49  65.574165  63.939390 11.353 -100.00 -100.00 -100.00
 214    12.249 56771.51932309 19.82  65.579629  63.938330 10.729 -100.00 -100.00 -100.00
 215    12.033 56781.43497738 30.96  65.566152  63.938259 17.429 -100.00 -100.00 -100.00
 215    12.321 56781.43497797 28.85  65.571615  63.937199 15.168 -100.00 -100.00 -100.00
 215    12.705 56781.43497856 28.92  65.577079  63.936138 15.830 -100.00 -100.00 -100.00
 216    73.194 56791.35063268 16.95  65.570589  63.935407 31.490 -100.00 -100.00 -100.00
 216    97.521 56791.35063327 11.03  65.576051  63.934347 14.131 -100.00 -100.00 -100.00
 217    13.087 56801.26628363 37.09  65.563472  63.936382   -100 -100.00 -100.00 -100.00
 217    12.868 56801.26628422 31.40  65.568935  63.935322 24.356 -100.00 -100.00 -100.00
 217    12.876 56801.26628481 29.89  65.574398  63.934262 17.673 -100.00 -100.00 -100.00
 217    13.161 56801.26628540 31.77  65.579860  63.933201 21.230 -100.00 -100.00 -100.00
 218    13.110 56811.18192834 37.92  65.565561  63.936937   -100 -100.00 -100.00 -100.00
 218    13.081 56811.18192893 30.48  65.571024  63.935877 17.371 -100.00 -100.00 -100.00
 218    13.051 56811.18192952 32.19  65.576486  63.934816 25.636 -100.00 -100.00 -100.00
 219    13.691 56821.09756848 51.57  65.566360  63.937201   -100 -100.00 -100.00 -100.00
 219    13.373 56821.09756907 53.42  65.571823  63.936141 18.675 -100.00 -100.00 -100.00
 219    13.366 56821.09756966 55.49  65.577286  63.935080 28.582 -100.00 -100.00 -100.00
 220   -11.592 56831.01320444 17.55  65.565540  63.936471  2.618 -100.00 -100.00 -100.00
 220    -9.718 56831.01320503 17.81  65.571003  63.935411  2.306 -100.00 -100.00 -100.00
 220    -7.780 56831.01320562 17.82  65.576465  63.934351  2.881 -100.00 -100.00 -100.00
 221    13.292 56840.92883697 31.97  65.563433  63.935624 23.374 -100.00 -100.00 -100.00
 221    13.304 56840.92883756 30.04  65.568896  63.934564 17.455 -100.00 -100.00 -100.00
 221    13.185 56840.92883815 27.91  65.574358  63.933504  9.893 -100.00 -100.00 -100.00
 221    13.434 56840.92883875 26.95  65.579820  63.932443  8.828 -100.00 -100.00 -100.00
 222    13.417 56850.84447322 32.98  65.563449  63.935403 23.322 -100.00 -100.00 -100.00
 222    13.289 56850.84447381 29.45  65.568912  63.934343 13.051 -100.00 -100.00 -100.00
 222    13.215 56850.84447440 28.63  65.574374  63.933283 10.458 -100.00 -100.00 -100.00
 222    13.286 56850.84447499 29.50  65.579836  63.932223 13.091 -100.00 -100.00 -100.00
 223    13.324 56860.76012757 30.77  65.563753  63.935962 17.569 -100.00 -100.00 -100.00
 223    13.197 56860.76012816 30.23  65.569216  63.934902 16.980 -100.00 -100.00 -100.00
 223    13.056 56860.76012875 28.71  65.574678  63.933842 12.967 -100.00 -100.00 -100.00
 223    13.189 56860.76012934 29.15  65.580140  63.932782 13.371 -100.00 -100.00 -100.00
 224    13.366 56870.67578097 52.60  65.563027  63.937728   -100 -100.00 -100.00 -100.00
 224    13.419 56870.67578156 54.51  65.568490  63.936668   -100 -100.00 -100.00 -100.00
 224    13.074 56870.67578215 55.45  65.573953  63.935608 20.209 -100.00 -100.00 -100.00
 224    13.036 56870.67578274 57.22  65.579416  63.934547   -100 -100.00 -100.00 -100.00
 225    12.381 56880.59143195 32.18  65.564735  63.938032   -100 -100.00 -100.00 -100.00
 225    12.352 56880.59143254 36.83  65.570199  63.936972   -100 -100.00 -100.00 -100.00
 225    12.301 56880.59143313 39.16  65.575662  63.935911  4.627 -100.00 -100.00 -100.00
 225    12.717 56880.59143372 40.08  65.581124  63.934850   -100 -100.00 -100.00 -100.00
 226    11.945 56890.50707900 33.77  65.562498  63.937498   -100 -100.00 -100.00 -100.00
 226    11.629 56890.50707959 36.91  65.567961  63.936438  6.068 -100.00 -100.00 -100.00
 226    11.692 56890.50708018 27.89  65.573425  63.935377 22.395 -100.00 -100.00 -100.00
 226    12.132 56890.50708077 22.91  65.578888  63.934317  9.380 -100.00 -100.00 -100.00
 227    11.869 56900.42272391 30.61  65.566141  63.935076 25.809 -100.00 -100.00 -100.00
 227    11.607 56900.42272450 24.88  65.571604  63.934016 12.821 -100.00 -100.00 -100.00
 227    11.597 56900.42272509 24.37  65.577067  63.932955 10.471 -100.00 -100.00 -100.00
 228    12.000 56910.33836599 32.24  65.563671  63.935402 30.325 -100.00 -100.00 -100.00
 228    11.578 56910.33836658 29.79  65.569134  63.934342 28.932 -100.00 -100.00 -100.00
 228    11.606 56910.33836717 24.36  65.574597  63.933281 11.384 -100.00 -100.00 -100.00
 228    11.576 56910.33836776 24.11  65.580060  63.932220 13.340 -100.00 -100.00 -100.00
 229    11.930 56920.25400661 34.83  65.563985  63.937100   -100 -100.00 -100.00 -100.00
 229    11.613 56920.25400720 28.56  65.569449  63.936040 26.008 -100.00 -100.00 -100.00
 229    11.611 56920.25400780 25.93  65.574912  63.934979 18.838 -100.00 -100.00 -100.00
 229    11.676 56920.25400839 23.57  65.580374  63.933918 13.206 -100.00 -100.00 -100.00
 230    11.485 56930.16964500 37.52  65.563868  63.939825 25.563 -100.00 -100.00 -100.00
 230     9.697 56930.16964560 39.93  65.569332  63.938765 28.254 -100.00 -100.00 -100.00
 230     9.207 56930.16964619 46.35  65.574796  63.937705  5.512 -100.00 -100.00 -100.00
 230     9.279 56930.16964678 45.25  65.580259  63.936644   -100 -100.00 -100.00 -100.00
 231    12.030 56940.08527890 32.13  65.565866  63.941083   -100 -100.00 -100.00 -100.00
 231    11.806 56940.08527949 26.79  65.571330  63.940023 16.478 -100.00 -100.00 -100.00
 231    11.671 56940.08528008 25.55  65.576794  63.938963 15.807 -100.00 -100.00 -100.00
 232    11.557 56950.00091672 29.54  65.565126  63.940924 26.130 -100.00 -100.00 -100.00
 232    12.063 56950.00091731 23.58  65.570590  63.939864  8.854 -100.00 -100.00 -100.00
 232    11.543 56950.00091790 24.35  65.576054  63.938804 11.362 -100.00 -100.00 -100.00
 233    10.199 56959.91656911 34.28  65.565599  63.938462 22.403 -100.00 -100.00 -100.00
 233     9.644 56959.91656970 36.53  65.571063  63.937402   -100 -100.00 -100.00 -100.00
 233     9.520 56959.91657029 39.59  65.576526  63.936341  1.646 -100.00 -100.00 -100.00
 234     8.882 56969.83221601 18.65  65.563179  63.937437  8.593 -100.00 -100.00 -100.00
 234     8.927 56969.83221660 18.84  65.568642  63.936377 10.495 -100.00 -100.00 -100.00
 234     9.035 56969.83221719 19.07  65.574105  63.935317 10.518 -100.00 -100.00 -100.00
 234     8.923 56969.83221778 20.22  65.579568  63.934256 12.705 -100.00 -100.00 -100.00
 235     9.313 56979.74785895 18.11  65.562050  63.937703  8.426 -100.00 -100.00 -100.00
 235     9.324 56979.74785954 18.51  65.567514  63.936643  8.317 -100.00 -100.00 -100.00
 235     9.232 56979.74786013 19.40  65.572977  63.935582  9.973 -100.00 -100.00 -100.00
 235     9.313 56979.74786072 19.17  65.578440  63.934522  9.501 -100.00 -100.00 -100.00
 236     9.513 56989.66349746 16.00  65.561747  63.938675  6.488 -100.00 -100.00 -100.00
 236     9.476 56989.66349805 16.80  65.567211  63.937615  7.076 -100.00 -100.00 -100.00
 236     9.573 56989.66349864 16.90  65.572675  63.936555  7.329 -100.00 -100.00 -100.00
 236     9.452 56989.66349923 18.29  65.578138  63.935495  9.776 -100.00 -100.00 -100.00
 237     9.673 56999.57912983 12.36  65.562830  63.939206  4.623 -100.00 -100.00 -100.00
 237     9.594 56999.57913042 14.27  65.568295  63.938146  6.787 -100.00 -100.00 -100.00
 237     9.622 56999.57913101 13.93  65.573759  63.937086  6.151 -100.00 -100.00 -100.00
 237     9.591 56999.57913160 14.28  65.579222  63.936026  6.924 -100.00 -100.00 -100.00
 238     9.381 57009.49478323 13.27  65.566610  63.937007  5.659 -100.00 -100.00 -100.00
 238     9.693 57009.49478382 12.50  65.572074  63.935947  3.712 -100.00 -100.00 -100.00
 238     9.453 57009.49478441 13.87  65.577537  63.934886  6.021 -100.00 -100.00 -100.00
 239    12.184 57019.41043573 14.23  65.565961  63.935235  3.261 -100.00 -100.00 -100.00
 239    11.768 57019.41043632 14.31  65.571425  63.934175  3.550 -100.00 -100.00 -100.00
 239    11.595 57019.41043691 14.87  65.576888  63.933114  4.615 -100.00 -100.00 -100.00
 240    11.987 57029.32608516 11.56  65.565516  63.934617  3.308 -100.00 -100.00 -100.00
 240    11.171 57029.32608575 12.66  65.570979  63.933557  4.793 -100.00 -100.00 -100.00
 240    10.826 57029.32608634 12.70  65.576442  63.932497  5.355 -100.00 -100.00 -100.00
 240    11.371 57029.32608693 12.11  65.581904  63.931436  4.044 -100.00 -100.00 -100.00
 241    11.811 57039.24173257 12.38  65.562685  63.935921  4.144 -100.00 -100.00 -100.00
 241    11.495 57039.24173316 12.37  65.568148  63.934861  4.013 -100.00 -100.00 -100.00
 241    11.599 57039.24173375 12.15  65.573611  63.933801  3.965 -100.00 -100.00 -100.00
 241    11.135 57039.24173434 12.07  65.579074  63.932740  3.426 -100.00 -100.00 -100.00
 242    12.254 57049.15737822 12.82  65.565328  63.936894  4.552 -100.00 -100.00 -100.00
 242    12.208 57049.15737881 12.25  65.570791  63.935834  3.664 -100.00 -100.00 -100.00
 242    11.444 57049.15737940 13.00  65.576254  63.934773  5.059 -100.00 -100.00 -100.00
 243    11.903 57059.07301957 11.20  65.564435  63.938152  4.072 -100.00 -100.00 -100.00
 243    11.331 57059.07302016 11.51  65.569898  63.937092  4.966 -100.00 -100.00 -100.00
 243    11.365 57059.07302075 10.95  65.575362  63.936031  3.884 -100.00 -100.00 -100.00
 243    10.834 57059.07302134 11.97  65.580824  63.934971  5.417 -100.00 -100.00 -100.00
 244    12.367 57068.98865523 11.93  65.562811  63.938638  3.959 -100.00 -100.00 -100.00
 244    12.351 57068.98865582 11.86  65.568275  63.937578  3.667 -100.00 -100.00 -100.00
 244    11.921 57068.98865641 12.59  65.573738  63.936518  5.289 -100.00 -100.00 -100.00
 244    11.553 57068.98865700 12.22  65.579201  63.935457  4.212 -100.00 -100.00 -100.00
 245    12.018 57078.90428706 11.34  65.565885  63.938054  4.548 -100.00 -100.00 -100.00
 245    11.706 57078.90428765 11.48  65.571349  63.936994  4.303 -100.00 -100.00 -100.00
 245    10.838 57078.90428824 12.12  65.576812  63.935934  5.264 -100.00 -100.00 -100.00
 246    13.211 57088.81992298 14.20  65.565120  63.938790  3.134 -100.00 -100.00 -100.00
 246    12.837 57088.81992357 14.50  65.570583  63.937730  3.741 -100.00 -100.00 -100.00
 246    12.851 57088.81992416 14.57  65.576046  63.936670  4.014 -100.00 -100.00 -100.00
 246    12.571 57088.81992475 14.29  65.581509  63.935610  3.645 -100.00 -100.00 -100.00
 247    13.093 57098.73558139 11.79  65.566829  63.938869  2.890 -100.00 -100.00 -100.00
 247    12.987 57098.73558198 12.08  65.572292  63.937809  3.363 -100.00 -100.00 -100.00
 247    12.885 57098.73558257 12.08  65.577755  63.936749  2.937 -100.00 -100.00 -100.00
 248    12.855 57108.65123629 11.81  65.564037  63.940229  3.153 -100.00 -100.00 -100.00
 248    12.937 57108.65123688 11.96  65.569500  63.939169  3.169 -100.00 -100.00 -100.00
 248    13.282 57108.65123747 11.93  65.574964  63.938109  3.086 -100.00 -100.00 -100.00
 248    13.001 57108.65123806 12.03  65.580427  63.937048  2.837 -100.00 -100.00 -100.00
 249    12.999 57118.56688620 11.03  65.562721  63.940545  2.886 -100.00 -100.00 -100.00
 249    13.126 57118.56688679 11.03  65.568185  63.939485  2.822 -100.00 -100.00 -100.00
 249    13.105 57118.56688738 11.28  65.573649  63.938424  2.937 -100.00 -100.00 -100.00
 249    13.153 57118.56688797 11.14  65.579112  63.937364  2.750 -100.00 -100.00 -100.00
 250    13.213 57128.48253046  1.37  65.564341  63.939210  3.349 -100.00 -100.00 -100.00
 250    13.126 57128.48253105  0.97  65.569805  63.938150  3.101 -100.00 -100.00 -100.00
 250    13.199 57128.48253164  1.70  65.575269  63.937090  4.455 -100.00 -100.00 -100.00
 250    12.967 57128.48253224  2.46  65.580732  63.936029  5.172 -100.00 -100.00 -100.00
 251     8.001 57138.39816917 13.51  65.565130  63.938016 11.529 -100.00 -100.00 -100.00
 251     9.431 57138.39816976 11.54  65.570594  63.936956  8.958 -100.00 -100.00 -100.00
 251     7.974 57138.39817036 19.12  65.576057  63.935895 28.897 -100.00 -100.00 -100.00
 251     8.191 57138.39817095 15.13  65.581520  63.934835 15.626 -100.00 -100.00 -100.00
 252    12.015 57148.31380369 36.84  65.562665  63.938482 31.728 -100.00 -100.00 -100.00
 252    12.066 57148.31380428 33.41  65.568129  63.937422 20.444 -100.00 -100.00 -100.00
 252    11.524 57148.31380487 36.45  65.573593  63.936362 32.243 -100.00 -100.00 -100.00
 252    12.504 57148.31380546 35.30  65.579056  63.935301 26.256 -100.00 -100.00 -100.00
 253    13.176 57158.22943574 34.02  65.561821  63.939474   -100 -100.00 -100.00 -100.00
 253    13.119 57158.22943633 33.48  65.567285  63.938415 28.852 -100.00 -100.00 -100.00
 253    13.470 57158.22943692 34.57  65.572749  63.937355 25.511 -100.00 -100.00 -100.00
 253    13.374 57158.22943751 37.18  65.578212  63.936294   -100 -100.00 -100.00 -100.00
 254    13.254 57168.14508367 32.17  65.561681  63.939246 25.302 -100.00 -100.00 -100.00
 254    13.223 57168.14508426 30.74  65.567145  63.938186 19.051 -100.00 -100.00 -100.00
 254    13.107 57168.14508485 32.17  65.572608  63.937126 22.869 -100.00 -100.00 -100.00
 254    13.218 57168.14508544 30.88  65.578071  63.936066 18.046 -100.00 -100.00 -100.00
 255    13.282 57178.06074059 34.63  65.566808  63.936939   -100 -100.00 -100.00 -100.00
 255    13.271 57178.06074118 31.69  65.572271  63.935879 20.813 -100.00 -100.00 -100.00
 255    13.316 57178.06074177 28.80  65.577734  63.934819 13.373 -100.00 -100.00 -100.00
 256    13.672 57187.97639256 53.38  65.563927  63.935994  2.405 -100.00 -100.00 -100.00
 256    13.548 57187.97639315 56.50  65.569390  63.934934 14.344 -100.00 -100.00 -100.00
 256    13.412 57187.97639374 55.93  65.574852  63.933874   -100 -100.00 -100.00 -100.00
 256    13.420 57187.97639433 56.10  65.580314  63.932813   -100 -100.00 -100.00 -100.00
 257    13.375 57197.89204050 38.25  65.562401  63.935627   -100 -100.00 -100.00 -100.00
 257    13.319 57197.89204109 36.46  65.567864  63.934567   -100 -100.00 -100.00 -100.00
 257    13.308 57197.89204168 36.67  65.573326  63.933507 32.455 -100.00 -100.00 -100.00
 257    13.686 57197.89204227 39.29  65.578788  63.932447 32.713 -100.00 -100.00 -100.00
 258    13.693 57207.80767499 28.37  65.564078  63.935662  9.639 -100.00 -100.00 -100.00
 258    13.393 57207.80767558 28.26  65.569541  63.934602  9.439 -100.00 -100.00 -100.00
 258    13.170 57207.80767617 28.68  65.575003  63.933541 10.315 -100.00 -100.00 -100.00
 258    13.320 57207.80767676 28.75  65.580464  63.932481 10.597 -100.00 -100.00 -100.00
 259    13.873 57217.72331952 29.95  65.564786  63.936531 12.800 -100.00 -100.00 -100.00
 259    13.593 57217.72332011 28.95  65.570249  63.935471  9.271 -100.00 -100.00 -100.00
 259    13.456 57217.72332070 28.21  65.575711  63.934410  8.757 -100.00 -100.00 -100.00
 260    14.078 57227.63896287 32.04  65.563976  63.937469 16.331 -100.00 -100.00 -100.00
 260    13.775 57227.63896346 29.95  65.569439  63.936409 10.836 -100.00 -100.00 -100.00
 260    13.666 57227.63896405 29.78  65.574902  63.935348  9.552 -100.00 -100.00 -100.00
 260    13.833 57227.63896464 29.11  65.580365  63.934288  9.284 -100.00 -100.00 -100.00
 261    14.168 57237.55460439 55.64  65.565620  63.937518 16.600 -100.00 -100.00 -100.00
 261    14.085 57237.55460498 56.79  65.571084  63.936458   -100 -100.00 -100.00 -100.00
 261    14.100 57237.55460557 56.79  65.576547  63.935397   -100 -100.00 -100.00 -100.00
 262    13.977 57247.47024221 29.61  65.563956  63.938062 11.743 -100.00 -100.00 -100.00
 262    13.907 57247.47024280 29.59  65.569420  63.937002 10.951 -100.00 -100.00 -100.00
 262    13.722 57247.47024339 31.06  65.574884  63.935941 14.282 -100.00 -100.00 -100.00
 262    13.896 57247.47024398 30.83  65.580347  63.934881 12.817 -100.00 -100.00 -100.00
 263    13.653 57257.38587772 30.43  65.564569  63.938579 13.824 -100.00 -100.00 -100.00
 263    13.499 57257.38587831 35.71  65.570033  63.937519 29.079 -100.00 -100.00 -100.00
 263    13.314 57257.38587890 34.16  65.575497  63.936459 22.410 -100.00 -100.00 -100.00
 263    13.635 57257.38587949 31.45  65.580961  63.935398 14.370 -100.00 -100.00 -100.00
 264    12.796 57267.30151194 35.21  65.564804  63.940037 26.969 -100.00 -100.00 -100.00
 264    12.682 57267.30151253 32.40  65.570268  63.938977 18.872 -100.00 -100.00 -100.00
 264    12.644 57267.30151312 35.04  65.575733  63.937917 23.191 -100.00 -100.00 -100.00
 264    12.877 57267.30151371 37.36  65.581196  63.936856 31.121 -100.00 -100.00 -100.00
 265    12.077 57277.21715839 40.10  65.562532  63.941473   -100 -100.00 -100.00 -100.00
 265    11.894 57277.21715898 30.89  65.567997  63.940413 21.451 -100.00 -100.00 -100.00
 265    11.722 57277.21715957 29.01  65.573462  63.939353 14.599 -100.00 -100.00 -100.00
 265    12.219 57277.21716016 27.66  65.578926  63.938292 12.391 -100.00 -100.00 -100.00
 266    11.998 57287.13281498 33.22  65.562428  63.941307   -100 -100.00 -100.00 -100.00
 266    11.998 57287.13281557 28.10  65.567892  63.940247 16.443 -100.00 -100.00 -100.00
 266    11.657 57287.13281616 26.50  65.573356  63.939187 12.029 -100.00 -100.00 -100.00
 266    11.946 57287.13281675 26.13  65.578820  63.938127 11.341 -100.00 -100.00 -100.00
 267    11.973 57297.04846883 38.34  65.562855  63.939941 14.002 -100.00 -100.00 -100.00
 267    10.087 57297.04846942 43.04  65.568320  63.938881   -100 -100.00 -100.00 -100.00
 267     9.886 57297.04847002 49.59  65.573783  63.937821 15.724 -100.00 -100.00 -100.00
 267    10.002 57297.04847061 48.06  65.579247  63.936760   -100 -100.00 -100.00 -100.00
 268    12.177 57306.96411894 21.37  65.562068  63.938521  9.035 -100.00 -100.00 -100.00
 268    11.647 57306.96411953 22.07  65.567532  63.937461  9.779 -100.00 -100.00 -100.00
 268     9.893 57306.96412012 28.14  65.572995  63.936401 24.324 -100.00 -100.00 -100.00
 268     9.918 57306.96412071 29.37  65.578458  63.935340 30.338 -100.00 -100.00 -100.00
 269     9.933 57316.87976547 31.06  65.563934  63.937153 26.204 -100.00 -100.00 -100.00
 269     9.905 57316.87976606 28.93  65.569397  63.936093 18.252 -100.00 -100.00 -100.00
 269     9.838 57316.87976665 29.13  65.574860  63.935032 19.497 -100.00 -100.00 -100.00
 269     9.660 57316.87976724 34.21  65.580322  63.933972   -100 -100.00 -100.00 -100.00
 270    11.455 57326.79540824 39.40  65.562159  63.937349 15.779 -100.00 -100.00 -100.00
 270    10.580 57326.79540883 42.32  65.567623  63.936289 24.638 -100.00 -100.00 -100.00
 270     9.866 57326.79540942 54.86  65.573086  63.935228   -100 -100.00 -100.00 -100.00
 270    10.187 57326.79541001 53.86  65.578548  63.934167   -100 -100.00 -100.00 -100.00
 271    10.806 57336.71104918 39.39  65.563797  63.937599   -100 -100.00 -100.00 -100.00
 271    11.024 57336.71104977 43.42  65.569260  63.936539   -100 -100.00 -100.00 -100.00
 271    10.731 57336.71105036 54.85  65.574723  63.935478   -100 -100.00 -100.00 -100.00
 271    10.988 57336.71105096 51.06  65.580186  63.934417  2.140 -100.00 -100.00 -100.00
 272    10.697 57346.62669671 35.41  65.565849  63.936722   -100 -100.00 -100.00 -100.00
 272    10.690 57346.62669730 36.17  65.571313  63.935662   -100 -100.00 -100.00 -100.00
 272    10.646 57346.62669789 38.29  65.576776  63.934601   -100 -100.00 -100.00 -100.00
 273     9.899 57356.54234341 33.13  65.562294  63.936121   -100 -100.00 -100.00 -100.00
 273     9.795 57356.54234400 34.74  65.567757  63.935061   -100 -100.00 -100.00 -100.00
 273     9.864 57356.54234459 34.76  65.573221  63.934000   -100 -100.00 -100.00 -100.00
 273    10.081 57356.54234518 32.46  65.578683  63.932939   -100 -100.00 -100.00 -100.00
 274     9.924 57366.45798701 24.00  65.563277  63.934890 13.427 -100.00 -100.00 -100.00
 274     9.899 57366.45798760 26.66  65.568740  63.933830 21.046 -100.00 -100.00 -100.00
 274     9.967 57366.45798819 25.61  65.574204  63.932770 17.364 -100.00 -100.00 -100.00
 274    10.131 57366.45798878 24.23  65.579666  63.931709 14.533 -100.00 -100.00 -100.00
 275     9.835 57376.37362732 23.16  65.564548  63.934851 11.723 -100.00 -100.00 -100.00
 275    10.002 57376.37362791 23.09  65.570011  63.933791 11.345 -100.00 -100.00 -100.00
 275    10.053 57376.37362850 22.76  65.575474  63.932730 10.905 -100.00 -100.00 -100.00
 275     9.923 57376.37362909 22.85  65.580937  63.931670  9.967 -100.00 -100.00 -100.00
 276     9.882 57386.28926542 18.52  65.563247  63.936792  6.469 -100.00 -100.00 -100.00
 276     9.962 57386.28926601 18.45  65.568711  63.935732  6.329 -100.00 -100.00 -100.00
 276     9.772 57386.28926660 19.21  65.574175  63.934672  7.458 -100.00 -100.00 -100.00
 276     9.641 57386.28926719 19.52  65.579638  63.933611  8.625 -100.00 -100.00 -100.00
 277     9.444 57396.20490339 19.20  65.566035  63.938040  8.468 -100.00 -100.00 -100.00
 277     9.659 57396.20490398 20.10  65.571499  63.936980  9.664 -100.00 -100.00 -100.00
 277     9.558 57396.20490457 19.61  65.576962  63.935919  8.163 -100.00 -100.00 -100.00
 278     9.351 57406.12053993 18.66  65.564824  63.939356  6.890 -100.00 -100.00 -100.00
 278     9.473 57406.12054052 19.30  65.570288  63.938296  7.429 -100.00 -100.00 -100.00
 278     9.372 57406.12054111 18.73  65.575752  63.937236  6.328 -100.00 -100.00 -100.00
 278     9.379 57406.12054170 18.83  65.581215  63.936175  7.032 -100.00 -100.00 -100.00
 279    11.504 57416.03618990 13.84  65.563328  63.938701  4.156 -100.00 -100.00 -100.00
 279    10.909 57416.03619049 13.69  65.568792  63.937641  4.213 -100.00 -100.00 -100.00
 279    10.817 57416.03619108 13.73  65.574256  63.936581  4.262 -100.00 -100.00 -100.00
 279    10.904 57416.03619167 13.36  65.579719  63.935521  3.957 -100.00 -100.00 -100.00
 280    11.811 57425.95184113 14.83  65.562219  63.937948  4.725 -100.00 -100.00 -100.00
 280    11.433 57425.95184172 15.53  65.567682  63.936888  5.618 -100.00 -100.00 -100.00
 280    10.910 57425.95184231 15.16  65.573146  63.935828  4.674 -100.00 -100.00 -100.00
 280    10.624 57425.95184290 16.11  65.578608  63.934767  6.697 -100.00 -100.00 -100.00
 281    12.378 57435.86748937 14.41  65.562054  63.938118  4.181 -100.00 -100.00 -100.00
 281    11.887 57435.86748996 14.71  65.567518  63.937058  5.287 -100.00 -100.00 -100.00
 281    12.036 57435.86749055 14.51  65.572981  63.935998  4.863 -100.00 -100.00 -100.00
 281    11.106 57435.86749114 14.26  65.578443  63.934937  4.134 -100.00 -100.00 -100.00
 282    13.029 57445.78313588 15.48  65.562815  63.939461  3.422 -100.00 -100.00 -100.00
 282    12.807 57445.78313647 15.63  65.568278  63.938401  3.402 -100.00 -100.00 -100.00
 282    12.808 57445.78313706 15.63  65.573741  63.937340  3.540 -100.00 -100.00 -100.00
 282    12.365 57445.78313765 15.64  65.579204  63.936280  3.257 -100.00 -100.00 -100.00
 283    12.731 57455.69878134 15.45  65.561756  63.941041  3.183 -100.00 -100.00 -100.00
 283    12.750 57455.69878193 15.64  65.567220  63.939981  2.919 -100.00 -100.00 -100.00
 283    12.581 57455.69878252 15.88  65.572683  63.938921  3.511 -100.00 -100.00 -100.00
 283    12.052 57455.69878311 16.33  65.578147  63.937860  3.822 -100.00 -100.00 -100.00
 284    13.238 57465.61442493 16.04  65.561837  63.941137  2.521 -100.00 -100.00 -100.00
 284    12.991 57465.61442552 16.21  65.567302  63.940077  2.783 -100.00 -100.00 -100.00
 284    13.242 57465.61442611 16.31  65.572766  63.939017  3.109 -100.00 -100.00 -100.00
 284    13.050 57465.61442670 16.24  65.578229  63.937956  2.712 -100.00 -100.00 -100.00
 285    13.347 57475.53006481 15.12  65.561717  63.939869  2.930 -100.00 -100.00 -100.00
 285    13.174 57475.53006540 15.44  65.567182  63.938809  3.489 -100.00 -100.00 -100.00
 285    13.198 57475.53006599 15.17  65.572646  63.937749  2.896 -100.00 -100.00 -100.00
 285    13.108 57475.53006658 15.64  65.578109  63.936689  3.391 -100.00 -100.00 -100.00
 286    13.123 57485.44570169  3.40  65.565205  63.937769  4.056 -100.00 -100.00 -100.00
 286    13.167 57485.44570228  2.88  65.570669  63.936709  3.688 -100.00 -100.00 -100.00
 286    13.234 57485.44570287  2.97  65.576133  63.935649  3.778 -100.00 -100.00 -100.00
 287    11.690 57495.36133559 20.15  65.565957  63.937574 16.941 -100.00 -100.00 -100.00
 287     8.014 57495.36133618 22.61  65.571421  63.936514 23.952 -100.00 -100.00 -100.00
 287     7.731 57495.36133677 24.40  65.576884  63.935454 31.859 -100.00 -100.00 -100.00
 288    12.150 57505.27696848 30.13  65.565095  63.939488 14.447 -100.00 -100.00 -100.00
 288    12.291 57505.27696907 29.94  65.570559  63.938428 14.596 -100.00 -100.00 -100.00
 288    12.556 57505.27696966 29.43  65.576023  63.937368 12.005 -100.00 -100.00 -100.00
 288    12.706 57505.27697025 31.68  65.581487  63.936308 14.874 -100.00 -100.00 -100.00
 289    13.013 57515.19262496 33.44  65.564791  63.939603 18.426 -100.00 -100.00 -100.00
 289    12.942 57515.19262555 30.56  65.570255  63.938543  9.743 -100.00 -100.00 -100.00
 289    13.089 57515.19262614 30.62  65.575719  63.937482 11.043 -100.00 -100.00 -100.00
 289    13.350 57515.19262673 32.22  65.581182  63.936422 13.213 -100.00 -100.00 -100.00
 290    13.622 57525.10827899 46.39  65.562930  63.938789   -100 -100.00 -100.00 -100.00
 290    13.263 57525.10827958 35.58  65.568394  63.937729   -100 -100.00 -100.00 -100.00
 290    13.299 57525.10828017 34.98  65.573857  63.936669 32.352 -100.00 -100.00 -100.00
 290    13.386 57525.10828076 37.67  65.579320  63.935609   -100 -100.00 -100.00 -100.00
 291    13.675 57535.02393097 51.15  65.562903  63.936433   -100 -100.00 -100.00 -100.00
 291    13.340 57535.02393156 43.43  65.568366  63.935373 11.956 -100.00 -100.00 -100.00
 291    13.367 57535.02393215 44.26  65.573829  63.934313 21.530 -100.00 -100.00 -100.00
 291    13.402 57535.02393274 48.63  65.579291  63.933252 19.767 -100.00 -100.00 -100.00
 292    13.713 57544.93958038 53.84  65.566601  63.933847  6.144 -100.00 -100.00 -100.00
 292    13.479 57544.93958097 57.90  65.572063  63.932787 29.626 -100.00 -100.00 -100.00
 292    13.541 57544.93958156 56.79  65.577525  63.931727 23.107 -100.00 -100.00 -100.00
 293    13.414 57554.85522657 37.05  65.563055  63.934750   -100 -100.00 -100.00 -100.00
 293    13.441 57554.85522716 32.33  65.568517  63.933690 22.905 -100.00 -100.00 -100.00
 293    13.406 57554.85522775 30.18  65.573979  63.932630 13.314 -100.00 -100.00 -100.00
 293    13.440 57554.85522834 29.11  65.579441  63.931569 11.506 -100.00 -100.00 -100.00
 294    13.382 57564.77087147 36.21  65.563309  63.936693   -100 -100.00 -100.00 -100.00
 294    13.390 57564.77087206 32.47  65.568772  63.935633 21.533 -100.00 -100.00 -100.00
 294    13.324 57564.77087265 28.35  65.574234  63.934573 10.449 -100.00 -100.00 -100.00
 294    13.325 57564.77087324 28.30  65.579696  63.933513 10.162 -100.00 -100.00 -100.00
 295    13.293 57574.68651590 29.59  65.565255  63.938063 13.268 -100.00 -100.00 -100.00
 295    13.224 57574.68651649 29.34  65.570718  63.937003 10.947 -100.00 -100.00 -100.00
 295    13.089 57574.68651708 30.62  65.576181  63.935943 14.458 -100.00 -100.00 -100.00
 296    13.085 57584.60215983 27.35  65.566316  63.938069  8.638 -100.00 -100.00 -100.00
 296    13.106 57584.60216042 28.41  65.571779  63.937008  9.875 -100.00 -100.00 -100.00
 296    13.048 57584.60216101 29.47  65.577242  63.935948 12.756 -100.00 -100.00 -100.00
 297    12.775 57594.51780173 33.07  65.566444  63.937238 29.786 -100.00 -100.00 -100.00
 297    12.773 57594.51780232 28.78  65.571908  63.936178 14.807 -100.00 -100.00 -100.00
 297    12.778 57594.51780291 28.39  65.577371  63.935117 12.167 -100.00 -100.00 -100.00
