-129760.143   278.414     0.00   34.54
-129473.973   284.068    19.76   43.04
-129187.800   300.057    55.87   56.53
-128901.624   324.775    86.37   80.45
-128615.445   357.558   114.55   95.43
-128329.263   396.129   134.78   91.90
-128043.077   429.241   115.70   73.07
-127756.889   453.922    86.24   58.75
-127470.697   462.220    28.99   60.82
-127184.503   461.234    -3.44   71.44
-126898.305   458.288   -10.29   81.96
-126612.104   460.306     7.05   84.15
-126325.900   467.156    23.93   80.63
-126039.693   481.142    48.87   67.51
-125753.483   487.468    22.10   55.46
-125467.270   486.529    -3.28   43.72
-125181.054   483.872    -9.28   41.84
-124894.834   477.893   -20.89   49.66
-124608.612   467.778   -35.34   64.22
-124322.386   456.570   -39.16   76.88
-124036.158   442.871   -47.86   84.10
-123749.926   434.411   -29.56   87.12
-123463.691   421.536   -44.98   78.42
-123177.453   411.445   -35.26   70.89
-122891.212   410.049    -4.87   74.16
-122604.968   422.100    42.10   91.82
-122318.721   446.666    85.82  107.64
-122032.470   469.448    79.58  111.68
-121746.217   488.053    64.99   99.60
-121459.960   501.588    47.28   79.33
-121173.701   502.543     3.34   65.24
-120887.438   488.522   -48.98   67.46
-120601.172   464.740   -83.07   74.28
-120314.903   436.649   -98.13   74.10
-120028.631   402.802  -118.23   71.66
-119742.356   366.246  -127.69   70.25
-119456.078   333.570  -114.14   65.76
-119169.797   312.351   -74.12   59.89
-118883.512   305.611   -23.54   59.25
-118597.225   300.607   -17.48   60.55
-118310.934   298.813    -6.27   63.63
-118024.640   301.240     8.48   67.57
-117738.343   305.030    13.24   69.64
-117452.044   311.420    22.32   70.22
-117165.741   309.798    -5.67   70.11
-116879.434   293.087   -58.36   78.01
-116593.125   269.303   -83.07   84.92
-116306.813   243.702   -89.42   83.47
-116020.497   222.534   -73.93   78.52
-115734.179   199.416   -80.74   61.26
-115447.857   179.450   -69.73   35.31
-115161.533   169.519   -34.68   24.43
-114875.205   164.136   -18.80   21.98
-114588.874   160.150   -13.92   19.22
-114302.540   154.988   -18.03   17.97
-114016.203   146.906   -28.23   15.68
-113729.862   140.049   -23.94   12.97
-113443.519   134.127   -20.68   10.08
-113157.173   129.995   -14.43    7.77
-112870.823   126.759   -11.30    6.01
-112584.471   125.469    -4.50    4.99
-112298.115   124.354    -3.90    4.81
-112011.756   122.927    -4.98    5.83
-111725.394   121.541    -4.84    5.39
-111439.029   120.286    -4.38    5.14
-111152.661   119.738    -1.91    5.16
-110866.290   119.674    -0.23    5.03
-110579.915   119.677     0.01    5.40
-110293.538   120.905     4.29    5.73
-110007.157   122.660     6.13    5.95
-109720.774   123.951     4.51    5.75
-109434.387   125.091     3.98    5.96
-109147.997   126.099     3.52    8.03
-108861.604   126.369     0.94   12.02
-108575.208   126.591     0.78   16.82
-108288.809   125.434    -4.04   22.37
-108002.407   122.204   -11.28   27.56
-107716.001   116.108   -21.28   32.30
-107429.593   108.885   -25.22   33.53
-107143.181   101.327   -26.39   31.71
-106856.766    93.226   -28.28   26.79
-106570.349    87.808   -18.92   20.50
-106283.928    86.418    -4.85   20.15
-105997.504    89.513    10.80   24.90
-105711.077    95.309    20.24   30.33
-105424.646   100.922    19.60   34.78
-105138.213   104.798    13.53   36.03
-104851.777   104.487    -1.08   33.83
-104565.337   102.078    -8.41   31.37
-104278.894    97.915   -14.54   28.94
-103992.449    91.841   -21.20   25.37
-103706.000    84.920   -24.16   20.96
-103419.548    77.792   -24.88   17.53
-103133.093    71.608   -21.59   13.66
-102846.635    68.485   -10.90   11.22
-102560.173    68.297    -0.66   12.74
-102273.709    69.411     3.89   18.68
-101987.241    68.473    -3.28   19.53
-101700.771    67.325    -4.01   20.05
-101414.297    62.545   -16.69   20.81
-101127.820    57.107   -18.98   16.95
-100841.340    53.384   -13.00   13.00
-100554.857    54.364     3.42   14.88
-100268.371    58.332    13.85   21.92
 -99981.882    65.247    24.14   28.05
 -99695.390    73.884    30.15   30.56
 -99408.894    85.503    40.56   30.96
 -99122.396    97.740    42.71   28.19
 -98835.894   109.129    39.75   27.34
 -98549.389   119.122    34.88   31.26
 -98262.881   127.959    30.84   36.57
 -97976.370   137.506    33.32   40.44
 -97689.856   140.839    11.63   41.74
 -97403.339   135.107   -20.01   45.92
 -97116.819   125.422   -33.80   51.50
 -96830.295   111.351   -49.11   54.26
 -96543.769    94.825   -57.67   51.33
 -96257.239    77.554   -60.28   41.48
 -95970.706    63.027   -50.70   27.45
 -95684.170    53.825   -32.11   15.99
 -95397.631    48.220   -19.56   10.72
 -95111.089    44.127   -14.28    9.15
 -94824.544    41.091   -10.60    8.48
 -94537.996    39.066    -7.07    7.27
 -94251.444    37.889    -4.11    6.24
 -93964.890    38.054     0.57    6.69
 -93678.332    39.299     4.35    8.17
 -93391.771    41.198     6.63    9.51
 -93105.208    43.870     9.32   10.80
 -92818.641    47.546    12.83   10.65
 -92532.071    50.929    11.80   10.35
 -92245.497    52.747     6.35   10.32
 -91958.921    53.455     2.47   10.42
 -91672.342    52.763    -2.41    9.79
 -91385.759    51.191    -5.49    9.36
 -91099.173    48.338    -9.95    8.88
 -90812.585    44.964   -11.77    7.72
 -90525.993    42.156    -9.80    6.39
 -90239.398    40.001    -7.52    5.17
 -89952.800    38.390    -5.62    4.24
 -89666.199    37.246    -3.99    3.75
 -89379.594    36.142    -3.85    3.61
 -89092.987    34.712    -4.99    3.51
 -88806.376    33.760    -3.32    3.59
 -88519.763    32.841    -3.21    3.35
 -88233.146    32.247    -2.07    3.01
 -87946.526    32.156    -0.32    3.02
 -87659.903    32.496     1.19    3.46
 -87373.277    33.226     2.54    3.80
 -87086.648    34.267     3.63    4.13
 -86800.015    35.434     4.07    4.35
 -86513.380    36.607     4.09    3.67
 -86226.741    37.571     3.36    2.77
 -85940.100    38.142     1.99    2.84
 -85653.455    38.787     2.25    2.98
 -85366.807    39.603     2.85    2.96
 -85080.156    40.114     1.78    2.96
 -84793.502    41.068     3.33    3.33
 -84506.844    42.006     3.27    3.59
 -84220.184    43.629     5.66    4.27
 -83933.521    45.015     4.84    4.65
 -83646.854    46.278     4.41    4.53
 -83360.184    47.163     3.09    4.09
 -83073.511    47.652     1.71    4.09
 -82786.836    48.244     2.07    3.90
 -82500.156    48.673     1.50    3.72
 -82213.474    48.476    -0.69    3.71
 -81926.789    47.825    -2.27    3.83
 -81640.101    47.601    -0.78    4.00
 -81353.409    47.638     0.13    4.09
 -81066.714    47.522    -0.40    4.15
 -80780.017    47.551     0.10    4.17
 -80493.316    47.920     1.29    3.92
 -80206.612    47.898    -0.08    3.90
 -79919.905    47.601    -1.03    3.62
 -79633.194    46.944    -2.29    3.69
 -79346.481    46.604    -1.19    3.65
 -79059.765    45.865    -2.58    4.34
 -78773.045    44.691    -4.09    4.83
 -78486.322    44.021    -2.34    4.88
 -78199.597    43.427    -2.07    5.18
 -77912.868    43.142    -0.99    5.11
 -77626.136    43.336     0.67    5.10
 -77339.400    43.121    -0.75    4.86
 -77052.662    43.129     0.03    4.62
 -76765.921    43.750     2.17    4.68
 -76479.176    44.473     2.52    4.87
 -76192.429    45.522     3.66    4.92
 -75905.678    46.545     3.57    4.88
 -75618.924    47.280     2.56    5.09
 -75332.167    47.677     1.39    4.92
 -75045.407    47.934     0.90    4.68
 -74758.644    48.698     2.66    4.68
 -74471.877    49.776     3.76    4.96
 -74185.108    51.391     5.63    5.55
 -73898.335    53.853     8.58    6.18
 -73611.560    56.409     8.91    6.74
 -73324.781    59.059     9.24    6.92
 -73038.159    61.848     9.73    6.64
 -72751.968    64.320     8.64    5.74
 -72465.774    66.563     7.84    4.40
 -72179.578    68.590     7.08    4.77
 -71893.380    71.034     8.54    6.32
 -71607.179    74.341    11.56    8.13
 -71320.976    78.420    14.25    9.90
 -71034.771    82.630    14.71   10.30
 -70748.563    86.573    13.77    8.84
 -70462.353    89.780    11.20    6.37
 -70176.141    92.061     7.97    4.65
 -69889.926    92.280     0.76    5.45
 -69603.708    90.292    -6.94    7.15
 -69317.489    87.374   -10.20    8.38
 -69031.267    84.262   -10.87    8.78
 -68745.042    81.537    -9.52    8.45
 -68458.816    78.943    -9.06    7.54
 -68172.586    76.851    -7.31    6.15
 -67886.355    75.163    -5.90    3.78
 -67600.121    74.177    -3.44    0.08
 -67313.885    74.170    -0.02    0.00
 -67027.646    74.170     0.00    0.00
 -66741.405    74.273     0.36    0.70
 -66455.162    74.467     0.68    1.34
 -66168.916    74.719     0.88    1.85
 -65882.668    75.773     3.68    3.26
 -65596.417    77.156     4.83    4.20
 -65310.164    78.339     4.13    4.35
 -65023.909    79.778     5.03    4.35
 -64737.651    81.276     5.23    3.91
 -64451.391    82.885     5.62    3.39
 -64165.129    84.357     5.14    3.53
 -63878.864    85.985     5.69    5.20
 -63592.597    89.128    10.98    7.03
 -63306.327    93.184    14.17    8.62
 -63020.055    97.395    14.71   10.22
 -62733.781   102.578    18.11   11.18
 -62447.504   107.849    18.41   11.27
 -62161.225   113.691    20.41   11.22
 -61874.944   119.283    19.53   10.12
 -61588.660   124.163    17.04    9.18
 -61302.374   128.577    15.42    8.18
 -61016.085   132.333    13.12    7.59
 -60729.794   136.163    13.38    7.00
 -60443.501   139.524    11.74    6.42
 -60157.205   142.218     9.41    6.36
 -59870.907   144.777     8.94    6.03
 -59584.606   146.573     6.27    5.23
 -59298.303   147.784     4.23    4.41
 -59011.998   148.206     1.47    4.03
 -58725.691   147.811    -1.38    4.10
 -58439.381   146.896    -3.20    4.15
 -58153.068   145.585    -4.58    4.55
 -57866.753   144.417    -4.08    5.16
 -57580.436   142.980    -5.02    5.49
 -57294.117   140.818    -7.55    5.71
 -57007.795   139.177    -5.73    5.80
 -56721.471   137.659    -5.30    6.18
 -56435.144   136.631    -3.59    6.68
 -56148.815   135.726    -3.16    7.24
 -55862.483   134.603    -3.92    7.53
 -55576.150   132.869    -6.05    7.48
 -55289.813   131.011    -6.49    6.86
 -55003.475   129.880    -3.95    6.18
 -54717.134   129.260    -2.17    5.18
 -54430.791   128.040    -4.26    4.78
 -54144.445   126.482    -5.44    4.85
 -53858.097   124.513    -6.88    5.11
 -53571.746   121.506   -10.50    5.63
 -53285.393   118.762    -9.58    5.50
 -52999.038   116.297    -8.61    5.53
 -52712.681   113.546    -9.61    6.32
 -52426.321   109.939   -12.59    7.60
 -52139.958   105.969   -13.87    9.35
 -51853.593   100.615   -18.69   11.49
 -51567.226    95.420   -18.14   12.70
 -51280.857    90.087   -18.62   12.07
 -50994.485    84.611   -19.12   10.70
 -50708.111    79.784   -16.85   10.04
 -50421.734    75.560   -14.75    9.51
 -50135.355    72.489   -10.72    9.17
 -49848.973    70.091    -8.37    8.95
 -49562.590    68.496    -5.57    8.62
 -49276.203    66.588    -6.66    8.85
 -48989.815    63.735    -9.96    8.94
 -48703.424    61.451    -7.97    9.23
 -48417.031    59.116    -8.15    9.72
 -48130.635    55.951   -11.05    9.37
 -47844.237    53.461    -8.69    9.14
 -47557.836    51.026    -8.50    9.41
 -47271.433    47.837   -11.14    9.82
 -46985.028    44.957   -10.05    9.88
 -46698.621    42.808    -7.50    9.83
 -46412.211    40.492    -8.09    9.51
 -46125.798    37.795    -9.42    9.78
 -45839.383    35.108    -9.38   10.19
 -45552.966    31.774   -11.64   10.19
 -45266.547    28.508   -11.40    9.90
 -44980.125    24.418   -14.28    9.28
 -44693.700    20.331   -14.27    9.14
 -44407.274    17.283   -10.64    8.69
 -44120.845    16.010    -4.44    8.16
 -43834.413    14.778    -4.30    7.70
 -43547.979    13.625    -4.03    7.59
 -43261.543    12.828    -2.78    7.60
 -42975.104    12.351    -1.67    8.00
 -42688.663    12.839     1.71    7.74
 -42402.220    12.046    -2.77    7.30
 -42115.774    11.281    -2.67    6.99
 -41829.326    11.128    -0.54    7.11
 -41542.876    10.099    -3.59    7.16
 -41256.423     9.198    -3.14    7.33
 -40969.967     8.184    -3.54    7.41
 -40683.510     6.534    -5.76    6.92
 -40397.050     5.832    -2.45    6.78
 -40110.587     5.095    -2.57    6.01
 -39824.122     5.272     0.62    5.78
 -39537.655     6.558     4.49    6.74
 -39251.186     8.839     7.96    8.89
 -38964.714    11.649     9.81    9.75
 -38678.239    14.681    10.58    9.93
 -38391.762    16.891     7.72    8.76
 -38105.283    18.298     4.91    7.44
 -37818.802    18.820     1.82    6.86
 -37532.318    17.388    -5.00    7.51
 -37245.831    16.462    -3.23    8.40
 -36959.343    16.204    -0.90    9.02
 -36672.852    15.367    -2.92    9.93
 -36386.358    14.315    -3.67   10.87
 -36099.862    13.469    -2.95   11.71
 -35813.364    12.762    -2.47   12.25
 -35526.864    12.543    -0.76   12.45
 -35240.361    11.740    -2.80   12.07
 -34953.855    10.767    -3.40   11.31
 -34667.347    10.184    -2.04   10.44
 -34380.837     9.899    -0.99    9.59
 -34094.325     9.999     0.35    8.99
 -33807.810     8.811    -4.14    8.30
 -33521.292     7.639    -4.09    7.94
 -33234.773     7.059    -2.02    7.67
 -32948.251     7.037    -0.08    8.05
 -32661.726     6.360    -2.36    7.93
 -32375.199     5.459    -3.15    7.54
 -32088.670     4.827    -2.20    7.16
 -31802.138     4.313    -1.79    6.70
 -31515.604     3.149    -4.06    5.81
 -31229.068     1.708    -5.03    4.31
 -30942.529     0.435    -4.44    2.95
 -30655.988    -0.001    -1.52    2.24
 -30369.444     0.129     0.46    2.42
 -30082.898     0.663     1.86    2.96
 -29796.350     1.364     2.45    3.48
 -29509.799     1.796     1.51    3.65
 -29223.246     2.567     2.69    4.22
 -28936.691     3.546     3.42    5.09
 -28650.133     4.841     4.52    6.54
 -28363.573     6.855     7.03    8.47
 -28077.010     9.364     8.76    9.03
 -27790.445    12.008     9.22    8.72
 -27503.877    14.191     7.62    7.59
 -27217.308    14.413     0.78    7.12
 -26930.735    12.503    -6.66    7.37
 -26644.161    10.390    -7.37    6.96
 -26357.584     8.673    -5.99    6.40
 -26071.004     8.121    -1.93    6.25
 -25784.423     7.402    -2.51    5.64
 -25497.838     6.867    -1.87    5.20
 -25211.252     7.818     3.32    6.06
 -24924.663     9.337     5.30    7.36
 -24638.072    10.929     5.55    8.28
 -24351.478    11.791     3.01    8.26
 -24064.882    12.371     2.03    7.97
 -23778.283    12.895     1.83    7.60
 -23491.682    14.319     4.97    7.07
 -23205.079    16.220     6.63    7.52
 -22918.473    17.447     4.28    7.39
 -22631.865    17.620     0.61    6.86
 -22345.255    17.742     0.43    6.97
 -22058.642    17.711    -0.11    7.18
 -21772.027    17.830     0.41    7.47
 -21485.409    17.150    -2.37    7.77
 -21198.789    16.041    -3.87    7.11
 -20912.167    15.785    -0.89    7.38
 -20625.542    15.522    -0.92    7.77
 -20338.915    16.156     2.21    7.96
 -20052.285    15.142    -3.54    8.53
 -19765.653    12.163   -10.39    8.22
 -19479.019    10.978    -4.13    8.68
 -19192.382    11.324     1.20    9.15
 -18905.743    12.351     3.58    9.36
 -18619.102    14.150     6.28   10.32
 -18332.458    14.281     0.46   10.32
 -18045.812    14.540     0.90   10.27
 -17759.163    16.418     6.55    9.57
 -17472.512    18.079     5.79    9.22
 -17185.858    16.302    -6.20    9.81
 -16899.202    13.268   -10.58    9.29
 -16612.544    12.459    -2.82    8.42
 -16325.884    13.670     4.23    8.44
 -16039.221    14.135     1.62    8.71
 -15752.555    14.253     0.41    9.53
 -15465.887    14.660     1.42   10.65
 -15179.217    15.932     4.44   10.05
 -14892.545    15.885    -0.16    9.88
 -14605.870    14.114    -6.18   10.72
 -14319.192    12.724    -4.85   11.03
 -14032.512    13.085     1.26   11.51
 -13745.830    13.616     1.85   11.46
 -13459.146    14.941     4.62   11.98
 -13172.459    15.807     3.02   11.76
 -12885.769    16.556     2.61   11.26
 -12599.078    17.326     2.69   10.50
 -12312.384    17.857     1.85   10.02
 -12025.687    19.101     4.34    9.94
 -11738.988    17.550    -5.41    9.71
 -11452.287    15.270    -7.95   10.40
 -11165.742    14.571    -2.44   11.89
 -10879.473    12.849    -6.02   12.69
 -10593.202    10.050    -9.77   12.94
 -10306.929     7.360    -9.40   12.73
 -10020.654     4.596    -9.66   11.67
  -9734.378     1.867    -9.53    8.12
  -9448.100    -0.223    -7.30    2.71
  -9161.821    -0.796    -2.00    0.25
  -8875.540    -0.830    -0.12    0.00
  -8589.257    -0.755     0.26    0.55
  -8302.973     0.317     3.74    3.53
  -8016.686     2.101     6.23    5.74
  -7730.399     2.708     2.12    5.75
  -7444.109     2.792     0.29    5.72
  -7157.818     2.865     0.25    5.74
  -6871.525     3.297     1.51    5.69
  -6585.231     4.227     3.25    6.17
  -6298.935     4.305     0.27    5.65
  -6012.637     4.458     0.53    4.90
  -5726.338     5.255     2.78    4.53
  -5440.037     5.559     1.06    4.06
  -5153.734     5.088    -1.64    3.87
  -4867.430     3.877    -4.23    3.52
  -4581.124     2.769    -3.87    2.78
  -4294.816     2.149    -2.16    2.45
  -4008.507     1.816    -1.16    2.22
  -3722.196     1.639    -0.62    1.96
  -3435.883     1.559    -0.28    1.98
  -3149.568     1.684     0.44    2.30
  -2863.252     2.213     1.85    3.11
  -2576.935     2.980     2.68    4.18
  -2290.615     4.205     4.28    5.74
  -2004.294     5.624     4.95    6.99
  -1717.972     6.839     4.24    7.47
  -1431.648     7.156     1.11    7.44
  -1145.322     6.726    -1.50    7.65
   -858.994     6.010    -2.50    7.77
   -572.665     5.129    -3.08    7.61
   -286.334     3.963    -4.07    6.77
     -0.001     2.384    -5.52    4.96
    286.333     1.404    -3.42    3.80
    572.669     1.121    -0.99    3.66
    859.007     0.760    -1.26    3.21
   1145.346     0.373    -1.35    2.41
   1431.687     0.906     1.86    3.00
   1718.030     1.983     3.76    3.98
   2004.374     3.283     4.54    4.43
   2290.720     4.510     4.28    4.30
   2577.067     5.441     3.25    3.81
   2863.416     5.834     1.37    3.44
   3149.767     5.212    -2.17    3.28
   3436.120     4.340    -3.04    2.60
   3722.474     3.816    -1.83    2.31
   4008.830     3.463    -1.24    2.23
   4295.188     3.197    -0.93    2.39
   4581.547     2.939    -0.90    2.63
   4867.908     2.660    -0.97    2.68
   5154.270     2.323    -1.18    2.56
   5440.634     2.002    -1.12    2.37
   5727.000     2.312     1.08    2.75
   6013.368     3.191     3.07    3.09
   6299.737     4.317     3.93    3.08
   6586.108     5.323     3.51    2.79
   6872.480     6.303     3.42    2.24
   7158.854     6.750     1.56    1.94
   7445.230     7.001     0.87    1.88
   7731.608     7.212     0.74    1.91
   8017.987     7.425     0.75    2.00
   8304.368     7.599     0.61    2.03
   8590.750     7.531    -0.24    2.20
   8877.134     7.830     1.05    2.37
   9163.520     8.129     1.05    2.69
   9449.908     8.190     0.21    3.03
   9736.297     8.094    -0.34    3.21
  10022.688     8.227     0.46    3.30
  10309.080     7.963    -0.92    3.70
  10595.474     7.091    -3.04    4.34
  10881.870     5.929    -4.06    4.86
  11168.267     4.940    -3.45    5.19
  11454.666     4.049    -3.11    6.15
  11741.067     4.750     2.45   10.15
  12027.470     5.855     3.86   12.60
  12313.874     6.941     3.79   14.46
  12600.279     8.102     4.05   16.13
  12886.687     8.966     3.02   17.34
  13173.096    10.218     4.37   18.26
  13459.507    11.316     3.83   18.40
  13745.919    11.901     2.04   18.33
  14032.333    11.753    -0.52   17.81
  14318.749     9.577    -7.60   16.02
  14605.166     7.366    -7.72   14.06
  14891.585     5.014    -8.21   11.64
  15178.006     2.677    -8.16    8.96
  15464.429     0.409    -7.92    4.51
  15750.853     0.057    -1.23    3.68
  16037.278    -0.055    -0.39    3.01
  16323.706     0.093     0.52    2.50
  16610.135     0.540     1.56    2.42
  16896.565     0.911     1.30    2.37
  17182.998     1.211     1.05    2.26
  17469.432     1.517     1.07    2.17
  17755.868     1.728     0.74    2.17
  18042.305     1.362    -1.28    2.28
  18328.744     0.725    -2.22    2.03
  18615.185     0.191    -1.86    1.73
  18901.627    -0.118    -1.08    1.63
  19188.071    -0.241    -0.43    1.57
  19474.517    -0.180     0.21    1.64
  19760.964    -0.091     0.31    1.75
  20047.413    -0.071     0.07    1.78
  20333.864    -0.055     0.06    1.79
  20620.316    -0.129    -0.26    1.81
  20906.770    -0.293    -0.57    1.76
  21193.226    -0.351    -0.20    1.66
  21479.683    -0.371    -0.07    1.69
  21766.142    -0.494    -0.43    1.88
  22052.603    -0.566    -0.25    2.27
  22339.065    -0.844    -0.97    2.44
  22625.529    -1.212    -1.29    2.39
  22911.995    -1.703    -1.72    2.13
  23198.462    -1.887    -0.64    2.00
  23484.931    -1.753     0.47    2.13
  23771.402    -1.444     1.08    2.32
  24057.874    -0.873     2.00    2.54
  24344.348    -0.298     2.01    2.65
  24630.824     0.248     1.90    2.66
  24917.301     0.752     1.76    2.73
  25203.780     1.115     1.27    2.72
  25490.261     1.558     1.54    2.84
  25776.743     2.095     1.88    3.16
  26063.227     2.519     1.48    3.59
  26349.712     2.911     1.37    3.92
  26636.200     3.012     0.35    4.00
  26922.689     2.764    -0.87    4.12
  27209.179     2.282    -1.68    3.99
  27495.672     1.893    -1.36    3.60
  27782.166     1.212    -2.38    3.24
  28068.661     0.607    -2.11    2.92
  28355.158     0.496    -0.39    2.77
  28641.657     0.471    -0.09    2.75
  28928.158     0.491     0.07    2.69
  29214.660     0.556     0.23    2.60
  29501.164     0.410    -0.51    2.44
  29787.670     0.601     0.67    2.21
  30074.177     0.314    -1.00    2.03
  30360.686    -0.136    -1.57    1.95
  30647.197    -0.539    -1.41    1.81
  30933.709    -0.823    -0.99    1.49
  31220.223    -1.059    -0.82    1.10
  31506.739    -1.145    -0.30    0.97
  31793.256    -1.003     0.50    1.17
  32079.775    -0.787     0.75    1.35
  32366.295    -0.673     0.40    1.37
  32652.818    -0.673     0.00    1.34
  32939.342    -0.549     0.43    1.51
  33225.867    -0.199     1.22    2.02
  33512.394     0.260     1.60    2.55
  33798.923     0.873     2.14    3.03
  34085.454     1.122     0.87    3.01
  34371.986     1.299     0.62    2.86
  34658.520     1.299     0.00    2.45
  34945.056     1.211    -0.31    2.12
  35231.593     1.307     0.33    2.31
  35518.132     1.418     0.39    2.87
  35804.673     1.443     0.09    3.37
  36091.215     1.541     0.34    3.92
  36377.759     1.520    -0.07    4.21
  36664.304     1.614     0.33    4.41
  36950.852     1.844     0.80    4.47
  37237.401     2.381     1.88    4.45
  37523.951     3.445     3.71    4.44
  37810.503     4.694     4.36    4.82
  38097.057     5.501     2.81    5.43
  38383.613     6.394     3.12    6.93
  38670.170     6.932     1.88    8.21
  38956.729     7.403     1.64    9.03
  39243.290     7.721     1.11    9.97
  39529.852     7.804     0.29   10.47
  39816.416     7.406    -1.39   10.27
  40102.982     7.246    -0.56    9.54
  40389.549     7.241    -0.02    8.43
  40676.118     7.893     2.28    7.75
  40962.688     9.361     5.12    7.90
  41249.261    11.454     7.30    8.43
  41535.834    13.733     7.96    9.00
  41822.410    16.092     8.23    9.07
  42108.987    17.743     5.76    8.86
  42395.566    17.998     0.89    8.61
  42682.147    17.211    -2.74    8.36
  42968.729    15.967    -4.34    7.71
  43255.313    15.197    -2.69    7.21
  43541.899    15.191    -0.02    6.92
  43828.486    15.825     2.21    7.45
  44115.075    17.170     4.69    8.49
  44401.665    18.897     6.03    9.04
  44688.258    20.461     5.46    8.91
  44974.852    20.550     0.31    8.74
  45261.447    19.872    -2.37    8.99
  45548.045    18.752    -3.91    9.66
  45834.643    17.630    -3.91   10.08
  46121.244    16.491    -3.97   10.69
  46407.846    16.046    -1.55   11.50
  46694.450    15.954    -0.32   12.10
  46981.056    16.608     2.28   11.98
  47267.663    18.007     4.88   11.31
  47554.272    19.503     5.22    9.61
  47840.883    20.156     2.28    7.52
  48127.495    19.998    -0.55    5.35
  48414.109    19.566    -1.51    4.36
  48700.725    19.855     1.01    4.55
  48987.342    20.865     3.52    5.50
  49273.961    22.366     5.24    6.38
  49560.581    24.489     7.41    7.01
  49847.204    26.781     8.00    6.71
  50133.828    28.939     7.53    5.09
  50420.453    30.291     4.71    3.47
  50706.947    30.638     1.21    3.17
  50993.293    30.718     0.28    3.22
  51279.640    30.526    -0.67    3.41
  51565.989    30.145    -1.33    3.38
