# NaN NaN NaN ;Mean Elev.(m), Avg Gradient(m/km), RMS Gradient(m/km) - SRTM1     
#   10.104   0.339   4.702 ;Mean Elev.(m), Avg Gradient(m/km), RMS Gradient(m/km) - ASTER GDEM
#   26.049  -0.236   1.421 ;Mean Elev.(m), Avg Gradient(m/km), RMS Gradient(m/km) - GMTED2010 
   1  68.258057  61.178809    23.191    23.126  6 54665.25902145 22.898
   2  68.256729  61.180140    21.654    21.415  6 54675.17466619 22.987
   3  68.253517  61.181142   -29.116   -29.213  5 54685.09030924  7.328
   4  68.254066  61.181832    20.605    20.738  6 54695.00595106 22.858
   5  68.255772  61.180324   -21.073   -21.050  5 54704.92159019  7.684
   6  68.259554  61.179237    20.396    19.750  6 54714.83724186 19.284
   7  68.262359  61.178328    -6.577    -6.478  5 54724.75289226 16.495
   8  68.260593  61.178425    17.824    17.628  5 54734.66854034 22.671
   9  68.257435  61.180234    18.161    18.025  5 54744.58418742 29.329
  10  68.254063  61.181229    19.191    18.266  6 54754.49983402 28.713
  11  68.255237  61.180960    20.680    19.089  5 54764.41547993 25.929
  12  68.259353  61.179319    19.100    18.751  6 54774.33112319 21.882
  13  68.263513  61.178235    17.422    17.450  6 54784.24676388 36.851
  14  68.262305  61.177779    17.839    17.781  5 54794.16240219 41.506
  15  68.259597  61.178680    19.068    19.135  6 54804.07803956 45.921
  16  68.259457  61.179833    19.784    19.783  6 54813.99367675 31.898
  17  68.257125  61.179420    19.505    19.517  6 54823.90932090 25.885
  18  68.258173  61.179613    19.151    19.083  6 54833.82496094 23.788
  19  68.256774  61.180084    18.781    18.812  5 54843.74061078 19.783
  20  68.254199  61.181374    19.427    19.843  6 54853.65625970 18.569
  21  68.250327  61.182675    21.035    20.881  6 54863.57190831 17.254
  22  68.249324  61.183347    21.667    21.671  6 54873.48755697 15.772
  23  68.250398  61.182207    21.391    21.376  6 54883.40320325 14.957
  24  68.255147  61.180547    21.163    21.052  6 54893.31884641 14.289
  25  68.259445  61.179521    19.126    20.136  5 54903.23448683 13.216
  26  68.258393  61.179144    20.962    20.951  6 54913.15012548 14.563
  27  68.256183  61.180002    25.366    25.405  6 54923.06576332 21.808
  28  68.255775  61.180645    18.357    17.104  6 54932.98140049 26.449
  29  68.258109  61.179599    19.421    17.896  5 54942.89703586 33.077
  30  68.262219  61.177343    20.899    20.948  6 54952.81266936 35.033
  31  68.264877  61.176313    23.172    23.089  6 54962.72831286 32.618
  32  68.262812  61.176838    23.187    23.110  6 54972.64396131 35.310
  33  68.260672  61.178793    24.381    23.271  5 54982.55960905 23.166
  34  68.256485  61.179841    71.254    71.411  5 54992.47525622  5.658
  35  68.255273  61.180397    23.250    23.234  5 55002.39090283 22.104
  36  68.256448  61.180796    23.348    23.607  6 55012.30654774 20.241
  37  68.256133  61.180325    23.493    23.520  5 55022.22219096 22.551
  38  68.255826  61.181065    23.443    23.755  6 55032.13783338 21.758
  39  68.255070  61.181950    23.103    23.178  6 55042.05347504 20.188
  40  68.253956  61.181337    24.962    25.303  5 55051.96911492 23.988
  41  68.256907  61.180043    23.964    24.060  6 55061.88475292 22.076
  42  68.260464  61.178670    19.359    19.430  5 55071.80039610 47.753
  43  68.263265  61.178364    19.017    19.003  6 55081.71604495 52.213
  44  68.261863  61.178745    18.544    18.436  6 55091.63169192 46.469
  45  68.256598  61.179204    24.488    24.454  6 55101.54733811 24.057
  46  68.255886  61.180788    24.422    24.402  6 55111.46298447 23.760
  47  68.255317  61.180024    24.804    25.073  6 55121.37862847 23.846
  48  68.260279  61.179299    17.968    17.847  5 55131.29427013 49.358
  49  68.263322  61.178239    17.385    17.374  6 55141.20990953 46.101
  50  68.262136  61.178021    18.305    18.295  6 55151.12554783 37.981
  51  68.260314  61.178985    18.643    18.675  6 55161.04118624 38.427
  52  68.258894  61.179785    18.866    18.886  6 55170.95682423 30.924
  53  68.259724  61.179977    18.781    18.729  6 55180.87246089 31.055
  54  68.257735  61.179702    18.269    18.264  5 55190.78810919 25.969
  55  68.256155  61.180523    19.265    19.819  6 55200.70375940 18.266
  56  68.253771  61.181273    20.984    20.965  5 55210.61940894 13.851
  57  68.252364  61.181872    21.257    21.254  5 55220.53505811 12.843
  58  68.252484  61.181515    21.043    21.153  6 55230.45070630 13.305
  59  68.254840  61.180713    21.101    21.203  6 55240.36635141 12.537
  60  68.257143  61.179619    21.766    21.509  5 55250.28199287 11.807
  61  68.258332  61.179095    21.008    20.902  6 55260.19763193 11.461
  62  68.259117  61.179439    20.889    20.697  5 55270.11327017 12.223
  63  68.257112  61.179182    21.568    21.698  6 55280.02890795 10.874
  64  68.257865  61.178997    24.352    24.513  6 55289.94454473 19.536
  65  68.260542  61.178244    24.898    25.074  6 55299.86017925 17.883
  66  68.263014  61.177950    21.464    21.566  5 55309.77582437 32.721
  67  68.263434  61.177897    20.927    20.836  6 55319.69147013 52.689
  68  68.262548  61.178695    21.653    21.679  6 55329.60711491 33.401
  69  68.259554  61.179623    25.135    25.413  6 55339.52275929 20.596
  70  68.257453  61.180241    23.323    23.241  6 55349.43840342 21.668
  71  68.255671  61.180073    23.631    23.475  6 55359.35404548 24.825
  72  68.257332  61.180688    23.428    23.342  6 55369.26968575 25.919
  73  68.255741  61.180262    24.015    24.023  6 55379.18532408 24.755
  74  68.254835  61.180115    23.941    23.947  6 55389.10096172 32.846
  75  68.256844  61.180045    23.603    23.542  6 55399.01659861 24.520
  76  68.257933  61.179069    23.617    23.647  6 55408.93224449 39.247
  77  68.259405  61.178215    22.643    22.682  6 55418.84789513 24.959
  78  68.262555  61.178504    20.719    20.584  6 55428.76354268 34.441
  79  68.260187  61.178490    19.731    19.689  5 55438.67918714 21.127
  80  68.259788  61.179821    20.532    19.667  6 55448.59483064 19.677
  81  68.258854  61.180127    23.325    23.227  6 55458.51047370 20.705
  82  68.259561  61.179731    23.964    23.864  6 55468.42611609 21.184
  83  68.261452  61.178566    25.378    25.138  5 55478.34175524 19.277
  84  68.263184  61.177591    22.397    23.542  5 55488.25739135 18.480
  85  68.264300  61.177396    19.121    18.995  5 55498.17302515 21.595
  86  68.261488  61.177776    20.775    20.740  6 55508.08866323 19.910
  87  68.259564  61.179338    18.298    18.117  5 55518.00431344 22.187
  88  68.256678  61.179677    17.490    17.497  6 55527.91996249 34.074
  89  68.256956  61.180272    17.988    17.966  6 55537.83560993 25.556
  90  68.256253  61.180583    18.140    18.147  6 55547.75125503 20.734
  91  68.254741  61.181282    18.011    17.981  5 55557.66689838 17.352
  92  68.251503  61.181263    18.744    17.875  6 55567.58254068 16.124
  93  68.254783  61.181605    17.625    17.586  6 55577.49818288 15.652
  94  68.256712  61.179579    19.271    20.112  6 55587.41382259 14.800
  95  68.262851  61.178170    17.948    17.367  5 55597.32945964 15.027
  96  68.262920  61.176407    20.778    20.834  6 55607.24509323 14.140
  97  68.264392  61.176942    19.967    20.101  5 55617.16072510 13.186
  98  68.261200  61.178146    20.300    20.349  6 55627.07636919 13.788
  99  68.261020  61.179355    20.401    20.376  6 55636.99202079 13.455
 100  68.260917  61.178766    20.059    19.888  6 55646.90767014 14.144
 101  68.262662  61.177868    24.569    25.120  6 55656.82331681 12.602
 102  68.263090  61.177494    17.323    17.302  6 55666.73895913 42.475
 103  68.260873  61.177833    20.788    20.922  6 55676.65459851 52.522
 104  68.259233  61.179075    22.491    22.539  6 55686.57023628 48.438
 105  68.258579  61.179736    24.124    22.873  5 55696.48587291 20.644
 106  68.259239  61.179082    23.034    23.055  6 55706.40150825 26.410
 107  68.260130  61.179307    23.248    23.263  5 55716.31715823 19.770
 108  68.257988  61.179464    25.266    25.307  5 55726.23280680 22.747
 109  68.256300  61.180640    23.084    22.655  6 55736.14845368 35.023
 110  68.252145  61.180818    22.765    22.877  6 55746.06409892 33.729
 111  68.253291  61.180838    21.953    22.130  6 55755.97974270 21.080
 112  68.258073  61.179590    19.965    19.972  6 55765.89538422 46.392
 113  68.262629  61.177630    19.356    19.195  6 55775.81102274 31.666
 114  68.265341  61.176736    19.171    19.147  6 55785.72665836 52.341
 115  68.263609  61.177077    20.432    20.743  6 55795.64229182 25.387
 116  68.260410  61.178078    19.094    18.992  6 55805.55793141 27.443
 117  68.260570  61.179474    19.326    19.262  6 55815.47358096 17.902
 118  68.261539  61.178346    22.562    23.010  6 55825.38922762 17.466
 119  68.264342  61.177098    24.739    23.606  5 55835.30486991 17.309
 120  68.265764  61.176517    23.241    23.323  5 55845.22050855 18.947
 121  68.264043  61.177163    19.876    19.972  5 55855.13614417 19.310
 122  68.261183  61.178804    17.679    17.534  6 55865.05178419 38.624
 123  68.256594  61.180125    17.375    17.385  5 55874.96743693 28.127
 124  68.255449  61.179844    17.762    17.749  6 55884.88308412 21.732
 125  68.257629  61.179506    18.518    17.812  5 55894.79872566 19.300
 126  68.259185  61.178700    18.926    19.729  5 55904.71436179 20.083
 127  68.258829  61.179360    17.914    17.813  6 55914.63000260 17.618
 128  68.254996  61.180532    18.283    17.492  5 55924.54565635 17.537
 129  68.255532  61.181381    19.415    19.933  6 55934.46130735 16.979
 130  68.257413  61.179928    19.927    20.155  6 55944.37695353 16.271
 131  68.261546  61.178181    19.951    19.947  6 55954.29259553 15.379
 132  68.263455  61.177271    20.153    20.216  5 55964.20823449 13.916
 133  68.262077  61.178005    19.965    20.036  6 55974.12387168 14.307
 134  68.260198  61.179252    20.419    20.462  5 55984.03950772 14.710
 135  68.259932  61.178882    20.752    20.808  6 55993.95514146 14.495
 136  68.260661  61.178258    20.356    20.454  5 56003.87079200 15.410
 137  68.262026  61.176985    22.892    23.194  6 56013.78644072 12.860
 138  68.264294  61.177696    23.549    23.277  6 56023.70208659 17.631
 139  68.259642  61.178497    23.999    23.959  5 56033.61772955 30.139
 140  68.255742  61.179927    20.660    20.599  6 56043.53337060 49.783
 141  68.254726  61.180801    25.030    24.891  5 56053.44900920 18.893
 142  68.258156  61.180682    22.239    21.258  6 56063.36464478 21.851
 143  68.259104  61.179372    21.383    21.463  6 56073.28028664 19.257
 144  68.258820  61.179716    21.370    21.365  6 56083.19593666 28.479
 145  68.256041  61.179924    20.934    20.344  6 56093.11158396 23.893
 146  68.254994  61.180647    19.495    19.452  6 56103.02722922 20.963
 147  68.255661  61.180250    18.683    18.578  6 56112.94286003 27.923
 148  68.258942  61.179038    18.377    18.529  6 56122.85849888 23.076
 149  68.264950  61.177729    18.024    18.148  6 56132.77413411 21.546
 150  68.264972  61.176363    17.369    16.905  6 56142.68977138 25.307
 151  68.261867  61.177445    17.677    17.050  5 56152.60542202 21.980
 152  68.259125  61.179203    16.380    16.351  5 56162.52107128 44.811
 153  68.257702  61.179922    24.822    24.795  6 56172.43671857 22.901
 154  68.258835  61.179119    24.792    24.834  5 56182.35236112 26.198
 155  68.261925  61.178107    16.116    16.149  6 56192.26800003 40.316
 156  68.263135  61.177487    24.480    24.971  5 56202.18363605 18.964
 157  68.262203  61.177952    17.172    17.261  6 56212.09927002 49.382
 158  68.259040  61.178267    24.900    24.946  6 56222.01490179 20.205
 159  68.255499  61.179816    17.163    16.922  6 56231.93055596 51.313
 160  68.255658  61.180598    16.920    16.925  5 56241.84620854 49.810
 161  68.257201  61.180725    17.401    17.390  6 56251.76185695 39.988
 162  68.257208  61.180052    17.234    17.230  5 56261.67750051 33.912
 163  68.257396  61.180084    19.329    19.540  5 56271.59314209 21.281
 164  68.258061  61.180319    17.510    17.595  6 56281.50878330 19.890
 165  68.257520  61.180598    18.097    18.913  6 56291.42443561 19.940
 166  68.257549  61.179555    17.522    16.690  6 56301.34008331 19.865
 167  68.259606  61.178645    18.973    19.356  6 56311.25572700 18.476
 168  68.262188  61.178858    18.354    18.582  6 56321.17136857 17.639
 169  68.260545  61.179176    17.949    18.462  5 56331.08700906 15.773
 170  68.259295  61.179645    19.797    19.700  5 56341.00264903 14.027
 171  68.259705  61.179396    20.017    20.193  6 56350.91828681 13.608
 172  68.260378  61.178063    19.555    19.375  5 56360.83392514 13.425
 173  68.260640  61.178110    20.999    21.186  6 56370.74957478 11.203
 175  68.256584  61.180214    25.322    25.325  5 56390.58086661 15.741
 176  68.254622  61.181056    24.999    25.213  5 56400.49650979 25.867
 177  68.252711  61.180607    20.054    20.419  6 56410.41215016 38.681
 178  68.256577  61.180517    22.012    21.918  5 56420.32778626 39.794
 179  68.256518  61.179216    26.173    26.600  6 56430.24342297 23.594
 180  68.256192  61.180376    24.253    23.349  6 56440.15907622 22.592
 181  68.255316  61.180956    23.845    23.819  6 56450.07472682 33.493
 182  68.254615  61.180518    23.377    23.345  6 56459.99037505 28.921
 183  68.257751  61.180234    24.751    24.789  6 56469.90602033 54.370
 184  68.257805  61.178816    24.016    24.067  6 56479.82166140 30.872
 185  68.259336  61.178162    24.247    24.042  6 56489.73729877 29.731
 186  68.260822  61.178227    24.029    23.962  5 56499.65293382 35.787
 187  68.261940  61.178134    23.123    23.046  5 56509.56856757 24.851
 188  68.261041  61.177921    21.042    20.987  6 56519.48420921 42.113
 189  68.261517  61.178875    23.864    23.856  5 56529.39986324 20.096
 190  68.260555  61.178756    22.982    23.350  5 56539.31551291 21.812
 191  68.260996  61.179279    21.858    21.394  6 56549.23115851 20.832
 192  68.257218  61.179457    19.231    19.300  5 56559.14680121 21.175
 193  68.255191  61.180309    24.901    25.015  5 56569.06244315 21.603
 194  68.255681  61.181355    20.843    20.625  6 56578.97808402 21.382
 195  68.257021  61.180665    17.580    17.605  6 56588.89372093 41.414
 196  68.256487  61.179485    20.432    20.458  6 56598.80936462 23.997
 197  68.258539  61.180529    17.820    17.758  6 56608.72501589 32.954
 198  68.255659  61.180541    18.666    18.706  5 56618.64066176 51.836
 199  68.253707  61.180322    19.524    19.445  6 56628.55630447 48.946
 200  68.255587  61.179760    19.621    19.615  6 56638.47194455 32.032
 201  68.261121  61.179340    19.635    19.631  6 56648.38758886 29.156
 202  68.260280  61.178141    19.339    19.330  6 56658.30324035 29.748
 203  68.261185  61.178735    19.009    19.030  6 56668.21888799 27.478
 204  68.259400  61.179895    18.644    18.626  6 56678.13453287 25.001
 205  68.257090  61.180499    18.372    18.353  6 56688.05017622 21.573
 206  68.256693  61.179908    18.869    18.435  5 56697.96581729 19.798
 207  68.261204  61.179181    18.874    18.743  6 56707.88145418 18.943
 208  68.261533  61.177637    20.311    20.202  5 56717.79709090 18.111
 210  68.255057  61.180552    22.986    23.078  5 56737.62839215 15.972
 211  68.253565  61.182539    21.319    22.599  6 56747.54403753 14.171
 212  68.251372  61.181586    23.500    23.526  6 56757.45967802 15.422
 213  68.257351  61.181060    19.008    17.719  6 56767.37531341 36.093
 214  68.256549  61.179370    23.174    23.397  6 56777.29095740 32.692
 215  68.255030  61.180230    23.794    23.791  6 56787.20661357 52.772
 216  68.251804  61.181305    23.364    23.334  6 56797.12226597 28.029
 217  68.252033  61.182585    23.528    23.554  6 56807.03791354 27.836
 218  68.255097  61.182046    24.910    24.912  6 56816.95355493 54.855
 219  68.259159  61.180271    24.909    24.826  6 56826.86919277 48.648
 220  68.261403  61.177863    76.770    77.464  6 56836.78482703 11.904
 221  68.264774  61.177837    23.888    23.905  6 56846.70045872 32.939
 222  68.259340  61.178473    24.086    23.743  5 56856.61610830 28.762
 223  68.258054  61.180730    23.833    23.818  6 56866.53176198 26.952
 224  68.255372  61.180524    24.154    24.066  5 56876.44741396 23.526
 225  68.255615  61.179991    24.082    24.176  6 56886.36306305 22.861
 226  68.256352  61.179345    24.180    24.183  6 56896.27870936 22.608
 227  68.256070  61.180150    24.372    24.187  6 56906.19435275 22.310
 228  68.253298  61.181564    21.228    20.993  5 56916.10999373 31.196
 229  68.251006  61.182531    24.367    24.315  6 56926.02563277 26.032
 230  68.252667  61.182445    24.943    24.890  6 56935.94126875 28.552
 231  68.257847  61.180775    20.059    19.978  6 56945.85689955 23.275
 232  68.257644  61.179263    18.593    18.612  5 56955.77255140 46.357
 233  68.257783  61.179377    19.174    19.121  5 56965.68820063 44.376
 234  68.257058  61.180724    20.273    20.255  6 56975.60384561 39.476
 235  68.253359  61.180631    21.010    21.027  6 56985.51948570 29.054
 236  68.255505  61.179637    20.773    20.774  6 56995.43512081 27.477
 237  68.260645  61.178235    20.311    20.184  5 57005.35076313 25.068
 238  68.261426  61.177198    19.394    19.423  6 57015.26641829 24.328
 239  68.262412  61.178312    19.667    19.595  5 57025.18206928 20.924
 240  68.257761  61.179697    19.488    19.632  5 57035.09771750 17.162
 241  68.255221  61.181012    18.971    19.216  6 57045.01336332 17.613
 242  68.255198  61.180817    18.028    18.079  6 57054.92900614 17.812
 243  68.257834  61.179232    17.875    17.928  5 57064.84464415 17.521
 244  68.260432  61.178131    19.491    19.337  6 57074.76027751 16.011
 245  68.260452  61.177663    19.267    19.941  6 57084.67590749 16.094
 246  68.256682  61.180141    19.591    19.981  6 57094.59156089 16.371
 247  68.252517  61.182230    23.694    23.747  6 57104.50721745 13.593
 248  68.252065  61.182849    24.932    24.822  6 57114.42286994 19.276
 249  68.253984  61.181573    24.912    25.037  5 57124.33851622 26.150
 250  68.255627  61.179881    23.483    24.111  6 57134.25415707 33.741
 251  68.257646  61.179079    21.774    21.716  6 57144.16979353 33.886
 252  68.259380  61.179598    23.687    23.691  6 57154.08542745 38.932
 253  68.257756  61.179246    23.518    23.528  5 57164.00106365 28.218
 254  68.257175  61.180122    24.002    24.032  6 57173.91672041 27.919
 255  68.257069  61.178983    24.391    24.379  6 57183.83237365 32.895
 256  68.260556  61.178526    25.518    25.493  5 57193.74802343 49.542
 257  68.261038  61.178709    25.039    25.057  6 57203.66367077 38.027
 258  68.258637  61.179804    25.132    25.109  6 57213.57930474 39.173
 259  68.255587  61.180642    25.180    25.257  5 57223.49494850 31.977
 260  68.255782  61.180928    25.132    25.118  5 57233.41059079 33.030
 261  68.255900  61.179586    24.587    24.603  6 57243.32622990 33.562
 262  68.258930  61.178836    24.245    24.225  6 57253.24186677 30.446
 263  68.258536  61.178459    24.028    24.216  6 57263.15750178 28.733
 264  68.257774  61.179542    24.290    24.469  5 57273.07313883 24.763
 265  68.254210  61.181352    21.982    22.150  6 57282.98879604 35.702
 266  68.252447  61.181657    24.219    24.266  5 57292.90445057 24.073
 267  68.255083  61.181450    20.114    20.177  6 57302.82010205 42.002
 268  68.256963  61.180464    20.163    20.183  5 57312.73574958 37.057
 269  68.257040  61.180112    20.926    20.660  6 57322.65139385 21.265
 270  68.254537  61.179972    19.919    19.870  6 57332.56703589 42.413
 271  68.256392  61.181154    19.996    19.914  6 57342.48267652 47.309
 272  68.256105  61.181443    21.200    21.235  6 57352.39832884 29.544
 273  68.256733  61.179932    21.578    21.584  5 57362.31397314 26.776
 274  68.260340  61.178940    21.609    21.556  5 57372.22961447 23.092
 275  68.260159  61.178390    21.452    21.478  5 57382.14525353 19.362
 276  68.260237  61.179147    21.098    21.119  6 57392.06089215 19.917
 277  68.258531  61.179216    20.942    20.952  6 57401.97652954 16.405
 278  68.257991  61.179119    21.772    21.378  5 57411.89217183 13.780
 279  68.258255  61.179666    22.893    22.868  6 57421.80782368 13.084
 280  68.257677  61.180344    22.381    22.551  6 57431.72347286 13.694
 281  68.254545  61.180805    22.335    22.010  6 57441.63911995 13.729
 282  68.253226  61.181817    23.267    23.248  6 57451.55476655 13.166
 283  68.251250  61.181691    23.493    23.471  6 57461.47041138 13.160
 284  68.254968  61.181626    23.739    23.899  6 57471.38605331 13.631
 285  68.257312  61.180241    24.604    24.975  5 57481.30169094 22.688
 286  68.259154  61.178911    24.757    24.761  6 57491.21732544 24.551
 287  68.260680  61.178132    21.476    21.398  5 57501.13295787 42.279
 288  68.259971  61.178586    23.559    23.556  5 57511.04860542 37.381
 289  68.258022  61.179216    24.062    23.863  6 57520.96426069 26.867
 290  68.258366  61.179597    24.506    24.574  5 57530.87991362 52.309
 291  68.258759  61.179200    23.838    23.852  6 57540.79556317 32.240
 292  68.259850  61.179099    24.935    24.927  6 57550.71121005 51.562
 293  68.258199  61.178983    24.060    24.062  5 57560.62685536 32.078
 294  68.256798  61.179690    23.976    23.972  6 57570.54250037 30.423
 295  68.256491  61.180423    24.553    24.554  6 57580.45814531 40.086
 296  68.257433  61.180744    23.555    23.544  6 57590.37378859 25.961
 297  68.256569  61.180145    23.389    23.298  6 57600.28942883 24.037
