# NaN NaN NaN ;Mean Elev.(m), Avg Gradient(m/km), RMS Gradient(m/km) - SRTM1     
#  -27.020   0.137   5.714 ;Mean Elev.(m), Avg Gradient(m/km), RMS Gradient(m/km) - ASTER GDEM
#    1.095  -0.071   2.702 ;Mean Elev.(m), Avg Gradient(m/km), RMS Gradient(m/km) - GMTED2010 
   1  65.708546  65.622904     7.049     6.669  9 54668.30648434 29.707
   2  65.708392  65.623842     7.181     7.117 10 54678.22212867 27.324
   3  65.707276  65.625309     2.965     2.861  9 54688.13777168 23.017
   4  65.707179  65.626054     6.518     6.513  8 54698.05341281 26.163
   6  65.706711  65.622964     5.885     6.026  9 54717.88470667 30.224
   7  65.710178  65.621270     5.409     5.750  9 54727.80035610 30.715
   8  65.709634  65.620904     4.795     5.390  9 54737.71600366 30.882
   9  65.708345  65.622088     3.505     3.521  9 54747.63165096 52.983
  10  65.708070  65.623473     6.010     6.058  9 54757.54729800 28.755
  11  65.709175  65.623600     5.917     6.082  9 54767.46294306 29.933
  12  65.709424  65.621937     4.146     4.151 10 54777.37858469 48.161
  13  65.710624  65.620274     3.912     3.921  9 54787.29422397 39.007
  14  65.709408  65.619862     4.500     4.803 10 54797.20986200 33.087
  15  65.709748  65.621391     3.718     3.269  9 54807.12550001 32.536
  16  65.709177  65.622892     5.229     5.669  9 54817.04113733 21.578
  17  65.710547  65.624017     5.697     5.735  9 54826.95678651 18.336
  18  65.706246  65.623604     6.179     6.153  9 54836.87242521 16.802
  19  65.708351  65.624155     5.960     5.931  9 54846.78807487 15.347
  20  65.706447  65.624756     6.130     6.165  9 54856.70372359 15.391
  21  65.707991  65.626058     6.095     6.058  9 54866.61937267 14.643
  22  65.705697  65.626012     6.094     6.155  9 54876.53502080 14.397
  23  65.708866  65.625202     5.963     5.991  9 54886.45066645 14.167
  24  65.708230  65.623174     6.009     6.020  9 54896.36630826 14.528
  25  65.708693  65.621759     6.058     6.078  9 54906.28194752 14.570
  26  65.708183  65.621532     5.963     6.075 10 54916.19758556 16.120
  27  65.709491  65.622340     6.055     6.009  9 54926.11322359 15.006
  28  65.711009  65.622927    23.882    24.012  9 54936.02886097 10.001
  29  65.709760  65.622349    19.262    18.181  9 54945.94449614  9.525
  30  65.708359  65.620677     3.233     3.291  9 54955.86012866 25.811
  31  65.709348  65.619925     5.893     5.795 10 54965.77577676 31.102
  32  65.710013  65.620364     8.413     8.367 10 54975.69142470 37.484
  33  65.708205  65.621693     7.215     7.237  9 54985.60707233 31.376
  35  65.708668  65.623915     9.655     7.953 10 55005.43836648 29.073
  36  65.707127  65.624030     7.557     7.523  9 55015.35401039 28.786
  37  65.706787  65.624223     7.139     6.916  9 55025.26965299 30.532
  38  65.707820  65.625136     6.899     6.986  8 55035.18529523 43.950
  39  65.709716  65.625661     6.444     6.467  9 55045.10093675 47.880
  40  65.706921  65.624586     6.484     6.374  9 55055.01657603 25.749
  41  65.710801  65.622903     6.068     6.111  9 55064.93221362 26.894
  42  65.708194  65.621334     5.989     5.958 10 55074.84786077 29.143
  43  65.707846  65.621011     6.101     6.143  9 55084.76350863 28.251
  44  65.710263  65.621969     3.735     3.725 10 55094.67915522 52.105
  45  65.708316  65.622421     5.432     5.761 10 55104.59480125 27.841
  46  65.708903  65.622522     3.334     3.264  9 55114.51044729 51.852
  47  65.709281  65.621773     5.496     5.647  9 55124.42609082 32.953
  48  65.709179  65.620930     3.386     2.921  9 55134.34173153 36.250
  49  65.708296  65.620455     3.163     3.191  9 55144.25737003 45.487
  50  65.710679  65.621327     2.376     2.397 10 55154.17300822 33.377
  51  65.710447  65.622225     2.731     2.734 10 55164.08864651 30.722
  52  65.710163  65.623048     4.597     5.150  9 55174.00428454 24.364
  54  65.709575  65.623680     5.652     5.696  9 55193.83557428 18.122
  55  65.709211  65.624633     5.779     5.886  9 55203.75122419 16.962
  56  65.708322  65.625707     5.752     5.796  9 55213.66687343 17.202
  57  65.708012  65.625918     5.863     5.954  9 55223.58252222 16.683
  58  65.710182  65.624831     5.691     5.785  9 55233.49816961 17.358
  59  65.709948  65.622582     5.716     5.821 10 55243.41381353 16.703
  60  65.710230  65.621083     5.619     5.610  9 55253.32945434 16.745
  61  65.709985  65.621221     5.644     5.674  9 55263.24509308 15.554
  62  65.710177  65.622608     5.728     5.680  9 55273.16073093 17.408
  63  65.710880  65.623238     5.604     5.539  9 55283.07636846 14.831
  64  65.710266  65.622171     5.541     5.527 10 55292.99200451 15.926
  65  65.710229  65.620392     6.312     6.298 10 55302.90764046 15.793
  66  65.708016  65.619430     3.623     3.041 10 55312.82328783 32.616
  67  65.710463  65.620458     4.879     4.635  9 55322.73893349 37.248
  68  65.710618  65.622166     8.172     8.143  9 55332.65457775 37.790
  69  65.707837  65.623309     9.498     7.571  9 55342.57022168 29.304
  70  65.709526  65.623613     7.503     7.260  9 55352.48586569 26.942
  71  65.707692  65.623161     9.316     7.147  9 55362.40150717 27.112
  72  65.707340  65.623277    11.480     7.750  9 55372.31714683 25.205
  73  65.710302  65.624448     7.296     7.087  9 55382.23278544 23.420
  74  65.705424  65.624964     7.207     6.889  9 55392.14842255 26.062
  75  65.707470  65.624904     6.869     6.799  9 55402.06405881 25.050
  76  65.706557  65.623196     6.866     6.788  9 55411.97970930 27.715
  77  65.710648  65.621207     6.753     6.815  9 55421.89535909 28.427
  78  65.709047  65.619711     6.416     6.375  9 55431.81100560 29.199
  79  65.708973  65.620677     6.122     6.270  9 55441.72665028 26.460
  80  65.707538  65.622340     5.249     5.710  9 55451.64229337 27.193
  81  65.708355  65.623410     5.408     5.653 10 55461.55793592 31.442
  82  65.709951  65.622411     5.337     5.634 10 55471.47357699 29.095
  83  65.711042  65.620516     5.067     5.348  9 55481.38921508 32.568
  84  65.709131  65.619013     5.821     5.815 10 55491.30485055 30.914
  85  65.708886  65.619706     5.761     5.902 10 55501.22048430 27.837
  86  65.709784  65.621983     3.613     3.577 10 55511.13612797 47.793
  87  65.708998  65.623780     3.961     3.961 10 55521.05177762 41.505
  88  65.709295  65.624279     2.969     2.966  9 55530.96742619 30.824
  89  65.710511  65.623794     2.867     2.861  9 55540.88307315 27.483
  90  65.708273  65.623304     4.855     5.008  9 55550.79871767 22.879
  91  65.710798  65.624392     4.767     4.664  9 55560.71436116 22.762
  92  65.710484  65.625650     4.904     4.841  9 55570.63000361 21.553
  93  65.708477  65.625529     4.966     5.015  9 55580.54564480 21.691
  94  65.708217  65.623434     5.180     5.256 10 55590.46128315 19.814
  95  65.709083  65.620444     4.742     4.775 10 55600.37691842 21.716
  96  65.708030  65.618530     4.530     4.614 10 55610.29255129 22.252
  97  65.709437  65.619358     4.856     4.906  9 55620.20818320 19.243
  98  65.708525  65.621939     4.990     5.131  9 55630.12383443 19.559
  99  65.708108  65.623289     5.412     5.372  9 55640.03948533 18.480
 100  65.710639  65.622502     4.875     4.912  9 55649.95513393 15.694
 101  65.709852  65.620124    26.191    26.222  9 55659.87077876  9.536
 102  65.710412  65.619104     3.742     3.294 10 55669.78642022 40.030
 103  65.708947  65.620202     5.723     6.011  9 55679.70205959 37.676
 104  65.709398  65.622639     8.188     8.245  9 55689.61769730 48.520
 105  65.708598  65.624167    11.653     7.714  9 55699.53333336 31.783
 106  65.708794  65.624102     9.499     7.427  9 55709.44897168 28.637
 107  65.708114  65.623344     7.363     7.233  9 55719.36462207 24.715
 108  65.709666  65.623336     7.318     7.167  9 55729.28027032 38.013
 109  65.707927  65.623827     7.152     7.122  9 55739.19591689 53.717
 110  65.706087  65.624542     7.060     6.810  9 55749.11156222 25.642
 111  65.710755  65.624825     6.284     6.289  9 55759.02720576 24.036
 112  65.710622  65.623285     5.923     6.090  9 55768.94284599 25.661
 113  65.709795  65.620812     5.577     5.877  9 55778.85848290 28.973
 114  65.710521  65.619269     4.873     4.064  9 55788.77411747 30.215
 115  65.708540  65.619493     5.420     5.583 10 55798.68975062 30.141
 116  65.709501  65.621415     4.719     4.854  9 55808.60539617 32.914
 117  65.710210  65.622991     4.723     5.431  9 55818.52104530 36.818
 118  65.711071  65.622476     4.712     5.344  9 55828.43669024 30.792
 119  65.708490  65.620405     5.865     5.874  9 55838.35233041 29.869
 120  65.709293  65.619065     5.479     5.599  9 55848.26796784 32.393
 121  65.710775  65.620020     4.755     4.909  9 55858.18360326 30.926
 122  65.708196  65.622315     3.947     3.273  9 55868.09924981 41.536
 123  65.709461  65.624626     2.582     2.625  9 55878.01490177 39.728
 124  65.707726  65.624868     2.321     2.308  9 55887.93054687 28.007
 125  65.709702  65.624136     2.456     2.425  9 55897.84618653 27.707
 126  65.707048  65.622905     2.530     2.512  9 55907.76182074 28.128
 127  65.707830  65.623348     2.743     2.673  9 55917.67746817 25.940
 128  65.710978  65.624386     2.710     2.681  9 55927.59312175 23.064
 129  65.706096  65.623873     2.974     2.481  9 55937.50877109 23.008
 130  65.707347  65.622467     2.919     2.361  9 55947.42441601 22.033
 131  65.710147  65.620895     2.835     2.412 10 55957.34005649 21.655
 132  65.708228  65.619889     4.496     4.748 10 55967.25569406 20.381
 133  65.709065  65.620676     4.456     4.468 10 55977.17133105 18.604
 134  65.709047  65.621801     4.794     4.748  9 55987.08696728 18.924
 135  65.707717  65.622085     4.936     4.825  9 55997.00260538 18.712
 136  65.707597  65.621606     4.766     4.843  9 56006.91825676 18.532
 137  65.708320  65.620572     4.961     4.945 10 56016.83390407 18.070
 138  65.710391  65.620688    11.294    12.793  9 56026.74954865 12.922
 139  65.709157  65.621779    10.861    12.621  9 56036.66519135  9.474
 140  65.710853  65.623583     3.880     3.821  9 56046.58083238 36.183
 141  65.707576  65.624363     6.325     6.253  9 56056.49647010 35.496
 142  65.706885  65.624212    13.666    12.178  9 56066.41210378 29.560
 143  65.705841  65.623816     7.295     7.064  9 56076.32775112 25.671
 144  65.711288  65.624351     7.029     6.831  9 56086.24340075 25.816
 145  65.705907  65.623928     6.695     6.817  9 56096.15904692 28.886
 146  65.706333  65.623687     6.836     6.491  9 56106.07469149 26.248
 147  65.710404  65.622986     6.080     6.214  9 56115.99032192 23.830
 148  65.707582  65.621503     3.878     3.785  9 56125.90595954 54.186
 149  65.708718  65.620406     4.424     3.379 10 56135.82159359 38.999
 150  65.708539  65.620393     5.285     5.658 10 56145.73723619 30.816
 151  65.708215  65.621176     4.777     5.326 10 56155.65288595 32.433
 152  65.708407  65.622094     2.571     2.620  9 56165.56853480 42.698
 153  65.707433  65.622192     4.765     5.395  9 56175.48418127 31.650
 154  65.709882  65.621873     4.650     5.173 10 56185.39982296 33.255
 155  65.710311  65.621100     4.247     4.863  9 56195.31546065 34.042
 156  65.708976  65.621069     3.021     2.918 10 56205.23109525 45.466
 157  65.710250  65.622238     3.483     2.809  9 56215.14672864 44.629
 158  65.708722  65.623560     4.610     5.172 10 56225.06236630 35.129
 159  65.705993  65.624224     2.717     2.741  9 56234.97802165 48.947
 160  65.707343  65.624295     2.034     2.050  9 56244.89367344 43.516
 161  65.710775  65.624273     2.015     2.006  9 56254.80932039 34.906
 162  65.708701  65.624280     2.344     2.356  9 56264.72496277 31.529
 163  65.709234  65.624596     2.343     2.384  9 56274.64060367 30.808
 164  65.707744  65.623956     4.130     4.078  9 56284.55624838 22.660
 165  65.707406  65.622515     3.974     5.124  9 56294.47189929 22.842
 166  65.707752  65.620856     4.966     5.239  9 56304.38754599 19.949
 167  65.711068  65.620723     5.001     4.934  9 56314.30318918 19.929
 168  65.707645  65.621470     5.207     5.158  9 56324.21882974 20.148
 169  65.709534  65.622908     5.124     5.135  9 56334.13447010 19.923
 170  65.710982  65.623022     5.295     5.320  9 56344.05010965 17.365
 171  65.710407  65.621845     5.125     5.170  9 56353.96574665 16.968
 172  65.710606  65.620859     5.062     5.079  9 56363.88139020 16.919
 173  65.709230  65.621079     5.112     5.129 10 56373.79703904 15.247
 175  65.709419  65.624532     5.584     5.629  9 56393.62832940 14.744
 176  65.708076  65.625107    15.698    16.156  8 56403.54397159 10.756
 177  65.706699  65.624697     3.776     2.904  9 56413.45961083 29.767
 178  65.710231  65.623907     5.855     6.038  9 56423.37524554 31.925
 179  65.710379  65.623759     9.443     7.390  9 56433.29088931 28.621
 180  65.708286  65.624268     7.501     7.333 10 56443.20654149 32.690
 181  65.708610  65.625094     7.425     7.273  9 56453.12219135 27.206
 182  65.706183  65.624235     7.098     7.151  9 56463.03783824 31.626
 183  65.707587  65.622537     7.127     7.026  9 56472.95348210 27.887
 184  65.708413  65.620591     7.143     7.233  9 56482.86912248 29.368
 185  65.709142  65.620194     7.009     6.975  9 56492.78475943 29.066
 186  65.709932  65.621346     6.964     6.884  9 56502.70039405 29.098
 187  65.707557  65.622510     6.886     6.822  9 56512.61602682 29.796
 188  65.709131  65.623057     6.542     6.475  9 56522.53167493 25.132
 189  65.708537  65.622104     5.968     5.915  9 56532.44732729 26.822
 191  65.711086  65.621281     5.433     5.417  9 56552.27862107 29.638
 192  65.709590  65.623063     5.062     5.463 10 56562.19426372 31.316
 193  65.710341  65.625318     5.495     5.598  9 56572.10990540 32.400
 194  65.707998  65.626039     5.153     5.017  9 56582.02554489 31.339
 195  65.710055  65.625009     3.312     3.320  9 56591.94118036 46.900
 196  65.710911  65.623707     3.831     3.821  9 56601.85683019 38.625
 197  65.708936  65.623080     4.119     4.076 10 56611.77247960 33.165
 198  65.708538  65.624017     4.100     4.079  9 56621.68812476 29.984
 199  65.710760  65.625121     4.550     4.900  9 56631.60376722 25.376
 200  65.708427  65.624301     3.373     2.853  9 56641.51940510 25.852
 201  65.710409  65.622368     5.188     5.256  9 56651.43505359 21.490
 202  65.709273  65.620287     5.443     5.495  9 56661.35070352 20.400
 203  65.709592  65.620062     5.427     5.428 10 56671.26635049 19.353
 204  65.710964  65.622225     5.258     5.260  9 56681.18199574 19.983
 205  65.706784  65.623718     4.022     4.743  9 56691.09763851 22.099
 206  65.707748  65.624012     4.023     3.153  9 56701.01327809 21.372
 207  65.708106  65.622216     4.813     4.776 10 56710.92891271 19.794
 208  65.710467  65.621157     5.274     5.284  9 56720.84455635 17.750
 210  65.708868  65.623860     5.844     5.870 10 56740.67585624 12.149
 211  65.708392  65.626109     5.145     5.345  9 56750.59150018 13.246
 212  65.708047  65.626637    15.810    17.060  9 56760.50713910 14.907
 213  65.707731  65.625166     2.917     2.792  9 56770.42277139 22.648
 214  65.709790  65.623906     3.730     3.658  9 56780.33842408 35.300
 215  65.706779  65.623161     6.718     6.660  9 56790.25407891 34.287
 216  65.705771  65.623841     9.477     7.386  9 56800.16973077 30.213
 217  65.709128  65.625196     8.895     8.156  9 56810.08537639 51.657
 218  65.708216  65.624884     8.153     8.148  8 56820.00101650 55.098
 219  65.709877  65.623081    13.448    15.364  9 56829.91665287 25.916
 221  65.710078  65.619714     7.494     7.533  9 56849.74791965 29.379
 222  65.709431  65.621471     7.451     7.478  9 56859.66357420 28.792
 223  65.708525  65.623754     7.402     7.342  9 56869.57922788 27.954
 224  65.706255  65.624447     7.333     7.208  9 56879.49487893 27.221
 225  65.708440  65.623738     6.813     6.784  9 56889.41052682 24.088
 226  65.709956  65.622467     6.257     6.312 10 56899.32617185 28.374
 227  65.709472  65.622665     6.060     5.998 10 56909.24181448 26.400
 228  65.707280  65.624262     6.291     6.249  9 56919.15745520 23.351
 229  65.707807  65.626248     7.114     6.791  9 56929.07309410 24.129
 230  65.707532  65.626528     6.258     6.337  9 56938.98872838 28.153
 231  65.707181  65.625090     4.278     4.290  9 56948.90436336 47.342
 232  65.710650  65.623867     4.680     4.699  9 56958.82001641 39.000
 233  65.708689  65.622963     5.185     5.302 10 56968.73566379 28.091
 234  65.709260  65.623377     5.376     5.345  9 56978.65130758 25.901
 235  65.708533  65.623910     5.732     5.706  9 56988.56694680 22.863
 236  65.709128  65.623435     5.745     5.722  9 56998.48257991 22.280
 237  65.708940  65.622300     5.794     5.686 10 57008.39822974 22.033
 238  65.710375  65.621123     5.548     5.546 10 57018.31388286 20.588
 239  65.710365  65.620911     5.372     5.363 10 57028.22953264 19.287
 240  65.707561  65.621951     5.612     5.535  9 57038.14518050 19.092
 241  65.710091  65.623664     5.620     5.606  9 57048.06082640 17.142
 242  65.707438  65.623997     6.094     6.145  9 57057.97646794 15.240
 243  65.707618  65.623194     5.920     5.979  9 57067.89210410 16.443
 244  65.710207  65.622607     5.672     5.700  9 57077.80773619 17.750
 245  65.709868  65.622611     5.598     5.556 10 57087.72336916 18.872
 246  65.709163  65.624440     4.422     4.990  9 57097.63902782 19.732
 247  65.706904  65.625958     6.077     6.068  8 57107.55468343 15.983
 248  65.708005  65.626364     5.929     5.877  9 57117.47033431 15.257
 249  65.710487  65.625527     2.641     2.611  9 57127.38597906 25.409
 250  65.710806  65.624177     3.112     3.042  9 57137.30161814 17.286
 251  65.709518  65.623254     4.663     4.255  9 57147.21725308 33.217
 252  65.707537  65.622878     7.096     7.030  9 57157.13288552 39.031
 253  65.707146  65.622974     9.905     7.883  9 57167.04853037 27.810
 254  65.708887  65.623103     7.745     7.625  9 57176.96418693 26.278
 255  65.708149  65.622255     7.853     7.686  9 57186.87983921 27.818
 256  65.708722  65.621620     7.504     7.518 10 57196.79548749 31.297
 257  65.708751  65.621737     7.518     7.602 10 57206.71112214 28.848
 258  65.709014  65.622710     7.568     7.687 10 57216.62676718 31.291
 259  65.706703  65.623317     7.939     7.903  9 57226.54241083 31.931
 260  65.709047  65.623711     8.405     8.390 10 57236.45805284 55.232
 261  65.709333  65.623373     8.059     8.047 10 57246.37369114 28.758
 262  65.709853  65.623227     7.884     7.813  9 57256.28932689 25.301
 263  65.710872  65.624036     9.507     7.742  9 57266.20496148 27.069
 264  65.709357  65.625037     7.596     7.359  9 57276.12060563 25.963
 265  65.706563  65.625560     6.662     6.775  9 57286.03626226 28.564
 266  65.708185  65.625234     6.386     6.350  9 57295.95191634 27.832
 267  65.709970  65.624447     6.104     6.200  9 57305.86756678 27.210
 268  65.708550  65.623763     5.052     4.935  9 57315.78321309 45.862
 269  65.706623  65.623687     5.242     5.190  9 57325.69885617 45.211
 270  65.710983  65.624189     6.351     6.130  9 57335.61449786 27.632
 271  65.706067  65.623429     6.249     6.159  9 57345.53014395 24.158
 272  65.708278  65.622650     5.992     6.018  9 57355.44579169 20.846
 273  65.707852  65.621703     6.167     6.119  9 57365.36143533 17.537
 274  65.709218  65.621536     6.013     5.977  9 57375.27707577 18.957
 275  65.708561  65.622150     5.949     5.858 10 57385.19271418 18.435
 276  65.707182  65.622687     5.993     5.995  9 57395.10835203 18.729
 277  65.709412  65.623102     5.809     5.834  9 57405.02398925 18.791
 278  65.708257  65.622819     5.896     5.885  9 57414.93963716 15.394
 279  65.709393  65.623030     6.042     6.046  9 57424.85528863 15.484
 280  65.710081  65.623958     6.005     6.046  9 57434.77093714 16.243
 281  65.710179  65.625543     6.134     6.177  9 57444.68658390 15.158
 282  65.708797  65.626518     6.088     6.133  9 57454.60222978 16.425
 283  65.708029  65.626272     6.305     6.347  9 57464.51787380 15.900
 284  65.710962  65.624757     6.243     6.257  9 57474.43351438 14.488
 286  65.708147  65.622185    14.567    16.552  9 57494.26478474  9.587
 287  65.710404  65.623099     4.567     4.547  9 57504.18041700 33.379
 288  65.708716  65.623908     6.983     6.913  9 57514.09607162 33.368
 289  65.708639  65.623421     8.017     8.093  9 57524.01172605 31.391
 290  65.709327  65.621894     7.999     8.047  9 57533.92737819 30.124
 291  65.710658  65.620886     8.291     8.266  9 57543.84302734 53.927
 292  65.708472  65.621208     8.055     8.097 10 57553.75867372 33.777
 293  65.708793  65.622893     7.507     7.193  9 57563.67431887 27.310
 294  65.709686  65.624252     7.644     7.489  9 57573.58996355 28.320
 295  65.708443  65.624071     7.159     7.254  9 57583.50560771 30.258
 296  65.709646  65.623352     7.199     7.223  9 57593.42125013 27.339
 297  65.709327  65.622969     7.201     7.222 10 57603.33689012 25.780
