-138155.802   152.251     0.00    2.66
-137868.224   151.973    -0.97    3.01
-137580.660   151.357    -2.14    3.59
-137293.110   149.783    -5.47    4.55
-137005.573   148.528    -4.37    5.35
-136718.050   146.716    -6.30    5.68
-136430.541   145.020    -5.90    5.24
-136143.046   141.889   -10.89    5.70
-135855.564   138.610   -11.40    6.95
-135568.096   135.736   -10.00    7.64
-135280.641   134.941    -2.77    7.71
-134993.201   135.377     1.52    8.10
-134705.774   136.120     2.58    8.40
-134418.360   137.522     4.88    8.80
-134130.961   140.179     9.25    8.15
-133843.575   143.489    11.52    5.25
-133556.203   144.986     5.21    2.70
-133268.844   144.620    -1.28    3.39
-132981.499   143.227    -4.85    4.64
-132694.168   141.197    -7.07    5.93
-132406.850   138.573    -9.13    7.03
-132119.546   135.210   -11.71    7.68
-131832.256   131.911   -11.48    6.89
-131544.980   128.959   -10.28    5.83
-131257.717   126.925    -7.08    5.07
-130970.467   124.681    -7.81    5.30
-130683.232   122.975    -5.94    5.77
-130396.010   121.163    -6.31    6.36
-130108.802   118.961    -7.67    6.57
-129821.607   116.145    -9.81    6.64
-129534.426   112.910   -11.26    6.63
-129247.259   109.581   -11.59    7.26
-128960.105   106.202   -11.77    7.98
-128672.965   102.235   -13.81    8.28
-128385.838    98.129   -14.30    8.16
-128098.726    94.120   -13.96    7.26
-127811.627    91.001   -10.86    6.05
-127524.541    88.689    -8.05    5.08
-127237.469    87.618    -3.73    4.90
-126950.411    86.974    -2.24    5.73
-126663.366    86.520    -1.58    6.35
-126376.335    85.397    -3.91    7.21
-126089.318    83.926    -5.13    7.77
-125802.314    81.775    -7.50    8.20
-125515.324    79.688    -7.27    7.97
-125228.347    77.548    -7.46    7.24
-124941.384    76.139    -4.91    5.87
-124654.435    75.431    -2.47    5.51
-124367.499    74.745    -2.39    6.50
-124080.577    72.972    -6.18    7.97
-123793.668    69.595   -11.77   10.10
-123506.774    66.422   -11.06   11.15
-123219.892    64.499    -6.71   11.21
-122933.024    63.665    -2.91   11.60
-122646.170    65.304     5.71   12.16
-122359.330    67.940     9.19   13.64
-122072.503    72.820    17.01   14.17
-121785.689    78.881    21.13   12.30
-121498.889    82.881    13.95   10.35
-121212.103    82.984     0.36   13.71
-120925.330    82.035    -3.31   16.56
-120638.571    80.910    -3.92   18.14
-120351.826    79.858    -3.67   18.76
-120065.094    77.281    -8.99   18.77
-119778.375    77.982     2.45   16.30
-119491.671    80.242     7.88   14.28
-119204.979    82.576     8.14   11.30
-118918.302    82.144    -1.51   10.04
-118631.637    79.965    -7.60   10.48
-118344.987    77.919    -7.14   10.87
-118058.350    75.768    -7.51   10.80
-117771.726    73.896    -6.53    9.70
-117485.116    73.454    -1.54    9.98
-117198.520    74.642     4.15   11.18
-116911.937    76.912     7.92   12.01
-116625.368    80.722    13.30   10.94
-116338.812    83.378     9.27    9.39
-116052.270    85.214     6.41    9.45
-115765.741    85.889     2.36    9.07
-115479.226    84.022    -6.52    9.04
-115192.724    82.523    -5.23    8.69
-114906.236    80.490    -7.09    9.10
-114619.761    79.097    -4.86    9.32
-114333.300    75.964   -10.94    9.32
-114046.852    72.835   -10.92    6.60
-113760.418    70.677    -7.54    4.94
-113473.998    69.606    -3.74    5.16
-113187.591    67.262    -8.19    6.67
-112901.197    64.483    -9.70    7.92
-112614.817    61.343   -10.96    9.52
-112328.451    58.456   -10.08   10.21
-112042.097    54.389   -14.20   10.60
-111755.758    50.595   -13.25   10.97
-111469.432    45.912   -16.36   10.93
-111183.119    41.911   -13.97   11.03
-110896.820    37.176   -16.54    9.64
-110610.535    33.843   -11.64    7.37
-110324.263    31.942    -6.64    5.45
-110038.004    31.388    -1.94    4.14
-109751.759    31.858     1.64    4.35
-109465.527    33.234     4.81    4.83
-109179.309    34.657     4.97    4.39
-108893.104    35.618     3.36    4.20
-108606.913    36.680     3.71    3.09
-108320.735    36.783     0.36    2.89
-108034.571    37.118     1.17    2.67
-107748.420    37.340     0.78    3.30
-107462.283    37.805     1.63    3.38
-107176.159    38.678     3.05    3.89
-106890.049    40.305     5.68    5.03
-106603.952    42.618     8.09    6.65
-106317.868    46.042    11.97    8.51
-106031.798    49.610    12.48    8.85
-105745.742    52.881    11.43    7.62
-105459.698    55.407     8.83    5.18
-105173.669    55.725     1.11    5.07
-104887.652    54.625    -3.85    5.99
-104601.650    53.405    -4.27    6.20
-104315.660    52.570    -2.92    5.70
-104029.684    52.772     0.71    5.90
-103743.722    54.118     4.71    6.51
-103457.773    55.757     5.73    6.83
-103171.837    58.075     8.11    5.71
-102885.915    59.020     3.30    4.62
-102600.006    59.007    -0.05    4.25
-102314.110    58.835    -0.60    4.11
-102028.228    58.814    -0.08    4.43
-101742.360    59.974     4.06    5.37
-101456.505    60.903     3.25    6.15
-101170.663    62.339     5.02    6.47
-100884.835    63.754     4.95    6.53
-100599.020    65.186     5.01    5.72
-100313.218    66.030     2.95    5.94
-100027.430    66.008    -0.08    5.80
 -99741.655    65.157    -2.98    5.69
 -99455.894    64.147    -3.53    5.35
 -99170.146    63.624    -1.83    4.76
 -98884.412    64.012     1.36    4.41
 -98598.690    64.752     2.59    4.31
 -98312.983    65.545     2.78    4.36
 -98027.288    66.538     3.47    4.63
 -97741.607    66.232    -1.07    5.43
 -97455.940    64.965    -4.44    7.50
 -97170.285    62.490    -8.67    8.75
 -96884.645    60.194    -8.04    8.84
 -96599.017    57.798    -8.39    8.45
 -96313.403    56.169    -5.70    7.37
 -96027.802    54.881    -4.51    5.80
 -95742.215    55.454     2.01    5.02
 -95456.641    57.362     6.68    5.35
 -95171.080    60.165     9.82    5.71
 -94885.533    62.851     9.41    7.25
 -94599.999    65.811    10.37    7.72
 -94314.479    68.272     8.62    7.12
 -94028.971    69.944     5.85    6.07
 -93743.477    71.167     4.28    5.29
 -93457.997    72.105     3.28    5.26
 -93172.530    73.039     3.27    5.77
 -92887.076    74.174     3.98    5.58
 -92601.635    75.084     3.19    5.94
 -92316.208    76.712     5.70    5.45
 -92030.794    78.157     5.06    6.20
 -91745.394    80.258     7.36    6.08
 -91460.007    81.411     4.04    6.24
 -91174.633    82.080     2.34    5.84
 -90889.273    82.437     1.25    5.97
 -90603.925    81.951    -1.71    5.97
 -90318.592    80.321    -5.71    6.20
 -90033.271    78.029    -8.03    5.99
 -89747.964    75.866    -7.58    5.53
 -89462.670    74.679    -4.16    5.24
 -89177.389    74.934     0.89    6.22
 -88892.122    76.444     5.30    8.45
 -88606.868    79.635    11.19   10.53
 -88321.628    83.679    14.18   11.09
 -88036.400    88.179    15.78   10.39
 -87751.186    92.685    15.80    7.93
 -87465.985    95.690    10.54    6.47
 -87180.798    98.202     8.81    5.15
 -86895.624    99.985     6.25    5.87
 -86610.463   101.447     5.13    5.79
 -86325.315   102.650     4.22    6.02
 -86040.181   103.874     4.29    5.41
 -85755.060   104.993     3.93    4.78
 -85469.952   106.194     4.21    3.71
 -85184.052   107.276     3.79    3.36
 -84895.986   108.797     5.28    3.78
 -84607.935   110.202     4.88    4.32
 -84319.898   111.942     6.04    4.75
 -84031.875   113.543     5.56    4.68
 -83743.867   114.843     4.52    4.53
 -83455.873   115.464     2.16    3.98
 -83167.893   115.889     1.47    3.85
 -82879.928   116.047     0.55    3.65
 -82591.977   116.009    -0.13    3.75
 -82304.041   115.765    -0.85    3.36
 -82016.119   115.498    -0.93    3.23
 -81728.212   115.069    -1.49    3.13
 -81440.318   114.157    -3.17    4.11
 -81152.440   113.192    -3.35    4.53
 -80864.575   111.776    -4.92    4.79
 -80576.725   110.097    -5.83    4.71
 -80288.889   107.919    -7.57    4.98
 -80001.068   105.530    -8.30    4.74
 -79713.261   103.489    -7.09    4.63
 -79425.469   101.723    -6.14    4.74
 -79137.690    99.612    -7.34    4.17
 -78849.927    97.964    -5.73    3.74
 -78562.177    96.243    -5.98    3.78
 -78274.442    95.558    -2.38    3.98
 -77986.721    94.616    -3.27    4.25
 -77699.015    93.618    -3.47    4.80
 -77411.323    91.774    -6.41    5.09
 -77123.645    90.302    -5.12    5.10
 -76835.982    88.681    -5.63    4.84
 -76548.332    87.287    -4.85    4.26
 -76260.698    85.389    -6.60    3.47
 -75973.077    84.148    -4.31    3.21
 -75685.471    82.599    -5.39    3.53
 -75397.880    80.920    -5.84    3.92
 -75110.302    79.257    -5.78    3.85
 -74822.739    77.727    -5.32    3.75
 -74535.190    76.523    -4.19    3.22
 -74247.656    75.413    -3.86    2.47
 -73960.136    74.508    -3.15    2.01
 -73672.630    73.858    -2.26    2.14
 -73385.138    73.310    -1.91    2.29
 -73097.661    72.913    -1.38    2.52
 -72810.198    71.964    -3.30    2.58
 -72522.750    70.968    -3.46    2.55
 -72235.315    70.099    -3.02    2.29
 -71947.895    69.646    -1.58    2.10
 -71660.490    69.156    -1.71    2.10
 -71373.098    68.515    -2.23    2.30
 -71085.721    67.850    -2.31    2.34
 -70798.358    67.001    -2.95    2.68
 -70511.010    66.022    -3.41    3.74
 -70223.675    64.318    -5.93    5.32
 -69936.355    62.600    -5.98    6.24
 -69649.050    60.903    -5.91    6.47
 -69361.758    59.401    -5.23    6.30
 -69074.481    58.333    -3.72    5.72
 -68787.218    56.967    -4.75    5.17
 -68499.969    55.646    -4.60    4.41
 -68212.735    54.606    -3.62    4.05
 -67925.515    53.480    -3.92    3.59
 -67638.309    52.553    -3.23    3.65
 -67351.117    51.671    -3.07    4.11
 -67063.940    50.377    -4.50    4.96
 -66776.777    49.285    -3.81    5.51
 -66489.628    47.648    -5.70    5.74
 -66202.493    46.454    -4.16    5.43
 -65915.373    45.374    -3.76    4.84
 -65628.267    44.699    -2.35    4.09
 -65341.175    43.980    -2.51    3.90
 -65054.097    43.697    -0.99    3.71
 -64767.034    42.851    -2.95    3.91
 -64479.985    41.881    -3.38    3.96
 -64192.950    40.257    -5.66    3.64
 -63905.929    39.454    -2.80    3.23
 -63618.922    38.568    -3.09    2.53
 -63331.930    38.171    -1.38    2.63
 -63044.952    38.006    -0.58    2.51
 -62757.988    37.540    -1.62    2.83
 -62471.038    37.249    -1.02    2.86
 -62184.103    36.805    -1.55    3.19
 -61897.181    36.725    -0.28    3.00
 -61610.274    35.963    -2.66    3.38
 -61323.381    35.241    -2.52    3.61
 -61036.503    34.099    -3.98    4.45
 -60749.638    33.370    -2.54    4.57
 -60462.788    32.836    -1.86    4.51
 -60175.952    32.081    -2.63    4.61
 -59889.130    31.263    -2.85    4.62
 -59602.322    30.538    -2.53    4.94
 -59315.529    29.966    -1.99    5.11
 -59028.749    29.230    -2.57    5.31
 -58741.984    28.435    -2.77    5.24
 -58455.233    27.092    -4.69    4.90
 -58168.496    26.235    -2.99    4.17
 -57881.773    25.859    -1.31    3.48
 -57595.065    26.301     1.54    3.98
 -57308.370    27.141     2.93    4.79
 -57021.690    28.177     3.61    5.33
 -56735.024    30.212     7.10    5.23
 -56448.372    32.089     6.55    4.30
 -56161.735    33.633     5.39    3.81
 -55875.111    34.351     2.50    3.28
 -55588.501    34.693     1.19    3.53
 -55301.906    34.660    -0.12    3.34
 -55015.325    33.965    -2.42    3.26
 -54728.758    33.408    -1.94    2.71
 -54442.205    32.734    -2.35    2.83
 -54155.666    31.593    -3.98    3.03
 -53869.142    30.889    -2.46    2.99
 -53582.631    30.949     0.21    3.10
 -53296.135    31.913     3.36    4.37
 -53009.653    33.463     5.41    5.56
 -52723.185    34.960     5.22    5.91
 -52436.731    36.396     5.01    5.39
 -52150.291    37.181     2.74    4.51
 -51863.865    37.351     0.59    3.98
 -51577.453    36.566    -2.74    4.20
 -51291.056    35.458    -3.87    3.78
 -51004.672    34.967    -1.72    3.13
 -50718.303    34.217    -2.62    2.99
 -50431.948    33.645    -2.00    2.92
 -50145.606    32.766    -3.07    3.05
 -49859.279    32.084    -2.38    3.23
 -49572.966    31.358    -2.53    3.91
 -49286.668    30.242    -3.90    4.25
 -49000.383    29.158    -3.79    3.70
 -48714.112    28.866    -1.02    3.61
 -48427.856    29.328     1.61    4.06
 -48141.613    29.904     2.01    4.34
 -47855.385    30.905     3.50    4.30
 -47569.170    31.595     2.41    3.84
 -47282.970    31.471    -0.44    4.23
 -46996.784    30.648    -2.87    4.90
 -46710.611    29.061    -5.54    5.52
 -46424.453    26.752    -8.07    6.06
 -46138.309    24.274    -8.66    6.25
 -45852.179    19.721   -15.91    7.89
 -45566.063    15.728   -13.96    8.50
 -45279.962    12.163   -12.46    8.43
 -44993.874     9.103   -10.70    7.29
 -44707.800     7.014    -7.30    6.02
 -44421.740     5.197    -6.35    4.04
 -44135.695     4.094    -3.85    1.32
 -43849.663     3.813    -0.98    0.22
 -43563.645     3.780    -0.12    0.28
 -43277.642     3.701    -0.28    0.37
 -42991.652     3.647    -0.19    0.42
 -42705.677     3.518    -0.45    0.48
 -42419.715     3.370    -0.52    0.50
 -42133.768     3.234    -0.47    0.48
 -41847.835     2.929    -1.07    0.82
 -41561.915     2.480    -1.57    1.20
 -41276.010     2.051    -1.50    1.49
 -40990.118     2.574     1.83    3.07
 -40704.241     3.624     3.67    4.47
 -40418.378     5.346     6.03    5.81
 -40132.528     7.927     9.03    7.48
 -39846.693    10.975    10.67    8.11
 -39560.872    14.099    10.93    7.14
 -39275.064    17.457    11.75    5.38
 -38989.271    20.215     9.65    4.38
 -38703.492    22.378     7.57    4.05
 -38417.727    23.610     4.31    3.97
 -38131.975    24.772     4.07    3.71
 -37846.238    25.866     3.83    3.20
 -37560.515    26.805     3.28    2.70
 -37274.805    27.564     2.66    2.99
 -36989.110    28.106     1.90    3.04
 -36703.428    28.928     2.87    2.93
 -36417.761    29.836     3.18    2.86
 -36132.107    30.436     2.10    2.79
 -35846.468    30.377    -0.21    2.80
 -35560.842    30.176    -0.70    2.59
 -35275.231    30.242     0.23    2.78
 -34989.633    30.556     1.10    3.16
 -34704.050    31.419     3.02    4.03
 -34418.480    32.719     4.55    4.76
 -34132.924    33.392     2.36    5.01
 -33847.382    33.843     1.58    5.03
 -33561.855    34.465     2.18    4.66
 -33276.341    33.606    -3.01    3.66
 -32990.841    32.442    -4.08    3.78
 -32705.355    30.874    -5.49    4.47
 -32419.883    28.934    -6.79    5.22
 -32134.425    27.099    -6.43    5.58
 -31848.980    25.405    -5.94    5.33
 -31563.550    23.927    -5.18    4.68
 -31278.134    22.031    -6.64    4.03
 -30992.732    20.678    -4.74    4.22
 -30707.343    19.087    -5.58    4.27
 -30421.969    17.601    -5.21    3.87
 -30136.608    16.593    -3.53    3.31
 -29851.261    16.707     0.40    3.69
 -29565.928    17.277     2.00    4.63
 -29280.610    18.271     3.48    4.93
 -28995.305    19.927     5.81    5.81
 -28710.014    21.821     6.64    6.21
 -28424.736    23.628     6.33    6.01
 -28139.473    24.911     4.50    5.53
 -27854.224    25.068     0.55    5.36
 -27568.988    24.520    -1.92    5.67
 -27283.767    24.051    -1.65    5.51
 -26998.559    23.553    -1.74    4.74
 -26713.365    23.370    -0.64    4.22
 -26428.185    23.589     0.77    3.95
 -26143.019    23.858     0.94    3.73
 -25857.867    24.252     1.38    3.20
 -25572.729    25.101     2.98    2.55
 -25287.605    25.546     1.56    2.69
 -25002.494    24.131    -4.96    5.80
 -24717.398    20.702   -12.03    9.49
 -24432.315    16.979   -13.06   10.93
 -24147.246    12.460   -15.85   11.16
 -23862.191     8.533   -13.78    9.83
 -23577.150     4.694   -13.47    6.41
 -23291.002     2.400    -8.02    2.26
 -23002.860     1.866    -1.85    0.00
 -22714.734     1.866     0.00    0.00
 -22426.622     1.866     0.00    0.00
 -22138.525     1.866     0.00    0.00
 -21850.444     1.866     0.00    0.00
 -21562.377     1.866     0.00    0.00
 -21274.326     1.866     0.00    0.00
 -20986.289     1.866     0.00    0.00
 -20698.267     1.866     0.00    0.00
 -20410.261     1.866     0.00    0.00
 -20122.269     1.866     0.00    0.00
 -19834.293     1.866     0.00    0.00
 -19546.331     1.866     0.00    0.00
 -19258.385     1.866     0.00    0.00
 -18970.453     1.866     0.00    0.00
 -18682.536     1.746    -0.42    0.44
 -18394.635     1.522    -0.78    0.74
 -18106.748     1.197    -1.13    0.93
 -17818.876     0.897    -1.04    0.98
 -17531.020     0.528    -1.28    0.92
 -17243.178     0.242    -0.99    0.75
 -16955.351    -0.049    -1.01    0.38
 -16667.539    -0.134    -0.30    0.00
 -16379.742    -0.134     0.00    0.00
 -16091.960    -0.134     0.00    0.00
 -15804.194    -0.134     0.00    0.00
 -15516.442    -0.134     0.00    0.00
 -15228.704    -0.134     0.00    0.00
 -14940.982    -0.134     0.00    0.00
 -14653.275    -0.134     0.00    0.00
 -14365.583    -0.134     0.00    0.00
 -14077.906    -0.134     0.00    0.00
 -13790.243    -0.134     0.00    0.00
 -13502.596    -0.058     0.26    0.34
 -13214.963     0.150     0.72    0.67
 -12927.346     0.490     1.18    0.90
 -12639.743     0.820     1.15    0.98
 -12352.156     1.192     1.29    0.92
 -12064.583     1.502     1.08    0.74
 -11777.025     1.755     0.88    0.42
 -11489.482     1.866     0.39    0.00
 -11201.954     1.866     0.00    0.00
 -10914.441     1.866     0.00    0.00
 -10626.942     1.866     0.00    0.00
 -10339.459     1.866     0.00    0.00
 -10051.991     1.866     0.00    0.00
  -9764.537     1.866     0.00    0.00
  -9477.098     1.866     0.00    0.00
  -9189.675     1.866     0.00    0.00
  -8902.266     1.866     0.00    0.00
  -8614.872     1.866     0.00    0.00
  -8327.493     1.866     0.00    0.00
  -8040.128     1.866     0.00    0.00
  -7752.779     1.866     0.00    0.00
  -7465.444     1.866     0.00    0.00
  -7178.125     1.866     0.00    0.00
  -6890.820     1.866     0.00    0.00
  -6603.530     1.866     0.00    0.00
  -6316.255     1.866     0.00    0.00
  -6028.995     1.866     0.00    0.00
  -5741.750     1.866     0.00    0.00
  -5454.519     1.866     0.00    0.00
  -5167.303     1.866     0.00    0.00
  -4880.103     1.866     0.00    0.00
  -4592.917     1.866     0.00    0.00
  -4305.746     1.866     0.00    0.00
  -4018.589     1.866     0.00    0.00
  -3731.448     1.866     0.00    0.00
  -3444.321     1.866     0.00    0.00
  -3157.210     1.866     0.00    0.00
  -2870.113     1.866     0.00    0.00
  -2583.031     1.866     0.00    0.00
  -2295.963     1.866     0.00    0.00
  -2008.911     1.866     0.00    0.00
  -1721.873     1.858    -0.03    0.09
  -1434.850     1.647    -0.74    0.60
  -1147.842     1.381    -0.93    0.83
   -860.849     1.037    -1.20    0.96
   -573.871     0.677    -1.25    0.96
   -286.907     0.331    -1.20    0.82
      0.042     0.039    -1.02    0.53
    286.976     0.249     0.73    1.67
    573.895     2.401     7.50    6.18
    860.800     6.181    13.18   10.19
   1147.689    11.436    18.32   13.22
   1434.564    17.515    21.19   15.05
   1721.424    25.343    27.29   15.58
   2008.270    32.290    24.22   14.52
   2295.100    38.386    21.25   12.70
   2581.916    43.046    16.25   11.30
   2868.717    47.718    16.29    9.22
   3155.503    50.719    10.46    8.02
   3442.275    53.989    11.40    7.83
   3729.031    56.850     9.98    7.44
   4015.773    58.133     4.47    6.51
   4302.500    58.406     0.95    6.93
   4589.213    58.601     0.68    7.22
   4875.910    59.323     2.52    7.69
   5162.593    59.591     0.94    7.85
   5449.262    59.347    -0.85    7.52
   5735.915    59.734     1.35    8.30
   6022.554    59.494    -0.84    8.99
   6309.178    59.205    -1.01    9.72
   6595.787    58.798    -1.42   10.14
   6882.381    58.509    -1.01    9.42
   7168.961    58.408    -0.35    8.88
   7455.526    59.527     3.91    6.87
   7742.077    61.424     6.62    6.80
   8028.612    64.249     9.86    8.10
   8315.133    67.106     9.97    9.52
   8601.639    71.043    13.74   10.38
   8888.131    75.401    15.21   10.42
   9174.607    79.689    14.97    8.66
   9461.069    83.906    14.72    6.99
   9747.517    87.510    12.58    6.80
  10033.949    90.002     8.70    6.53
  10320.367    91.843     6.43    6.41
  10606.771    92.430     2.05    7.31
  10893.159    93.591     4.06    8.28
  11179.533    94.858     4.42    8.65
  11465.892    96.346     5.20    7.84
  11752.237    96.981     2.21    8.38
  12038.567    99.803     9.86    8.54
  12324.882   102.411     9.11    9.59
  12611.182   104.795     8.32    9.59
  12897.468   108.805    14.01   10.98
  13183.739   113.299    15.70   12.59
  13469.996   117.781    15.66   12.84
  13756.237   121.385    12.59   11.90
  14042.464   124.394    10.51    9.86
  14328.677   126.089     5.92    7.92
  14614.875   126.094     0.02    8.86
  14901.058   122.729   -11.76   12.02
  15187.226   118.120   -16.10   13.60
  15473.380   113.442   -16.35   13.97
  15759.519   109.252   -14.64   12.93
  16045.644   103.246   -20.99   12.52
  16331.754    98.122   -17.91   11.10
  16617.849    94.750   -11.79    9.92
  16903.930    92.225    -8.83   11.48
  17189.996    88.061   -14.55   12.30
  17476.047    84.003   -14.19   13.00
  17762.084    79.636   -15.27   12.91
  18048.106    75.927   -12.97   13.35
  18334.114    72.549   -11.81   10.66
  18620.107    71.494    -3.69    9.22
  18906.085    73.147     5.78   10.47
  19192.049    76.135    10.45   12.59
  19477.998    80.581    15.55   12.78
  19763.932    84.559    13.91   10.35
  20049.852    86.675     7.40    6.82
  20335.757    85.287    -4.86    8.38
  20621.648    80.610   -16.36   11.73
  20907.524    76.049   -15.96   12.54
  21193.386    70.530   -19.30   12.55
  21479.232    66.152   -15.32   10.70
  21765.065    61.712   -15.53    8.18
  22050.882    58.882    -9.90    6.63
  22336.686    57.252    -5.70    6.25
  22622.474    56.463    -2.76    6.73
  22908.248    55.160    -4.56    7.57
  23194.008    54.439    -2.52    8.70
  23479.752    51.947    -8.72    8.24
  23765.483    50.274    -5.85    7.57
  24051.198    47.866    -8.43    5.85
  24336.900    47.651    -0.75    5.85
  24622.586    47.300    -1.23    6.28
  24908.258    47.530     0.80    7.16
  25193.916    47.435    -0.33    7.84
  25479.559    46.527    -3.18    8.13
  25765.187    45.760    -2.69    8.40
  26050.801    46.314     1.94   10.10
  26336.400    49.385    10.75   13.89
  26621.985    52.063     9.38   15.54
  26907.555    57.820    20.16   18.29
  27193.111    63.898    21.28   18.11
  27478.652    70.958    24.73   17.71
  27764.178    73.936    10.43   15.58
  28049.690    75.108     4.11   15.20
  28335.188    76.730     5.68   16.26
  28620.671    78.338     5.63   15.41
  28906.139    78.002    -1.18   15.12
  29191.593    75.181    -9.88   15.42
  29477.033    71.101   -14.29   17.03
  29762.458    65.362   -20.11   20.12
  30047.868    58.468   -24.16   20.38
  30333.264    50.984   -26.22   16.55
  30618.646    46.240   -16.62   12.11
  30904.013    42.507   -13.08    9.75
  31189.365    40.795    -6.00   10.08
  31474.703    41.339     1.91   10.55
  31760.027    44.756    11.97   10.97
  32045.336    47.752    10.50   12.64
  32330.630    51.288    12.39   15.77
  32615.910    54.520    11.33   17.13
  32901.176    59.850    18.68   16.75
  33186.427    64.210    15.28   14.59
  33471.663    68.331    14.45   12.77
  33756.885    72.199    13.56   12.26
  34042.093    74.297     7.35   11.98
  34327.286    77.134     9.95   11.10
  34612.465    79.358     7.80   11.45
  34897.629    83.269    13.71   12.09
  35182.779    86.207    10.30   12.04
  35467.914    86.976     2.70   12.21
  35753.035    86.919    -0.20   12.73
  36038.141    86.006    -3.20   12.59
  36323.233    82.628   -11.85   14.66
  36608.311    76.114   -22.85   16.42
  36893.374    66.102   -35.12   16.86
  37178.423    57.252   -31.05   16.28
  37463.457    49.835   -26.02   14.79
  37748.477    45.599   -14.86   12.01
  38033.482    45.413    -0.65   12.74
  38318.473    48.416    10.54   16.89
  38604.940    54.937    22.77   20.41
  38893.142    61.139    21.52   20.99
  39181.328    67.332    21.49   18.89
  39469.499    71.449    14.28   14.69
  39757.655    72.225     2.69   12.20
  40045.794    70.491    -6.02   11.85
  40333.918    67.158   -11.57   12.75
  40622.027    63.622   -12.27   13.50
  40910.120    59.132   -15.59   13.46
  41198.197    55.107   -13.97   12.87
  41486.259    52.559    -8.84   11.45
  41774.305    52.019    -1.88   10.89
  42062.336    53.433     4.91   12.08
  42350.351    55.688     7.83   14.07
  42638.350    60.223    15.75   15.31
  42926.334    67.024    23.62   16.22
  43214.302    75.294    28.72   16.00
  43502.255    82.843    26.22   14.66
  43790.192    88.949    21.21   13.42
  44078.114    92.094    10.92   12.02
  44366.020    94.339     7.80   10.42
  44653.910    95.904     5.44    9.37
  44941.785    98.740     9.85    8.28
  45229.644    98.683    -0.20    8.77
  45517.488    96.827    -6.45    9.86
  45805.317    95.843    -3.42   10.25
  46093.129    96.913     3.72   11.75
  46380.927    99.374     8.55   12.93
  46668.708   101.207     6.37   13.87
  46956.474   102.858     5.74   14.44
  47244.225   106.889    14.01   12.73
  47531.960   110.401    12.21   10.36
  47819.680   111.640     4.31   10.44
  48107.384   111.097    -1.89   10.16
  48395.073   111.181     0.29    9.68
  48682.746   113.146     6.83   10.16
  48970.403   117.230    14.20   10.17
  49258.045   119.095     6.48    9.99
  49545.672   120.676     5.49   10.39
  49833.283   121.737     3.69   10.86
  50120.878   122.556     2.85   11.33
  50408.459   122.787     0.80   12.81
  50696.023   122.472    -1.10   13.20
  50983.572   122.509     0.13   12.21
  51271.106   122.298    -0.74   11.80
  51558.624   122.087    -0.74   10.22
  51846.127   121.633    -1.58   10.98
  52133.614   118.966    -9.28   14.12
  52421.086   112.535   -22.37   17.40
  52708.542   106.584   -20.70   17.96
  52995.983   103.604   -10.37   19.01
  53283.408   102.212    -4.84   18.91
  53570.818   101.171    -3.62   18.67
  53858.212   103.296     7.39   18.30
  54145.591   104.072     2.70   17.32
  54432.955   102.991    -3.76   17.29
  54720.303    98.774   -14.67   18.05
  55007.635    92.835   -20.67   17.73
  55294.953    85.340   -26.08   14.95
  55582.254    80.020   -18.52   11.63
  55869.541    76.047   -13.83    8.76
  56156.812    73.194    -9.93    8.20
  56444.067    71.038    -7.51    8.63
  56731.307    68.019   -10.51    8.68
  57018.532    64.937   -10.73    9.22
  57305.741    60.927   -13.96   10.12
  57592.935    57.703   -11.23   10.88
  57880.113    53.346   -15.17   10.36
  58167.276    49.316   -14.03    8.88
  58454.424    45.897   -11.91    6.58
  58741.556    43.393    -8.72    4.28
  59028.673    41.709    -5.87    2.85
  59315.774    40.505    -4.19    2.55
  59602.860    39.484    -3.55    2.45
  59889.931    38.390    -3.81    2.45
  60176.986    37.461    -3.23    2.41
  60464.026    36.975    -1.70    2.53
  60751.050    36.510    -1.62    2.83
  61038.059    36.541     0.11    3.31
  61325.053    36.595     0.19    3.78
  61612.031    36.836     0.84    4.16
  61898.994    37.239     1.40    4.80
  62185.941    37.561     1.12    5.87
  62472.874    38.220     2.30    7.00
  62759.790    38.672     1.57    8.46
  63046.692    38.636    -0.13    8.57
  63333.578    38.779     0.50    8.55
  63620.449    39.686     3.16    9.06
  63907.304    40.374     2.40   10.19
  64194.144    42.046     5.83   12.10
  64480.969    43.551     5.25   14.65
  64767.778    46.530    10.39   17.06
  65054.572    51.220    16.35   19.81
  65341.351    58.072    23.89   22.50
  65628.115    65.472    25.80   22.96
  65914.863    69.087    12.60   20.62
  66201.595    75.881    23.70   16.78
  66488.313    82.514    23.13   13.49
  66775.015    88.630    21.33   12.63
  67061.702    92.851    14.72   14.13
  67348.373    95.598     9.58   14.83
  67635.029    99.553    13.80   13.84
  67921.670   101.723     7.57   11.18
  68208.296   101.166    -1.94   11.56
  68494.906    98.194   -10.37   12.64
  68781.501    92.546   -19.71   15.00
  69068.081    87.874   -16.30   15.40
  69354.645    82.977   -17.09   15.36
  69641.194    78.502   -15.62   14.55
  69927.728    72.229   -21.89   12.08
  70214.246    66.658   -19.44   12.43
  70500.750    61.318   -18.64   11.81
  70787.237    56.882   -15.49   10.16
  71073.710    54.139    -9.57    8.60
  71360.168    53.469    -2.34    8.28
  71646.610    54.066     2.08    9.11
  71933.037    57.683    12.63   11.97
  72219.448    60.828    10.98   12.94
  72505.845    64.520    12.89   13.83
  72792.226    66.912     8.35   13.19
  73078.591    69.296     8.32   12.48
  73364.942    70.358     3.71   11.78
  73651.277    70.540     0.64   11.58
  73937.598    72.104     5.46   13.09
  74223.902    75.722    12.64   16.28
  74510.192    81.628    20.63   18.73
  74796.466    86.904    18.43   18.21
  75082.726    93.205    22.01   15.67
  75368.969    99.716    22.75   13.12
  75655.198   105.599    20.55   11.09
  75941.412   109.780    14.61   10.20
  76227.610   112.463     9.37    9.50
  76513.793   114.453     6.95    8.97
  76799.961   115.750     4.53    8.82
  77086.113   115.223    -1.84   11.15
  77372.251   114.866    -1.25   12.84
  77658.373   114.652    -0.75   13.37
  77944.480   115.230     2.02   14.00
  78230.572   116.507     4.46   14.11
  78516.648   117.858     4.72   14.13
  78802.710   120.491     9.20   14.06
  79088.756   124.971    15.66   13.93
  79374.787   130.485    19.28   11.46
  79660.803   135.586    17.83    7.90
  79946.804   139.136    12.41    6.03
  80232.789   141.137     7.00    6.78
  80518.759   141.946     2.83    6.60
  80804.715   140.695    -4.37    8.27
  81090.654   139.480    -4.25    9.63
  81376.579   140.220     2.59    9.80
  81662.489   140.520     1.05   10.34
  81948.383   141.277     2.65   10.29
  82234.263   142.197     3.22   10.57
  82520.127   144.461     7.92   10.24
  82805.976   146.024     5.47   10.87
  83091.810   146.981     3.35   10.80
  83377.628   146.342    -2.24   10.71
