# NaN NaN NaN ;Mean Elev.(m), Avg Gradient(m/km), RMS Gradient(m/km) - SRTM1     
#   20.312  -0.060   2.363 ;Mean Elev.(m), Avg Gradient(m/km), RMS Gradient(m/km) - ASTER GDEM
#   27.558  -0.024   1.807 ;Mean Elev.(m), Avg Gradient(m/km), RMS Gradient(m/km) - GMTED2010 
   2  70.381279  61.268646    26.025    25.253  3 54673.38614743 29.841
   3  70.381097  61.269804    -9.194    -9.203  3 54683.30179078 11.710
   4  70.380810  61.271153    23.457    22.993  3 54693.21743283 33.874
   5  70.382075  61.271091    -8.784    -8.768  3 54703.13307274 15.486
   6  70.381261  61.268991    23.189    21.976  4 54713.04872235 36.234
   7  70.380068  61.266505    12.816    12.809  4 54722.96437342 16.083
   8  70.375751  61.265735    23.969    24.131  4 54732.88002151 27.249
   9  70.376952  61.265254    24.640    24.674  5 54742.79566845 25.474
  10  70.376588  61.266036    24.485    24.281  4 54752.71131482 26.731
  11  70.376388  61.266138    25.390    25.180  4 54762.62696089 25.716
  12  70.376346  61.264930    22.831    22.701  4 54772.54260464 32.294
  13  70.375060  61.264362    22.139    22.161  5 54782.45824534 38.867
  14  70.375229  61.264748    21.724    21.727  4 54792.37388370 34.300
  15  70.376220  61.266768    23.546    23.551  4 54802.28952096 39.996
  16  70.380813  61.267657    24.117    24.077  4 54812.20515858 34.205
  17  70.381783  61.268293    23.921    23.934  3 54822.12080079 21.092
  18  70.380280  61.267478    23.842    23.804  4 54832.03644133 17.799
  19  70.378573  61.267071    24.073    23.983  4 54841.95209151 15.870
  20  70.379131  61.267166    23.923    23.894  4 54851.86774052 15.219
  21  70.378791  61.268514    24.703    24.861  4 54861.78338888 14.978
  22  70.379592  61.268870    24.374    24.362  4 54871.69903743 15.275
  23  70.380746  61.267294    24.772    24.784  4 54881.61468451 13.362
  24  70.376793  61.265942    24.583    24.545  4 54891.53032783 13.587
  25  70.376572  61.263475    24.944    24.843  5 54901.44596877 13.173
  26  70.375764  61.263617    25.547    25.548  4 54911.36160772 14.492
  27  70.377907  61.264819    25.720    25.666  4 54921.27724576 13.264
  28  70.377907  61.266948    21.874    21.852  4 54931.19288292 30.467
  29  70.378268  61.267363    22.494    22.494  4 54941.10851891 44.129
  30  70.379767  61.266085    24.273    24.298  4 54951.02415353 38.013
  31  70.378357  61.265081    27.011    26.990  4 54960.93979432 48.282
  32  70.375455  61.265951    26.884    26.880  4 54970.85544261 36.151
  33  70.377792  61.266794    26.881    26.920  4 54980.77109013 38.231
  34  70.379605  61.267820    26.807    26.823  4 54990.68673726 36.123
  35  70.380846  61.267337    26.816    26.834  4 55000.60238426 38.502
  36  70.379353  61.267171    26.529    26.565  3 55010.51802921 37.470
  37  70.379460  61.266656    26.121    26.067  4 55020.43367282 31.381
  38  70.378880  61.267842    26.223    26.154  3 55030.34931507 34.979
  39  70.380790  61.268849    26.233    26.226  4 55040.26495696 31.384
  40  70.383477  61.269561    25.426    24.890  3 55050.18059760 29.644
  41  70.379846  61.270262    25.982    26.800  3 55060.09623555 28.609
  42  70.379943  61.267523    23.416    23.431  3 55070.01187671 48.855
  43  70.375125  61.265523    23.402    23.434  4 55079.92752591 44.444
  44  70.374891  61.264316    22.872    22.588  4 55089.84317345 29.061
  45  70.377637  61.264590    22.847    22.528  4 55099.75881990 31.055
  46  70.379001  61.266010    25.774    26.148  4 55109.67446555 23.896
  47  70.376246  61.267023    22.279    22.201  4 55119.59010940 33.976
  48  70.375579  61.265270    22.692    22.597  4 55129.50575125 32.740
  49  70.374922  61.263379    22.066    21.998  5 55139.42139114 47.756
  50  70.376367  61.263393    22.544    22.575  4 55149.33702988 36.130
  51  70.375815  61.266781    23.011    23.039  4 55159.25266780 32.513
  52  70.380398  61.268633    23.139    23.162  3 55169.16830607 24.363
  53  70.381897  61.269678    22.860    22.845  4 55179.08394315 21.347
  54  70.380993  61.268477    22.688    22.695  4 55188.99958939 17.882
  55  70.379291  61.267328    22.209    22.182  3 55198.91524004 17.265
  56  70.379144  61.267307    22.693    22.803  3 55208.83088976 14.612
  57  70.379518  61.268398    22.749    22.745  4 55218.74653884 15.565
  58  70.379174  61.268561    23.769    23.584  4 55228.66218712 13.621
  59  70.377821  61.267490    23.513    23.841  4 55238.57783239 14.994
  60  70.375699  61.265350    24.561    24.553  4 55248.49347416 13.355
  61  70.374784  61.263437    24.642    24.620  5 55258.40911369 13.612
  62  70.375265  61.263424    24.228    24.202  5 55268.32475245 12.249
  63  70.376748  61.265175    25.239    25.301  4 55278.24039081 12.210
  64  70.379525  61.266587    26.224    26.252  4 55288.15602809 10.820
  65  70.379828  61.267610    27.456    26.221  3 55298.07166280 11.402
  66  70.379394  61.265896    24.735    24.508  4 55307.98730558 28.229
  67  70.376008  61.264607    22.926    22.895  4 55317.90295181 37.062
  68  70.377104  61.263921    25.285    25.118  4 55327.81859719 45.681
  69  70.379434  61.265236    26.817    26.844  4 55337.73424165 30.982
  70  70.378949  61.267914    27.136    27.112  4 55347.64988522 46.256
  71  70.381048  61.268383    27.300    27.280  3 55357.56552762 33.115
  72  70.379199  61.268664    27.701    27.572  3 55367.48116766 49.097
  73  70.380138  61.267905    27.311    27.406  4 55377.39680667 34.264
  74  70.379475  61.268818    27.681    27.676  3 55387.31244456 36.316
  75  70.381563  61.269625    27.616    27.617  4 55397.22808184 40.944
  76  70.382254  61.270002    27.404    27.391  3 55407.14372501 38.785
  77  70.379498  61.268803    26.964    26.831  3 55417.05937611 31.861
  78  70.377579  61.266118    25.629    25.316  4 55426.97502402 25.121
  79  70.375752  61.264362    24.289    24.232  4 55436.89066906 29.541
  80  70.375416  61.264202    23.617    23.564  5 55446.80631264 42.677
  81  70.375408  61.265567    23.326    23.248  4 55456.72195556 48.348
  82  70.378157  61.266319    24.413    24.425  4 55466.63759811 25.885
  83  70.378489  61.266667    22.503    22.487  3 55476.55323732 35.318
  84  70.376180  61.266670    25.238    25.035  4 55486.46887316 23.657
  85  70.376968  61.265580    24.257    24.137  4 55496.38450732 26.046
  86  70.376583  61.266678    24.876    24.644  4 55506.30014268 24.004
  87  70.379092  61.266929    23.378    23.333  3 55516.21579349 29.467
  88  70.381045  61.267951    22.295    22.283  4 55526.13144326 37.579
  89  70.380937  61.268426    22.680    22.655  3 55536.04709089 30.515
  90  70.380504  61.267863    22.912    22.928  4 55545.96273644 28.822
  91  70.378032  61.267949    22.821    22.798  4 55555.87837984 21.488
  92  70.378859  61.267849    22.672    22.594  4 55565.79402260 19.362
  93  70.378881  61.268435    22.358    22.312  3 55575.70966454 19.858
  94  70.380546  61.267603    22.119    22.065  3 55585.62530505 20.073
  95  70.378485  61.267321    22.007    21.986  3 55595.54094188 18.699
  96  70.378624  61.266394    23.041    22.896  4 55605.45657584 17.223
  97  70.377024  61.267097    22.582    22.546  4 55615.37220744 16.664
  98  70.379375  61.267094    23.061    22.763  3 55625.28784838 15.565
  99  70.380469  61.266624    22.524    22.647  4 55635.20350094 15.032
 100  70.380435  61.266292    22.658    22.617  4 55645.11915123 15.304
 101  70.377768  61.266220    24.740    25.522  4 55655.03479847 13.163
 102  70.376311  61.265714    23.490    23.866  4 55664.95044129 29.955
 103  70.377580  61.265034    23.263    23.286  4 55674.86608134 35.009
 104  70.376051  61.266607    26.435    26.405  4 55684.78171912 48.902
 105  70.379374  61.267705    26.211    26.342  3 55694.69735619 35.536
 106  70.380602  61.269692    27.012    27.003  3 55704.61299160 32.160
 107  70.379965  61.270175    26.969    26.967  3 55714.52863818 33.372
 108  70.379363  61.269467    26.911    26.994  3 55724.44428717 29.980
 109  70.380676  61.268443    26.631    26.615  4 55734.35993451 32.393
 110  70.380605  61.268383    25.978    25.839  4 55744.27558038 30.935
 111  70.379903  61.268292    25.060    24.626  4 55754.19122471 31.587
 112  70.380304  61.267126    25.272    25.243  4 55764.10686699 29.706
 113  70.377810  61.266429    23.784    23.552  4 55774.02250612 33.706
 114  70.378471  61.265138    23.338    23.312  4 55783.93814225 37.676
 115  70.378040  61.266379    23.270    23.030  3 55793.85377549 41.218
 116  70.378858  61.268178    25.581    26.589  3 55803.76941159 25.606
 117  70.380481  61.267979    25.484    26.395  3 55813.68506128 24.662
 118  70.379257  61.267477    25.629    26.445  3 55823.60070876 25.000
 119  70.378278  61.266487    23.721    23.037  4 55833.51635161 27.611
 120  70.378914  61.265771    23.952    23.759  4 55843.43199049 25.121
 121  70.378951  61.266949    23.739    23.435  3 55853.34762613 29.518
 122  70.379621  61.269044    26.395    26.532  3 55863.26326236 20.422
 123  70.382086  61.268499    21.603    21.459  3 55873.17891673 41.960
 124  70.381534  61.268723    22.404    22.418  3 55883.09456563 34.519
 125  70.380690  61.268836    22.195    22.205  4 55893.01020815 27.792
 126  70.381237  61.269097    22.204    22.270  4 55902.92584516 22.458
 127  70.380957  61.270205    22.227    22.228  3 55912.84148174 19.696
 128  70.382585  61.268932    22.098    22.171  3 55922.75713622 19.951
 129  70.381381  61.268243    21.991    21.989  3 55932.67278745 19.584
 130  70.376995  61.267412    21.503    21.494  4 55942.58843411 23.697
 131  70.375331  61.265385    21.314    21.310  4 55952.50407684 25.959
 132  70.374683  61.264593    21.347    21.342  4 55962.41971622 23.601
 133  70.377452  61.265044    21.175    21.223  4 55972.33535383 21.089
 134  70.379628  61.267306    23.570    23.813  4 55982.25098997 17.805
 135  70.380143  61.269219    25.581    25.435  4 55992.16662443 18.772
 136  70.379237  61.268157    25.533    25.591  3 56002.08227216 16.757
 137  70.378804  61.265302    25.123    25.163  4 56011.99792245 14.567
 138  70.375752  61.264861    20.850    20.851  4 56021.91356854 25.675
 139  70.376358  61.265651    22.451    22.412  4 56031.82921189 33.709
 140  70.377822  61.267911    24.119    23.394  4 56041.74485300 30.678
 141  70.380202  61.269363    25.320    24.841  3 56051.66049189 33.374
 142  70.381379  61.270017    26.032    26.309  3 56061.57612794 31.731
 143  70.382444  61.269139    25.616    25.168  3 56071.49176681 32.831
 144  70.380454  61.268165    25.516    25.151  3 56081.40741726 38.547
 145  70.379642  61.268252    25.917    26.570  3 56091.32306514 28.602
 146  70.381398  61.268588    25.121    25.095  4 56101.23871091 27.840
 147  70.379801  61.268926    22.626    22.742  3 56111.15434215 41.926
 148  70.380780  61.267034    25.073    25.189  4 56121.06998212 24.389
 149  70.376963  61.266330    21.145    21.144  4 56130.98561776 29.649
 150  70.378568  61.265235    21.039    21.024  4 56140.90125247 35.988
 151  70.376852  61.266078    21.131    21.101  4 56150.81690311 33.469
 152  70.377819  61.267685    20.980    20.661  4 56160.73255200 39.322
 153  70.379863  61.268089    23.460    23.507  4 56170.64819945 29.854
 154  70.378432  61.267469    20.517    20.483  3 56180.56384268 35.550
 155  70.376964  61.265972    22.945    22.487  4 56190.47948208 26.624
 156  70.378030  61.264936    23.110    23.236  4 56200.39511883 26.619
 157  70.379711  61.266845    22.419    21.143  4 56210.31075298 31.437
 158  70.380385  61.270623    23.158    21.421  3 56220.22638501 30.324
 159  70.381518  61.271726    21.791    21.785  3 56230.14203502 31.430
 160  70.383153  61.269980    20.897    20.863  3 56240.05768872 37.757
 161  70.379850  61.268955    21.937    21.928  4 56249.97333790 30.671
 162  70.379918  61.267502    21.882    21.913  4 56259.88898258 26.893
 163  70.380145  61.267890    21.740    21.691  3 56269.80462438 23.983
 164  70.381282  61.268550    21.553    21.496  4 56279.72026446 21.434
 165  70.380664  61.268272    21.812    21.711  3 56289.63591536 18.828
 166  70.378965  61.266561    22.098    22.049  4 56299.55156360 18.330
 167  70.376540  61.264590    22.592    22.608  5 56309.46720785 18.454
 168  70.375668  61.263524    22.428    22.299  4 56319.38284982 16.726
 169  70.376334  61.264757    22.258    21.823  5 56329.29849081 17.028
 170  70.379070  61.266806    22.381    22.474  4 56339.21413112 16.396
 171  70.381551  61.268367    21.774    21.509  3 56349.12976939 16.821
 172  70.381618  61.268259    24.512    24.483  3 56359.04540518 15.494
 173  70.379477  61.265599    24.965    25.004  4 56368.96105596 13.409
 175  70.375509  61.266257    26.759    26.769  4 56388.79234860 11.533
 176  70.379317  61.268162    30.194    30.154  4 56398.70799200 12.981
 177  70.381695  61.269827    23.109    22.593  4 56408.62363282 34.572
 178  70.380709  61.270702    24.630    24.648  3 56418.53926911 41.037
 179  70.381544  61.269942    26.736    26.752  3 56428.45490218 33.526
 180  70.380013  61.267868    27.255    27.222  3 56438.37055610 50.572
 181  70.378626  61.267335    27.347    27.344  3 56448.28620733 38.814
 182  70.377880  61.267887    27.687    27.721  4 56458.20185633 31.993
 183  70.380271  61.266650    27.497    27.456  4 56468.11750257 36.995
 184  70.378292  61.266154    28.346    28.257  4 56478.03314425 51.765
 185  70.378195  61.264821    27.832    27.763  4 56487.94878235 31.763
 186  70.378365  61.264881    28.174    28.062  4 56497.86441767 52.929
 187  70.379400  61.266456    27.209    27.149  4 56507.78005158 33.420
 188  70.381534  61.268498    25.214    24.843  3 56517.69568904 35.388
 189  70.379969  61.269056    25.461    25.031  3 56527.61134293 30.353
 190  70.379513  61.268203    24.906    24.991  4 56537.52699285 30.351
 192  70.376325  61.266290    23.879    23.529  4 56557.35828217 28.407
 193  70.378227  61.266819    25.775    26.146  4 56567.27392485 24.212
 194  70.380222  61.268930    25.003    24.476  3 56577.18956606 22.121
 195  70.381380  61.271086    22.150    22.142  3 56587.10520370 26.451
 196  70.382018  61.271271    25.072    24.969  4 56597.02084416 24.280
 197  70.382400  61.268599    22.436    22.276  3 56606.93649639 43.922
 198  70.380339  61.267493    22.930    22.943  3 56616.85214323 37.781
 199  70.378890  61.267665    23.097    23.037  4 56626.76778646 42.653
 200  70.379800  61.267917    23.558    23.571  3 56636.68342711 32.667
 201  70.380648  61.267883    23.592    23.511  4 56646.59906790 29.276
 202  70.379129  61.266365    23.389    23.412  4 56656.51472006 20.599
 203  70.376565  61.265246    23.326    23.202  4 56666.43036777 21.018
 204  70.375329  61.265258    22.677    22.686  4 56676.34601293 22.647
 205  70.377502  61.265602    24.297    24.612  5 56686.26165735 20.151
 206  70.379705  61.266571    23.795    23.858  4 56696.17729973 18.711
 207  70.380303  61.267782    23.229    23.517  3 56706.09293738 17.748
 208  70.381096  61.268091    25.151    25.143  4 56716.00857049 17.049
 209  70.378554  61.266782    25.525    25.439  4 56725.92422393 17.632
 210  70.378192  61.266192    26.535    26.467  4 56735.83987341 16.066
 211  70.379325  61.267085    26.168    26.265  4 56745.75551940 12.694
 212  70.380581  61.268737    24.633    25.151  4 56755.67116100 14.184
 213  70.379975  61.270644    22.136    22.106  3 56765.58679674 33.657
 214  70.381580  61.269908    24.210    24.218  3 56775.50243619 30.998
 215  70.380709  61.267810    27.084    27.082  4 56785.41809303 39.211
 216  70.380235  61.266288    27.747    27.680  4 56795.33374628 38.549
 217  70.378793  61.265996    27.912    27.963  4 56805.24939529 39.364
 218  70.379525  61.265658    28.013    28.006  4 56815.16503768 28.816
 219  70.379120  61.265344    27.991    28.019  4 56825.08067650 29.985
 220  70.376321  61.266095    27.698    27.742  4 56834.99631120 33.192
 221  70.377498  61.266810    27.347    27.315  4 56844.91194285 36.737
 223  70.377745  61.267451    27.171    26.971  4 56864.74324173 30.624
 224  70.380303  61.266228    25.861    25.779  4 56874.65889486 49.710
 225  70.379852  61.265630    24.321    24.297  4 56884.57454449 49.480
 226  70.378078  61.265452    23.911    23.961  4 56894.49019086 30.180
 227  70.376363  61.265938    23.909    23.588  4 56904.40583403 28.955
 228  70.378776  61.266201    23.419    23.104  4 56914.32147560 33.291
 229  70.380155  61.267710    24.183    23.152  4 56924.23711523 30.979
 230  70.379581  61.269880    26.347    27.337  3 56934.15275195 29.231
 231  70.380624  61.270866    23.039    23.016  3 56944.06838368 36.799
 232  70.380895  61.269297    22.355    22.401  3 56953.98403180 39.952
 233  70.379145  61.267949    23.308    23.328  4 56963.89968191 41.945
 234  70.379269  61.267558    24.450    24.477  3 56973.81532728 36.802
 235  70.379473  61.268324    24.823    24.821  4 56983.73096810 30.193
 236  70.379412  61.269016    24.529    24.508  3 56993.64660403 22.140
 237  70.380616  61.267884    24.065    24.050  4 57003.56224155 19.246
 238  70.376093  61.266246    23.459    23.413  4 57013.47789763 17.854
 239  70.377152  61.264736    24.607    24.650  4 57023.39354904 17.263
 240  70.379411  61.265387    23.784    23.900  4 57033.30919782 15.807
 241  70.380043  61.267031    23.251    23.219  4 57043.22484408 15.783
 242  70.380187  61.267626    24.118    24.132  4 57053.14048804 14.724
 243  70.379158  61.267238    23.779    23.731  3 57063.05612753 13.658
 244  70.378446  61.267230    24.984    24.972  4 57072.97176182 14.266
 245  70.381090  61.268121    24.726    24.877  4 57082.88739239 14.689
 246  70.380488  61.269948    26.173    26.154  3 57092.80303988 15.356
 247  70.382774  61.269941    27.572    27.142  3 57102.71869708 12.705
 248  70.381047  61.270153    28.734    29.451  3 57112.63435020 14.070
 249  70.379480  61.269050    21.704    21.677  3 57122.54999752 33.944
 250  70.378467  61.267541    25.160    25.083  4 57132.46563948 27.064
 251  70.379464  61.267168    24.506    24.458  3 57142.38127672 40.140
 252  70.379834  61.268853    27.003    27.008  4 57152.29691072 31.828
 253  70.381117  61.270628    27.592    27.569  3 57162.21254223 40.077
 254  70.380487  61.269082    27.536    27.533  4 57172.12819981 40.768
 255  70.380098  61.266286    27.940    27.926  4 57182.04385461 37.276
 256  70.377075  61.264598    28.405    28.363  4 57191.95950514 37.120
 257  70.375825  61.264538    28.848    28.816  5 57201.87515272 34.957
 258  70.375478  61.266464    29.244    29.271  4 57211.79078646 32.332
 259  70.380449  61.267344    29.265    29.314  4 57221.70643049 40.582
 260  70.379328  61.268598    28.859    28.826  4 57231.62207252 35.996
 261  70.380285  61.267745    27.607    27.686  3 57241.53771246 36.076
 262  70.379213  61.267292    26.382    26.330  3 57251.45334960 34.424
 263  70.379319  61.268391    26.455    26.416  4 57261.36898481 35.607
 264  70.381825  61.270559    26.214    26.101  4 57271.28461896 33.024
 265  70.382367  61.271598    26.697    27.670  3 57281.20027491 29.706
 266  70.381552  61.271344    24.052    24.035  4 57291.11593013 38.294
 267  70.380915  61.269013    26.034    26.028  4 57301.03158253 34.016
 268  70.378515  61.266710    24.662    24.446  4 57310.94723101 49.667
 269  70.375658  61.266018    24.434    24.235  4 57320.86287585 37.416
 270  70.378683  61.265793    24.119    23.956  4 57330.77851854 49.080
 271  70.378603  61.267983    24.120    24.154  4 57340.69415849 44.413
 272  70.378747  61.267500    24.203    24.210  3 57350.60980893 37.275
 273  70.377722  61.265983    24.531    24.561  4 57360.52545395 32.408
 274  70.377314  61.263927    24.457    24.465  4 57370.44109595 22.704
 275  70.375114  61.264740    24.431    24.437  4 57380.35673529 20.061
 276  70.377789  61.266810    24.143    24.158  4 57390.27237399 20.984
 277  70.382830  61.268821    24.121    24.090  3 57400.18801199 19.420
 278  70.382771  61.270379    24.713    24.781  3 57410.10365119 16.930
 279  70.379503  61.269090    24.308    24.433  3 57420.01930362 16.113
 280  70.378594  61.267089    25.219    25.097  4 57429.93495371 16.348
 281  70.378600  61.266852    25.648    25.685  4 57439.85060145 17.079
 282  70.379339  61.268614    26.246    26.220  3 57449.76624791 17.062
 283  70.380921  61.270035    26.554    26.485  3 57459.68189305 16.543
 284  70.383021  61.269980    26.732    26.713  3 57469.59753524 15.707
 285  70.380628  61.269612    29.921    29.873  3 57479.51317302 13.287
 286  70.381026  61.267916    24.288    24.157  3 57489.42880820 28.309
 287  70.379210  61.268438    24.122    23.674  3 57499.34444099 38.824
 288  70.381999  61.268341    26.531    26.591  3 57509.26008477 31.340
 289  70.381028  61.268361    27.398    27.398  4 57519.17574072 36.696
 290  70.380130  61.268122    27.726    27.715  3 57529.09139391 51.550
 291  70.378211  61.266830    27.474    27.458  3 57539.00704404 34.526
 292  70.378477  61.264636    27.895    27.847  4 57548.92269174 42.090
 293  70.376718  61.264406    28.238    28.215  5 57558.83833758 51.645
 294  70.375562  61.266318    27.853    27.870  4 57568.75398237 28.307
 295  70.380693  61.267005    27.248    27.255  4 57578.66962733 34.365
 296  70.381639  61.268225    26.620    26.307  3 57588.58527034 31.354
 297  70.381253  61.268105    26.118    25.728  4 57598.50091080 30.338
