# NaN NaN NaN ;Mean Elev.(m), Avg Gradient(m/km), RMS Gradient(m/km) - SRTM1     
#  -12.458  -2.364   6.856 ;Mean Elev.(m), Avg Gradient(m/km), RMS Gradient(m/km) - ASTER GDEM
#    4.830  -0.778   4.488 ;Mean Elev.(m), Avg Gradient(m/km), RMS Gradient(m/km) - GMTED2010 
   2  65.858979  66.104778     6.527     6.496  4 54669.32227463 32.760
   3  65.855149  66.105506     6.653     6.897  4 54679.23791843 28.066
   4  65.854831  66.106817     4.683     4.688  4 54689.15356139 51.405
   5  65.852012  66.107374     3.922     3.696  3 54699.06920201 50.023
   6  65.856419  66.106479     6.599     6.602  4 54708.98484621 32.734
   7  65.856282  66.104651     6.285     6.530  4 54718.90049769 29.804
   8  65.860942  66.102932     6.107     6.260  4 54728.81614701 29.171
   9  65.861121  66.102505     6.200     6.476  3 54738.73179438 25.940
  10  65.857699  66.103223     6.348     6.362  4 54748.64744135 31.470
  11  65.858140  66.104221     6.285     6.351  3 54758.56308840 26.751
  12  65.859814  66.104344     6.123     6.117  4 54768.47873331 29.055
  13  65.858314  66.103158     2.992     3.000  4 54778.39437455 33.232
  14  65.860539  66.101860     2.842     2.826  3 54788.31001368 34.744
  15  65.862033  66.101655     3.464     3.516  4 54798.22565173 29.669
  16  65.860204  66.102862     2.883     2.704  4 54808.14128946 29.895
  17  65.856303  66.104308     5.237     5.390  4 54818.05692647 14.042
  18  65.856476  66.105261     2.987     2.912  4 54827.97257720 24.161
  19  65.855471  66.105318     2.757     2.773  4 54837.88821606 27.566
  20  65.853723  66.105561     3.343     2.707  4 54847.80386520 20.591
  21  65.854993  66.106229     4.125     4.058  4 54857.71951407 18.413
  22  65.851663  66.107000     5.385     5.417  4 54867.63516261 11.964
  23  65.852130  66.106871     5.590     5.611  3 54877.55081079 12.100
  24  65.856998  66.105748     5.736     5.722  4 54887.46645632 11.943
  25  65.857305  66.103925     5.929     5.893  4 54897.38209806 13.129
  26  65.859435  66.102930     5.783     5.758  4 54907.29773735 11.449
  27  65.859394  66.103088     6.147     6.157  3 54917.21337524 12.382
  28  65.857861  66.103706     5.736     5.701  4 54927.12901286 11.638
  29  65.858692  66.103865     5.705     5.541  3 54937.04465005 11.233
  30  65.858872  66.103315     6.885     6.888  3 54946.96028536  8.255
  31  65.858838  66.102250     6.035     6.165  4 54956.87591910 10.935
  32  65.860633  66.101897     4.677     4.686  3 54966.79156784 24.134
  33  65.860755  66.102455     6.715     6.717  4 54976.70721548 38.269
  34  65.858773  66.103558     6.967     6.957  4 54986.62286296 36.068
  35  65.858959  66.104481     6.949     6.942  4 54996.53851074 34.105
  36  65.857959  66.104970     6.886     6.892  4 55006.45415675 32.966
  37  65.856026  66.105273     6.779     6.766  4 55016.36980049 32.562
  38  65.856590  66.105817     6.764     6.828  4 55026.28544304 31.415
  39  65.855182  66.106733     6.705     6.671  4 55036.20108495 30.512
  40  65.852189  66.106940     6.527     6.511  3 55046.11672583 29.387
  41  65.857809  66.106079     6.455     6.481  4 55056.03236567 31.406
  42  65.858531  66.104029     6.348     6.494  3 55065.94800272 29.117
  43  65.859641  66.102652     6.003     6.389  3 55075.86365180 28.898
  44  65.858231  66.102480     5.762     5.762  4 55085.77929949 29.827
  45  65.858304  66.103364     3.717     2.668  3 55095.69494571 36.355
  46  65.856092  66.103922     5.830     5.835  4 55105.61059147 31.158
  47  65.857130  66.103645     4.972     5.525  4 55115.52623723 37.469
  48  65.860790  66.102653     5.942     6.114  4 55125.44188084 31.610
  49  65.859919  66.101825     4.835     5.869  3 55135.35752144 30.176
  50  65.860771  66.101862     2.404     2.371  4 55145.27316007 40.996
  51  65.861359  66.102995     1.978     1.987  4 55155.18879799 32.463
  52  65.858578  66.103994     2.193     2.210  3 55165.10443585 26.562
  53  65.855622  66.104669     2.229     2.221  4 55175.02007347 20.747
  54  65.857454  66.104630     2.347     2.301  4 55184.93571389 15.874
  55  65.854494  66.104825     2.277     2.258  4 55194.85136474 15.319
  56  65.859223  66.105846     3.397     2.784  4 55204.76701503 14.833
  57  65.853967  66.106971     2.904     2.580  4 55214.68266375 14.457
  58  65.853177  66.107212     3.610     2.728  3 55224.59831237 12.364
  59  65.856361  66.105812     3.079     2.540  3 55234.51395949 12.832
  60  65.858140  66.103364     3.101     2.150  3 55244.42960321 12.530
  61  65.859523  66.101676     5.112     5.162  3 55254.34524393 12.412
  62  65.859238  66.102044     5.130     5.155  4 55264.26088269 12.674
  63  65.860216  66.103859     5.595     5.638  4 55274.17652066 13.694
  64  65.854703  66.104649     5.325     5.469  4 55284.09215748 13.224
  65  65.856141  66.103672     4.975     5.156  4 55294.00779341 13.036
  66  65.859101  66.101774     5.432     5.418  3 55303.92343106 13.825
  67  65.862263  66.100817     2.223     2.229  4 55313.83907879 21.399
  68  65.861283  66.101748     3.813     3.850  3 55323.75472415 29.693
  69  65.857924  66.103644     6.426     6.416  4 55333.67036802 43.672
  70  65.857170  66.105096     6.745     6.731  4 55343.58601197 54.201
  71  65.860186  66.105199     6.805     6.902  4 55353.50165576 32.248
  72  65.856767  66.104660     6.715     6.691  4 55363.41729684 32.378
  73  65.855116  66.104631     6.595     6.650  4 55373.33293627 31.902
  74  65.856279  66.105620     6.748     6.807  4 55383.24857467 28.279
  75  65.855277  66.106645     6.484     6.527  4 55393.16421209 27.121
  76  65.853103  66.106683     6.592     6.536  4 55403.07984807 28.172
  77  65.855710  66.105133     5.805     5.661  4 55412.99550023 40.500
  78  65.860786  66.102770     6.084     6.323  3 55422.91114976 26.444
  79  65.862585  66.101113     5.038     4.784  4 55432.82679635 44.019
  80  65.862217  66.101787     3.715     3.796  4 55442.74244093 48.123
  81  65.858522  66.103479     5.896     6.190  3 55452.65808376 29.239
  82  65.856427  66.104800     4.820     5.062  4 55462.57372593 34.116
  83  65.856369  66.103951     5.887     6.018  4 55472.48936640 28.837
  84  65.861830  66.102082     3.756     3.137  3 55482.40500453 35.199
  85  65.863027  66.100563     2.779     2.645  3 55492.32064006 46.391
  86  65.859869  66.101244     2.438     2.478  4 55502.23627356 45.035
  87  65.860023  66.103588     3.028     3.025  4 55512.15191895 39.108
  88  65.853889  66.105439     4.069     3.976  4 55522.06756799 25.810
  89  65.859034  66.106014     1.584     1.556  4 55531.98321672 25.688
  90  65.854306  66.105071     1.761     1.757  4 55541.89886289 22.321
  91  65.860446  66.104673     1.861     1.781  4 55551.81450798 22.517
  92  65.859808  66.105353     1.991     1.936  4 55561.73015107 20.356
  93  65.855704  66.106490     2.067     2.060  4 55571.64579312 17.891
  94  65.855244  66.106641     4.418     4.306  4 55581.56143434 18.461
  95  65.856482  66.104858     2.733     2.372  4 55591.47707253 18.509
  96  65.860899  66.102249     2.372     2.001  4 55601.39270776 18.488
  97  65.862247  66.100646     4.973     5.208  3 55611.30834055 17.694
  98  65.860259  66.101303     4.239     4.900  4 55621.22397280 11.879
  99  65.860703  66.103561     3.248     3.189  4 55631.13962574 12.331
 100  65.860363  66.104797     4.652     4.572  4 55641.05527651 12.055
 101  65.857903  66.103931     2.830     2.172  3 55650.97092439 11.067
 102  65.859732  66.101803     7.112     7.101  3 55660.88656893 13.267
 103  65.862340  66.100786     3.352     3.812  3 55670.80221023 34.234
 104  65.859690  66.101708     4.553     4.314  4 55680.71784937 32.035
 105  65.855741  66.103950     6.078     5.915  4 55690.63348659 43.619
 106  65.855075  66.105693     6.933     6.926  4 55700.54912251 49.593
 107  65.855180  66.105972     6.749     6.807  4 55710.46476243 34.939
 108  65.859617  66.105385     6.228     6.469  4 55720.38041291 33.004
 109  65.855147  66.104928     6.534     6.631  4 55730.29606038 31.531
 110  65.857509  66.105269     5.921     5.929  4 55740.21170718 47.160
 111  65.856167  66.105787     5.727     5.779  4 55750.12735240 31.936
 112  65.858270  66.105674     6.418     6.420  4 55760.04299555 28.894
 113  65.856035  66.104420     3.658     3.648  4 55769.95863544 47.580
 114  65.858385  66.102460     5.871     5.783  4 55779.87427240 29.508
 115  65.859698  66.101184     5.883     6.094  3 55789.78990672 27.415
 116  65.859534  66.101497     5.875     6.059  3 55799.70553974 29.383
 117  65.857925  66.102990     4.726     5.160  4 55809.62118681 31.006
 118  65.857774  66.104262     5.425     5.005  3 55819.53683573 31.225
 119  65.855984  66.103875     3.028     2.959  4 55829.45248003 49.331
 120  65.860678  66.102393     5.840     6.173  3 55839.36812043 28.089
 121  65.862203  66.101224     4.276     4.183  3 55849.28375749 34.719
 122  65.861166  66.101986     5.874     6.030  4 55859.19939232 29.719
 123  65.857523  66.104117     2.342     2.325  4 55869.11504089 42.897
 124  65.856865  66.105975     2.073     2.095  4 55879.03069219 34.801
 125  65.856896  66.106394     2.957     1.803  4 55888.94633690 23.488
 126  65.858857  66.105771     2.972     1.932  4 55898.86197597 21.622
 127  65.858310  66.105114     1.901     1.909  4 55908.77760990 21.649
 128  65.854763  66.105254     2.563     2.151  4 55918.69325908 20.785
 129  65.858446  66.105575     1.895     1.874  4 55928.60891236 22.046
 130  65.854313  66.104928     2.985     2.136  4 55938.52456134 19.291
 131  65.860255  66.103541     2.676     1.942  4 55948.44020635 20.002
 132  65.861425  66.102232     3.735     4.074  4 55958.35584642 18.729
 133  65.861188  66.101908     4.043     4.343  3 55968.27148394 17.223
 134  65.860354  66.102671     3.416     3.404  4 55978.18712055 16.691
 135  65.858512  66.103428     3.491     3.426  3 55988.10275641 17.747
 136  65.859790  66.103623     3.797     4.228  4 55998.01839674 16.647
 137  65.858695  66.103063     5.058     4.962  3 56007.93404781 17.664
 138  65.859779  66.102337     5.217     5.140  3 56017.84969489 17.734
 139  65.859916  66.102484     5.856     5.870  4 56027.76533899 14.041
 140  65.858172  66.103504     6.313     6.412  3 56037.68098126 10.934
 141  65.856416  66.104812     4.101     4.191  4 56047.59662161 16.240
 142  65.855654  66.105762     5.148     5.170  4 56057.51225926 38.051
 143  65.854520  66.105823     6.683     6.723  4 56067.42789252 34.453
 144  65.854621  66.105671     6.588     6.635  4 56077.34354196 34.670
 145  65.856149  66.105726     6.619     6.612  4 56087.25919093 30.525
 146  65.858820  66.105855     6.716     6.796  4 56097.17483754 30.793
 147  65.857674  66.105341     6.575     6.580  4 56107.09048162 30.162
 148  65.860297  66.104155     6.418     6.309  4 56117.00611164 27.675
 149  65.859656  66.102822     5.548     5.382  3 56126.92174923 26.375
 150  65.861401  66.102008     6.138     6.302  4 56136.83738323 26.583
 151  65.861919  66.102438     4.583     5.759  4 56146.75302772 29.130
 152  65.859448  66.103327     5.779     5.768  4 56156.66867693 29.460
 153  65.858572  66.103934     2.172     2.210  3 56166.58432535 48.505
 154  65.859604  66.103629     5.661     5.649  4 56176.49997153 30.503
 155  65.861021  66.102906     5.545     5.645  4 56186.41561284 30.415
 156  65.860311  66.102358     5.928     6.037  4 56196.33125022 29.710
 157  65.857831  66.102954     5.991     5.966  4 56206.24688446 29.060
 158  65.860311  66.104501     2.341     2.287  4 56216.16251766 50.272
 159  65.859145  66.105850     6.089     6.159  4 56226.07815783 31.577
 160  65.853176  66.105981     2.051     2.076  4 56235.99381246 42.375
 161  65.857294  66.105625     1.524     1.486  4 56245.90946413 37.598
 162  65.859192  66.105353     1.664     1.668  4 56255.82511050 31.654
 163  65.856357  66.105750     1.813     1.780  4 56265.74075261 28.519
 164  65.854965  66.106186     1.705     1.685  4 56275.65639317 27.817
 165  65.856103  66.105640     2.886     2.071  4 56285.57203929 18.522
 166  65.857888  66.103860     1.754     1.766  4 56295.48768984 21.799
 167  65.861801  66.101992     1.774     1.807  3 56305.40333645 18.371
 168  65.862558  66.101624     1.731     1.734  3 56315.31897931 19.006
 169  65.858415  66.102941     1.591     1.571  4 56325.23461985 19.266
 170  65.855044  66.104444     1.530     1.542  4 56335.15025961 18.723
 171  65.859140  66.104665     2.972     2.750  4 56345.06589904 14.525
 172  65.859740  66.103426     2.725     2.680  4 56354.98153580 14.431
 173  65.859892  66.102178     3.346     4.329  3 56364.89718102 14.568
 174  65.861575  66.102376     4.530     4.526  4 56374.81283003 13.430
 176  65.856495  66.105952     4.587     4.422  4 56394.64411937 13.180
 177  65.852403  66.106665     6.817     6.861  4 56404.55976091  2.419
 178  65.854934  66.106406     3.518     2.247  3 56414.47539998 28.379
 179  65.858619  66.105325     4.234     4.194  4 56424.39103427 34.892
 180  65.859948  66.105018     6.647     6.646  4 56434.30668044 33.970
 181  65.857758  66.105456     6.552     6.637  4 56444.22233239 33.246
 182  65.857477  66.106365     6.606     6.629  4 56454.13798200 33.137
 183  65.856389  66.105870     6.548     6.646  3 56464.05362870 28.412
 184  65.858142  66.104051     6.200     6.190  3 56473.96927218 28.082
 185  65.860192  66.101883     5.948     5.952  4 56483.88491228 46.026
 186  65.860176  66.101306     5.837     5.850  4 56493.80054895 38.236
 187  65.859812  66.102707     5.888     5.827  4 56503.71618341 28.953
 188  65.855313  66.104554     5.791     5.615  4 56513.63181590 41.448
 189  65.858312  66.105231     4.287     3.650  4 56523.54746624 34.387
 190  65.856001  66.103957     5.773     5.713  4 56533.46311787 27.617
 192  65.859009  66.102336     4.509     5.319  3 56553.29441096 29.125
 193  65.860746  66.104324     5.947     5.956  4 56563.21005388 27.804
 194  65.855393  66.106598     5.745     5.763  3 56573.12569490 28.719
 195  65.852326  66.107630     5.116     5.101  4 56583.04133390 25.620
 196  65.854701  66.106699     3.177     3.247  3 56592.95696886 44.624
 197  65.857872  66.105221     2.808     2.774  4 56602.87262083 34.359
 198  65.855973  66.104396     3.032     3.045  4 56612.78826977 35.512
 199  65.854538  66.105110     3.009     2.981  4 56622.70391453 31.209
 200  65.858030  66.106047     2.789     2.661  4 56632.61955685 34.116
 201  65.853322  66.105683     2.309     2.331  4 56642.53519397 25.492
 202  65.859164  66.103948     2.589     2.577  4 56652.45084447 29.162
 203  65.861300  66.101980     2.474     2.490  4 56662.36649422 23.254
 204  65.862520  66.101414     4.350     4.379  4 56672.28214100 17.564
 205  65.860831  66.103122     2.273     2.241  4 56682.19778591 24.487
 206  65.857299  66.104918     3.538     3.283  4 56692.11342860 17.597
 207  65.858000  66.105605     4.100     4.407  4 56702.02906771 17.116
 208  65.858165  66.104231     4.908     4.944  4 56711.94470175 15.034
 209  65.857455  66.102893     5.053     5.072  4 56721.86034727 15.874
 210  65.859709  66.102933     5.897     5.952  3 56731.77599892 15.754
 211  65.857457  66.104884     6.739     6.750  4 56741.69164653 14.455
 212  65.851652  66.107010     6.797     6.768  4 56751.60728951 13.804
 213  65.852580  66.107919     6.998     7.007  3 56761.52292796  5.209
 214  65.852252  66.106892     2.307     2.322  4 56771.43855953 15.211
 215  65.858957  66.105497     2.772     2.754  4 56781.35421546 25.188
 216  65.860381  66.104650     5.241     5.240  4 56791.26987025 41.811
 217  65.857670  66.104944     6.853     6.862  4 56801.18552166 33.681
 218  65.859222  66.105838     6.774     6.765  4 56811.10116637 34.805
 219  65.853892  66.105649     6.908     6.918  4 56821.01680589 54.321
 220  65.855889  66.104182     6.774     6.696  4 56830.93244198 38.427
 221  65.861392  66.102344     6.612     6.632  3 56840.84807509 29.718
 222  65.859755  66.101667     6.605     6.608  4 56850.76371099 32.110
 223  65.860753  66.103024     6.448     6.527  4 56860.67936554 32.933
 224  65.856376  66.104852     6.605     6.600  4 56870.59501888 31.190
 225  65.855970  66.105621     6.584     6.592  4 56880.51066983 28.777
 226  65.858531  66.104979     6.293     6.500  4 56890.42631738 28.798
 227  65.858390  66.103757     6.017     6.055  4 56900.34196182 29.565
 228  65.860238  66.104046     6.122     6.224  4 56910.25760437 30.221
 229  65.856342  66.105454     6.006     5.992  4 56920.17324475 28.339
 230  65.853754  66.107190     3.379     3.235  3 56930.08888314 49.284
 231  65.854010  66.107650     6.520     6.453  3 56940.00451695 27.629
 232  65.852783  66.106712     5.783     5.914  4 56949.92015444 28.601
 233  65.857432  66.105407     4.342     4.398  4 56959.83580699 28.826
 234  65.858379  66.104653     5.517     5.422  4 56969.75145415 21.644
 235  65.859989  66.104765     5.056     5.115  4 56979.66709747 20.173
 236  65.858085  66.105047     5.090     5.290  4 56989.58273604 17.081
 237  65.858590  66.104684     4.982     4.980  4 56999.49836855 16.399
 238  65.858547  66.103821     4.831     4.914  3 57009.41402126 17.289
 239  65.860608  66.102767     5.198     5.081  4 57019.32967391 16.508
 240  65.858877  66.102562     5.025     5.116  4 57029.24532317 14.695
 241  65.858231  66.103452     5.110     5.133  4 57039.16097086 13.828
 242  65.859684  66.104704     5.001     4.988  4 57049.07661642 13.668
 243  65.859817  66.105214     5.233     5.243  4 57058.99225790 12.374
 244  65.858491  66.104782     5.333     5.430  4 57068.90789355 12.954
 245  65.857490  66.104344     5.282     5.288  3 57078.82352493 12.368
 246  65.855563  66.104702     5.113     5.077  4 57088.73916060 12.424
 247  65.856802  66.106145     6.846     6.827  4 57098.65481906 11.440
 248  65.851405  66.107231     6.713     6.708  4 57108.57047396 11.671
 249  65.852731  66.107229     6.745     6.736  4 57118.48612425 11.033
 250  65.853385  66.106218     6.680     6.704  4 57128.40176839 11.230
 251  65.857575  66.105304     6.895     6.943  4 57138.31740735 10.485
 252  65.855791  66.104943     3.475     3.472  4 57148.23304196 32.771
 253  65.856428  66.104980     5.717     5.638  4 57158.14867420 44.973
 254  65.858968  66.104826     6.998     7.038  4 57168.06432205 35.340
 255  65.856882  66.104123     6.848     6.792  4 57177.97997804 36.683
 256  65.858942  66.103266     6.704     6.712  3 57187.89563032 30.939
 257  65.859788  66.103023     6.604     6.593  3 57197.81127842 30.995
 258  65.859326  66.103538     6.642     6.686  3 57207.72691278 28.206
 259  65.855509  66.104321     6.727     6.741  4 57217.64255709 36.072
 260  65.857326  66.104779     7.007     6.985  3 57227.55820088 49.707
 261  65.858476  66.104740     6.865     6.852  4 57237.47384249 30.797
 262  65.860069  66.104590     6.942     6.959  4 57247.38948075 34.045
 263  65.855467  66.104786     7.008     7.017  4 57257.30511588 32.090
 264  65.855747  66.105902     6.818     6.826  4 57267.22075026 30.902
 265  65.854630  66.106977     6.867     6.855  4 57277.13639673 31.019
 266  65.852456  66.107178     6.496     6.562  4 57287.05205308 31.467
 267  65.853994  66.106355     5.665     5.829  4 57296.96770687 35.543
 268  65.855158  66.105223     5.932     5.935  4 57306.88335698 30.960
 269  65.857899  66.104848     3.888     3.876  4 57316.79900347 42.262
 270  65.857172  66.105089     4.138     4.130  3 57326.71464642 37.091
 271  65.856798  66.105459     4.383     4.391  4 57336.63028731 40.572
 272  65.856984  66.104946     3.962     3.951  4 57346.54593462 36.145
 273  65.858964  66.103699     3.263     3.210  3 57356.46158189 33.408
 274  65.860454  66.102620     3.221     3.178  3 57366.37722551 35.835
 275  65.859141  66.102607     3.526     3.183  3 57376.29286561 34.874
 276  65.859017  66.103814     3.747     3.764  4 57386.20850396 32.794
 277  65.855416  66.104792     3.176     3.179  4 57396.12414140 29.675
 278  65.859819  66.105148     3.066     3.029  4 57406.03977849 24.302
 279  65.858186  66.104491     3.173     3.093  4 57415.95542816 19.336
 280  65.858304  66.104203     2.808     2.809  3 57425.87107937 21.334
 281  65.858728  66.105039     2.799     2.822  4 57435.78672767 20.655
 282  65.854506  66.106720     3.894     3.599  4 57445.70237389 15.628
 283  65.850327  66.107901     3.903     3.957  3 57455.61801929 13.915
 284  65.853291  66.107692     3.101     3.010  3 57465.53366325 17.418
 285  65.855571  66.105842     5.072     4.954  4 57475.44930332 11.798
 286  65.857690  66.104065     7.058     7.098  3 57485.36493994 15.893
 287  65.860620  66.103786     6.418     6.422  4 57495.28057402 10.762
 288  65.860298  66.104972     3.350     3.327  4 57505.19620688 24.420
 289  65.855604  66.105825     5.545     5.535  4 57515.11186290 21.365
 290  65.857330  66.105186     7.340     7.338  4 57525.02751711 50.835
 291  65.858879  66.103261     7.093     7.072  4 57534.94316895 37.214
 292  65.861967  66.101913     6.736     6.722  3 57544.85881801 30.845
 293  65.859963  66.102352     6.862     6.860  4 57554.77446442 46.766
 294  65.856814  66.104194     6.756     6.803  4 57564.69010925 34.528
 295  65.853822  66.105614     6.659     6.635  4 57574.60575346 33.262
 296  65.855133  66.105638     6.613     6.591  4 57584.52139753 31.595
 297  65.855667  66.104710     6.447     6.454  4 57594.43703950 47.655
