-134050.240    75.079     0.00   17.48
-133764.547    78.767    12.91   18.93
-133478.843    84.613    20.46   19.98
-133193.128    90.350    20.08   19.05
-132907.402    97.335    24.45   15.33
-132621.666   102.208    17.05   11.20
-132335.919   104.827     9.16    7.93
-132050.162   106.491     5.83    6.14
-131764.393   106.751     0.91    5.89
-131478.614   107.198     1.56    6.01
-131192.824   108.077     3.07    5.83
-130907.023   108.999     3.23    5.14
-130621.211   109.716     2.51    4.40
-130335.389   110.124     1.43    3.82
-130049.556   110.329     0.72    3.38
-129763.712   110.832     1.76    2.78
-129477.858   111.341     1.78    3.31
-129191.992   112.135     2.78    3.89
-128906.116   112.226     0.32    4.70
-128620.229   111.154    -3.75    6.37
-128334.332   108.958    -7.68    8.28
-128048.423   105.491   -12.12   10.07
-127762.504   101.506   -13.94   11.27
-127476.574    95.809   -19.92   12.16
-127190.633    90.489   -18.61   11.63
-126904.682    85.255   -18.30   10.85
-126618.719    81.543   -12.98    9.91
-126332.746    78.210   -11.66    8.26
-126046.762    75.806    -8.41    7.02
-125760.768    75.299    -1.77    6.75
-125474.762    74.528    -2.70    6.93
-125188.746    74.968     1.54    6.65
-124902.719    75.335     1.28    6.51
-124616.681    75.371     0.13    6.81
-124330.632    75.411     0.14    7.09
-124044.573    74.845    -1.98    7.38
-123758.503    74.675    -0.59    7.05
-123472.421    75.240     1.97    6.94
-123186.330    76.152     3.19    6.65
-122900.227    76.405     0.89    6.54
-122614.113    75.816    -2.06    6.33
-122327.989    75.261    -1.94    5.75
-122041.854    74.046    -4.25    5.92
-121755.708    71.996    -7.16    6.24
-121469.552    69.277    -9.50    6.02
-121183.384    66.762    -8.79    5.63
-120897.206    64.307    -8.58    6.22
-120611.017    61.885    -8.46    6.59
-120324.817    60.565    -4.61    7.08
-120038.606    60.039    -1.84    8.91
-119752.384    60.065     0.09   10.35
-119466.152    59.724    -1.19   11.10
-119179.909    59.507    -0.76   11.16
-118893.654    59.140    -1.28   10.72
-118607.390    59.472     1.16   10.36
-118321.114    59.142    -1.15    9.37
-118034.827    59.921     2.72    9.27
-117748.530    61.434     5.28    9.99
-117462.222    63.002     5.48   10.48
-117175.903    65.141     7.47   10.90
-116889.573    67.337     7.67   10.09
-116603.232    67.688     1.23    9.52
-116316.881    67.306    -1.34    8.16
-116030.518    67.078    -0.80    6.55
-115744.145    67.769     2.41    5.03
-115457.761    68.675     3.16    3.96
-115171.366    69.104     1.50    3.95
-114884.960    68.924    -0.63    3.93
-114598.543    68.583    -1.19    4.09
-114312.116    69.087     1.76    4.29
-114025.678    69.081    -0.02    4.16
-113739.228    69.162     0.28    4.87
-113452.768    69.172     0.03    5.50
-113166.298    68.652    -1.82    5.90
-112879.816    67.948    -2.46    6.33
-112593.323    68.254     1.07    6.93
-112306.820    68.095    -0.55    8.17
-112020.305    68.434     1.18    8.44
-111733.780    68.291    -0.50    8.25
-111447.244    68.656     1.27    8.04
-111160.697    68.878     0.77    7.62
-110874.139    67.982    -3.13    7.69
-110587.571    66.602    -4.81    7.58
-110300.991    64.298    -8.04    6.95
-110014.401    62.383    -6.68    6.35
-109727.799    60.071    -8.07    5.12
-109441.187    58.817    -4.38    4.05
-109154.564    58.120    -2.43    3.73
-108867.930    57.233    -3.09    4.07
-108581.286    56.277    -3.34    3.92
-108294.630    54.707    -5.47    3.86
-108007.963    52.784    -6.71    4.40
-107721.286    50.788    -6.96    4.72
-107434.597    49.039    -6.10    4.85
-107147.898    47.560    -5.16    5.33
-106861.188    46.284    -4.45    5.31
-106574.467    45.343    -3.28    5.22
-106287.735    43.438    -6.64    6.16
-106000.992    41.562    -6.54    6.88
-105714.239    39.747    -6.33    6.90
-105427.474    37.773    -6.88    6.34
-105140.699    35.866    -6.65    5.51
-104853.912    33.862    -6.99    3.67
-104567.115    32.696    -4.07    2.72
-104280.307    32.097    -2.09    2.25
-103993.488    31.787    -1.08    2.10
-103706.658    31.471    -1.10    2.15
-103419.817    31.541     0.24    2.36
-103132.965    31.625     0.29    2.46
-102846.102    31.748     0.43    2.55
-102559.228    31.732    -0.05    2.49
-102272.344    31.617    -0.40    2.22
-101985.448    32.010     1.37    2.37
-101698.542    32.502     1.71    2.50
-101411.624    32.350    -0.53    2.83
-101124.696    32.203    -0.51    2.96
-100837.757    32.314     0.39    3.10
-100550.807    32.161    -0.53    2.98
-100263.846    31.874    -1.00    2.46
 -99976.874    31.881     0.03    2.49
 -99689.891    32.186     1.06    2.61
 -99402.897    32.247     0.21    2.58
 -99115.892    31.997    -0.87    2.58
 -98828.877    31.458    -1.88    2.45
 -98541.850    30.874    -2.04    2.38
 -98254.812    30.365    -1.77    2.27
 -97967.764    29.798    -1.97    1.58
 -97680.704    29.780    -0.06    1.39
 -97393.634    30.514     2.55    2.22
 -97106.553    31.729     4.23    3.09
 -96819.460    33.284     5.42    3.83
 -96532.357    34.665     4.81    3.87
 -96245.243    35.739     3.74    3.75
 -95958.118    36.644     3.15    3.50
 -95670.982    37.384     2.58    3.39
 -95383.835    38.097     2.49    3.69
 -95096.677    38.784     2.39    4.01
 -94809.508    39.231     1.56    4.52
 -94522.328    40.248     3.54    5.20
 -94235.137    41.468     4.25    5.57
 -93947.935    43.017     5.40    6.04
 -93660.722    45.039     7.04    6.45
 -93373.499    46.918     6.54    6.71
 -93086.264    48.605     5.87    6.81
 -92799.018    49.225     2.16    6.17
 -92511.761    50.791     5.45    5.46
 -92224.494    52.232     5.02    5.00
 -91937.215    53.580     4.69    5.52
 -91649.926    55.924     8.16    6.56
 -91362.625    57.836     6.66    7.35
 -91075.314    60.041     7.67    7.62
 -90787.991    60.884     2.93    7.05
 -90500.657    61.425     1.88    6.23
 -90213.313    62.298     3.04    5.70
 -89925.958    62.077    -0.77    4.89
 -89638.591    62.484     1.42    5.00
 -89351.214    62.201    -0.98    5.53
 -89063.825    62.773     1.99    6.55
 -88776.426    62.916     0.50    6.75
 -88489.015    62.705    -0.73    6.63
 -88201.594    63.233     1.84    6.39
 -87914.162    63.980     2.60    6.02
 -87626.718    65.037     3.68    5.24
 -87339.264    66.366     4.62    4.31
 -87051.798    67.395     3.58    3.93
 -86764.322    68.758     4.74    3.62
 -86476.834    69.642     3.07    3.71
 -86189.336    70.641     3.47    4.61
 -85901.827    71.247     2.11    4.46
 -85614.306    71.313     0.23    4.60
 -85326.775    71.233    -0.28    4.38
 -85039.232    70.974    -0.90    3.91
 -84751.679    70.802    -0.60    3.23
 -84464.114    70.951     0.52    3.15
 -84176.539    71.298     1.21    3.15
 -83888.952    72.449     4.00    3.24
 -83601.355    73.475     3.57    2.80
 -83313.746    74.320     2.94    2.41
 -83026.127    75.008     2.39    2.12
 -82738.496    75.248     0.83    1.76
 -82451.363    75.306     0.20    1.52
 -82165.990    75.021    -1.00    1.93
 -81880.607    74.505    -1.81    2.29
 -81595.215    74.299    -0.72    2.32
 -81309.812    73.755    -1.91    2.84
 -81024.399    73.398    -1.25    2.56
 -80738.976    72.997    -1.40    2.48
 -80453.543    72.593    -1.42    2.31
 -80168.100    71.980    -2.15    2.68
 -79882.647    71.039    -3.30    3.25
 -79597.183    69.780    -4.41    3.93
 -79311.710    68.665    -3.91    4.07
 -79026.227    67.298    -4.79    4.08
 -78740.734    65.693    -5.62    4.02
 -78455.230    64.569    -3.94    3.88
 -78169.717    63.728    -2.94    3.65
 -77884.193    63.433    -1.03    3.96
 -77598.660    62.998    -1.52    4.56
 -77313.116    63.106     0.38    4.75
 -77027.562    63.902     2.79    5.11
 -76741.999    64.919     3.56    4.77
 -76456.425    65.866     3.31    3.70
 -76170.841    66.449     2.04    2.71
 -75885.247    66.691     0.85    2.22
 -75599.643    66.488    -0.71    2.05
 -75314.029    65.898    -2.07    1.89
 -75028.405    65.254    -2.25    1.99
 -74742.771    64.607    -2.26    2.13
 -74457.127    63.970    -2.23    2.21
 -74171.472    63.851    -0.42    2.27
 -73885.808    63.858     0.02    2.86
 -73600.133    64.151     1.02    3.07
 -73314.449    64.667     1.81    3.25
 -73028.754    65.188     1.83    3.16
 -72743.049    65.571     1.34    2.86
 -72457.335    65.521    -0.17    3.11
 -72171.610    65.314    -0.72    3.29
 -71885.875    64.887    -1.50    3.24
 -71600.130    64.174    -2.49    3.33
 -71314.375    63.480    -2.43    3.30
 -71028.609    62.643    -2.93    3.45
 -70742.834    61.595    -3.67    2.95
 -70457.049    60.931    -2.32    2.86
 -70171.253    59.934    -3.49    2.99
 -69885.448    58.851    -3.79    3.22
 -69599.632    57.097    -6.14    3.85
 -69313.806    54.993    -7.36    4.60
 -69027.970    52.620    -8.30    5.84
 -68742.124    49.435   -11.14    6.55
 -68456.268    46.005   -12.00    7.18
 -68170.402    42.328   -12.86    7.07
 -67884.526    38.298   -14.10    7.37
 -67598.639    34.432   -13.52    7.48
 -67312.743    30.707   -13.03    7.32
 -67026.836    26.627   -14.27    7.84
 -66740.920    22.934   -12.92    8.19
 -66454.993    19.706   -11.29    7.54
 -66169.056    17.196    -8.78    6.74
 -65883.109    15.874    -4.63    5.90
 -65597.152    15.905     0.11    6.36
 -65311.184    18.262     8.24    8.85
 -65025.207    22.525    14.91   11.40
 -64739.219    27.120    16.07   12.49
 -64453.222    32.755    19.70   12.83
 -64167.214    38.240    19.18   11.14
 -63881.196    41.662    11.96    7.98
 -63595.168    43.859     7.68    5.21
 -63309.130    45.291     5.01    4.07
 -63023.082    46.277     3.44    3.91
 -62737.023    46.769     1.72    3.83
 -62450.955    47.171     1.40    3.92
 -62164.876    47.219     0.17    3.86
 -61878.787    47.032    -0.65    4.14
 -61592.689    46.916    -0.40    4.20
 -61306.580    46.398    -1.81    4.02
 -61020.460    45.165    -4.31    3.61
 -60734.331    43.874    -4.51    3.37
 -60448.192    43.328    -1.91    3.44
 -60162.042    43.184    -0.51    3.39
 -59875.882    42.787    -1.39    3.59
 -59589.712    42.919     0.46    3.81
 -59303.532    42.841    -0.27    3.81
 -59017.342    42.352    -1.71    4.42
 -58731.142    41.210    -3.99    5.12
 -58444.931    39.780    -5.00    5.88
 -58158.711    38.610    -4.09    6.24
 -57872.480    38.262    -1.22    5.94
 -57586.239    38.158    -0.36    5.90
 -57299.988    38.277     0.41    5.78
 -57013.727    38.708     1.51    5.75
 -56727.456    38.863     0.54    5.13
 -56441.174    38.755    -0.38    4.54
 -56154.882    37.069    -5.89    5.61
 -55868.580    34.743    -8.12    6.58
 -55582.268    32.075    -9.32    7.08
 -55295.946    29.821    -7.87    7.12
 -55009.614    27.766    -7.18    7.13
 -54723.271    26.990    -2.71    6.52
 -54436.919    27.508     1.81    6.60
 -54150.556    28.569     3.71    7.13
 -53864.183    28.508    -0.21    7.05
 -53577.800    28.365    -0.50    7.13
 -53291.406    28.157    -0.73    6.70
 -53005.003    28.583     1.49    6.78
 -52718.589    28.035    -1.91    6.97
 -52432.165    26.973    -3.71    6.22
 -52145.731    25.748    -4.28    5.03
 -51859.287    25.134    -2.14    5.12
 -51572.832    23.975    -4.04    5.82
 -51286.368    23.069    -3.16    6.11
 -50999.893    22.624    -1.55    5.93
 -50713.408    21.448    -4.11    5.31
 -50426.913    20.425    -3.57    4.71
 -50140.408    19.825    -2.10    3.81
 -49853.892    20.069     0.85    3.15
 -49567.366    20.027    -0.15    3.06
 -49280.830    19.729    -1.04    3.12
 -48994.284    19.541    -0.66    2.62
 -48707.728    19.008    -1.86    2.36
 -48421.161    18.588    -1.46    2.52
 -48134.585    18.065    -1.83    3.15
 -47847.998    17.560    -1.76    3.80
 -47561.401    17.219    -1.19    4.26
 -47274.793    17.053    -0.58    4.17
 -46988.176    16.751    -1.05    3.96
 -46701.548    16.912     0.56    3.50
 -46414.910    16.859    -0.18    3.47
 -46128.262    15.648    -4.22    3.64
 -45841.604    14.630    -3.55    3.65
 -45554.935    14.050    -2.02    3.70
 -45268.256    13.579    -1.64    3.52
 -44981.567    13.344    -0.82    3.01
 -44694.868    13.748     1.41    2.75
 -44408.159    14.388     2.23    2.74
 -44121.439    15.120     2.55    2.99
 -43834.709    15.629     1.78    2.82
 -43547.969    15.610    -0.07    2.78
 -43261.219    15.554    -0.20    2.94
 -42974.458    15.636     0.29    2.91
 -42687.687    15.328    -1.07    2.73
 -42400.906    15.019    -1.08    2.76
 -42114.115    15.127     0.38    2.77
 -41827.314    15.610     1.68    2.91
 -41540.502    15.812     0.71    2.97
 -41253.680    15.440    -1.30    2.91
 -40966.848    14.464    -3.40    3.30
 -40680.006    13.471    -3.46    3.63
 -40393.153    13.305    -0.58    3.74
 -40106.290    13.371     0.23    4.58
 -39819.417    13.946     2.00    5.19
 -39532.534    14.462     1.80    5.43
 -39245.640    14.863     1.40    5.42
 -38958.737    15.063     0.70    5.19
 -38671.823    14.452    -2.13    5.84
 -38384.898    12.806    -5.73    6.51
 -38097.964    10.291    -8.77    5.89
 -37811.019     8.225    -7.20    4.56
 -37524.064     6.850    -4.79    3.44
 -37237.099     5.777    -3.74    2.89
 -36950.123     4.847    -3.24    2.36
 -36663.137     4.748    -0.34    2.49
 -36376.141     4.835     0.30    2.60
 -36089.135     4.817    -0.06    2.57
 -35802.119     4.740    -0.27    2.47
 -35515.092     4.343    -1.38    2.30
 -35228.055     4.131    -0.74    2.02
 -34941.007     4.115    -0.05    1.88
 -34653.950     4.150     0.12    1.75
 -34366.882     3.974    -0.61    1.88
 -34079.804     3.466    -1.77    2.50
 -33792.715     3.277    -0.66    2.96
 -33505.617     2.627    -2.26    3.43
 -33218.508     1.844    -2.73    3.71
 -32931.388     1.362    -1.68    4.13
 -32644.259     1.122    -0.84    4.42
 -32357.119     1.541     1.46    4.89
 -32069.969     2.496     3.33    5.31
 -31782.809     4.015     5.29    5.68
 -31495.638     5.111     3.82    5.72
 -31208.457     6.380     4.42    5.16
 -30921.266     6.820     1.53    4.84
 -30634.065     6.784    -0.13    4.64
 -30346.853     7.093     1.08    4.25
 -30059.631     7.377     0.99    4.20
 -29772.399     8.225     2.95    3.58
 -29485.156     9.017     2.76    2.86
 -29197.903     9.641     2.17    1.80
 -28910.640    10.085     1.55    1.15
 -28623.367     9.960    -0.44    1.81
 -28336.083     8.902    -3.68    3.91
 -28048.789     7.505    -4.86    5.14
 -27761.484     5.915    -5.53    5.71
 -27474.170     5.157    -2.64    5.64
 -27186.845     4.950    -0.72    5.47
 -26899.510     4.865    -0.30    5.43
 -26612.164     5.247     1.33    5.29
 -26324.808     6.498     4.35    4.93
 -26037.442     8.262     6.14    3.49
 -25750.066     9.291     3.58    2.16
 -25462.679     9.839     1.90    1.30
 -25175.282     9.971     0.46    1.34
 -24887.874    10.169     0.69    1.37
 -24600.457    10.344     0.61    1.37
 -24313.029    10.496     0.53    1.38
 -24025.590    10.690     0.68    1.32
 -23738.142    10.948     0.90    1.11
 -23450.683    11.191     0.84    1.06
 -23163.213    11.254     0.22    1.05
 -22875.734    11.386     0.46    1.03
 -22588.244    11.612     0.79    1.12
 -22300.743    11.911     1.04    1.24
 -22013.233    12.191     0.97    1.27
 -21725.712    12.440     0.86    1.36
 -21438.181    12.644     0.71    1.47
 -21150.639    12.748     0.36    1.45
 -20863.087    12.884     0.47    1.43
 -20576.141    12.888     0.01    1.61
 -20290.695    11.634    -4.39    3.61
 -20005.240    10.000    -5.72    4.83
 -19719.775     9.205    -2.79    4.97
 -19434.302     9.159    -0.16    5.06
 -19148.818     8.196    -3.37    5.08
 -18863.325     8.125    -0.25    5.08
 -18577.823     7.869    -0.90    5.21
 -18292.312     8.748     3.08    5.12
 -18006.791     8.415    -1.16    5.13
 -17721.261     6.943    -5.16    5.15
 -17435.721     6.090    -2.99    4.97
 -17150.172     5.145    -3.31    4.46
 -16864.613     4.269    -3.07    3.94
 -16579.046     3.819    -1.58    3.49
 -16293.468     2.615    -4.22    1.59
 -16007.882     3.166     1.93    2.75
 -15722.286     4.043     3.07    3.81
 -15436.680     4.291     0.87    4.01
 -15151.066     4.383     0.32    4.08
 -14865.441     4.755     1.30    4.38
 -14579.808     6.060     4.57    5.61
 -14294.165     7.872     6.34    6.70
 -14008.512    10.027     7.54    7.23
 -13722.851    12.201     7.61    7.05
 -13437.179    14.155     6.84    5.82
 -13151.499    15.453     4.54    4.37
 -12865.809    15.992     1.89    3.38
 -12580.110    15.442    -1.92    4.09
 -12294.401    14.694    -2.62    4.61
 -12008.682    13.769    -3.24    4.87
 -11722.955    12.871    -3.14    4.96
 -11437.218    11.926    -3.31    4.79
 -11151.471    10.820    -3.87    4.23
 -10865.715     9.696    -3.93    3.27
 -10579.950     8.982    -2.50    2.38
 -10294.176     8.546    -1.53    1.68
 -10008.391     8.291    -0.89    1.37
  -9722.598     7.543    -2.62    2.99
  -9436.795     6.334    -4.23    4.21
  -9150.983     5.569    -2.68    4.74
  -8865.161     5.068    -1.75    5.02
  -8579.330     4.705    -1.27    5.15
  -8293.489     4.866     0.56    5.23
  -8007.639     5.688     2.87    5.19
  -7721.779     7.462     6.21    4.51
  -7435.910     8.903     5.04    3.02
  -7150.032     9.910     3.52    0.83
  -6864.144    10.151     0.84    0.78
  -6578.247    10.211     0.21    0.86
  -6292.340    10.184    -0.10    0.98
  -6006.424    10.202     0.07    1.06
  -5720.499     9.816    -1.35    2.47
  -5434.564     9.488    -1.15    3.19
  -5148.620     9.030    -1.60    3.88
  -4862.666     9.104     0.26    3.69
  -4576.702     9.194     0.32    3.51
  -4290.730     9.431     0.83    3.23
  -4004.748     9.634     0.71    2.89
  -3718.756     9.777     0.50    2.32
  -3432.755     9.934     0.55    1.55
  -3146.745    10.019     0.30    1.09
  -2860.725     9.887    -0.46    0.89
  -2574.695     9.855    -0.11    0.80
  -2288.656     9.784    -0.25    0.72
  -2002.608     9.493    -1.02    1.65
  -1716.550     7.988    -5.26    4.00
  -1430.483     6.387    -5.60    5.11
  -1144.407     4.702    -5.89    5.60
   -858.321     2.769    -6.76    5.50
   -572.225     1.232    -5.37    4.86
   -286.120     1.349     0.41    5.61
     -0.006     1.859     1.78    6.64
    286.118     3.008     4.01    7.33
    572.252     5.097     7.30    8.12
    858.395     6.466     4.79    8.04
   1144.547     6.320    -0.51    7.72
   1430.709     5.681    -2.23    7.36
   1716.880     4.856    -2.88    7.07
   2003.060     4.452    -1.41    6.90
   2289.251     4.312    -0.49    7.38
   2575.450     3.840    -1.65    8.34
   2861.659     4.596     2.64    9.65
   3147.878     8.234    12.71   11.65
   3434.106    13.314    17.75   13.48
   3720.344    19.823    22.74   13.76
   4006.591    27.130    25.53   12.22
   4292.847    33.856    23.50   10.90
   4579.113    38.905    17.64   11.07
   4865.388    42.218    11.57    9.88
   5151.673    44.437     7.75    7.52
   5437.968    46.098     5.80    6.41
   5724.272    48.850     9.61    8.47
   6010.585    51.564     9.48   10.96
   6296.908    53.552     6.94   12.16
   6583.240    56.165     9.13   11.62
   6869.582    58.312     7.50   10.23
   7155.933    59.225     3.19   10.00
   7442.294    56.936    -7.99   13.13
   7728.664    52.262   -16.32   18.78
   8015.044    43.612   -30.20   24.46
   8301.433    33.334   -35.89   26.54
   8587.832    22.869   -36.54   25.41
   8874.241    13.821   -31.59   22.09
   9160.658     6.305   -26.24   16.68
   9447.086     1.548   -16.61   10.37
   9733.522    -1.544   -10.80    1.30
  10019.969    -1.723    -0.63    0.00
  10306.424    -1.723     0.00    0.00
  10592.890    -1.723     0.00    0.00
  10879.364    -1.723     0.00    0.00
  11165.849    -1.723     0.00    0.00
  11452.342    -1.723     0.00    0.00
  11738.846    -1.723     0.00    0.00
  12025.359    -1.723     0.00    0.00
  12311.881    -1.723     0.00    0.00
  12598.413    -1.723     0.00    0.00
  12884.954    -1.723     0.00    0.00
  13171.505    -1.723     0.00    0.00
  13458.065    -1.723     0.00    0.00
  13744.635    -1.723     0.00    0.00
  14031.215    -0.959     2.67    3.42
  14317.803     0.342     4.54    5.49
  14604.402     1.902     5.44    6.94
  14891.010     3.391     5.19    7.72
  15177.627     5.899     8.75    8.19
  15464.254     8.748     9.94    7.80
  15750.891    10.394     5.74    6.97
  16037.537    11.647     4.37    5.80
  16324.193    12.427     2.72    4.49
  16610.858    12.914     1.70    2.82
  16897.532    12.744    -0.59    2.19
  17184.217    12.117    -2.19    2.63
  17470.910    11.394    -2.52    3.18
  17757.614    10.511    -3.08    3.80
  18044.326     9.805    -2.46    3.94
  18331.049     9.049    -2.64    3.91
  18617.780     8.255    -2.77    3.63
  18904.522     7.365    -3.10    3.30
  19191.273     6.704    -2.31    3.21
  19478.033     5.989    -2.49    2.95
  19764.803     5.378    -2.13    2.60
  20051.583     4.827    -1.92    2.08
  20338.372     4.462    -1.27    1.55
  20625.171     4.277    -0.65    1.49
  20911.979     4.147    -0.45    1.42
  21198.797     4.052    -0.33    1.35
  21485.624     3.902    -0.52    1.23
  21772.461     3.769    -0.46    1.01
  22059.307     3.528    -0.84    0.53
  22346.163     3.532     0.01    0.54
  22633.029     3.603     0.25    0.58
  22919.904     3.644     0.14    0.63
  23206.788     3.695     0.18    0.69
  23493.682     3.834     0.48    0.80
  23780.586     3.896     0.22    0.88
  24067.499     3.965     0.24    0.90
  24354.422     4.091     0.44    0.95
  24641.355     4.151     0.21    0.99
  24928.297     4.205     0.19    0.96
  25215.248     4.277     0.25    1.01
  25502.209     4.356     0.28    1.06
  25789.180     4.521     0.58    1.09
  26076.160     4.795     0.95    1.15
  26363.150     5.226     1.50    1.44
  26650.150     5.508     0.98    1.55
  26937.159     5.566     0.20    1.53
  27224.177     5.681     0.40    1.49
  27511.205     5.916     0.82    1.55
  27798.243     5.853    -0.22    1.65
  28085.290     5.685    -0.59    1.68
  28372.347     6.079     1.37    1.69
  28659.413     6.536     1.59    1.83
  28946.489     7.027     1.71    2.30
  29233.575     7.002    -0.08    2.69
  29520.670     7.079     0.27    2.93
  29807.775     7.109     0.10    2.93
  30094.889     7.084    -0.09    2.83
  30382.013     6.679    -1.41    2.54
  30669.147     6.097    -2.03    2.54
  30956.290     6.153     0.19    2.39
  31243.443     6.226     0.25    2.38
  31530.605     6.210    -0.06    2.55
  31817.777     5.941    -0.94    2.36
  32104.958     5.884    -0.20    2.18
  32392.149     5.990     0.37    2.21
  32679.350     6.021     0.11    2.18
  32966.560     6.158     0.48    2.10
  33253.780     6.110    -0.17    1.99
  33541.010     6.190     0.28    2.08
  33828.249     6.350     0.55    2.34
  34115.497     6.849     1.74    2.71
  34402.756     7.163     1.09    3.04
  34690.024     7.484     1.12    3.05
  34977.301     7.823     1.18    2.98
  35264.588     7.897     0.26    2.93
  35551.885     7.700    -0.69    2.90
  35839.191     7.684    -0.06    2.40
  36126.507     7.854     0.59    1.76
  36413.833     7.919     0.23    1.71
  36701.168     7.924     0.02    1.79
  36988.513     7.780    -0.50    1.83
  37275.867     7.719    -0.21    1.89
  37563.231     7.634    -0.30    1.77
  37850.605     7.736     0.36    1.78
  38137.988     7.931     0.68    1.80
  38425.381     8.145     0.74    1.80
  38712.784     8.328     0.63    1.69
  39000.196     8.420     0.32    1.88
  39287.617     8.514     0.32    2.06
  39575.049     8.507    -0.02    2.32
  39862.490     8.697     0.66    2.50
  40149.941     8.978     0.98    2.63
  40437.401     9.478     1.74    2.65
  40724.871     9.831     1.23    2.61
  41012.350    10.335     1.75    2.62
  41299.128    10.819     1.69    2.45
  41584.646    11.151     1.16    2.15
  41870.172    11.468     1.11    1.98
  42155.707    11.827     1.26    1.70
  42441.250    11.854     0.10    1.55
  42726.802    11.910     0.19    1.57
  43012.363    11.745    -0.58    1.72
  43297.933    11.454    -1.02    1.80
  43583.511    11.110    -1.21    1.85
  43869.098    10.798    -1.09    2.18
  44154.694    10.624    -0.61    2.34
  44440.298    10.835     0.74    2.53
  44725.912    11.018     0.64    2.53
  45011.534    11.151     0.47    2.32
  45297.164    11.340     0.66    2.25
  45582.803    11.298    -0.15    2.03
  45868.452    11.693     1.38    2.09
  46154.108    11.941     0.87    1.98
  46439.774    11.948     0.03    1.97
  46725.448    11.980     0.11    2.25
  47011.131    12.255     0.96    2.56
  47296.823    12.557     1.06    2.63
  47582.523    12.894     1.18    2.45
  47868.232    13.305     1.44    2.71
  48153.950    13.977     2.35    2.99
  48439.676    14.617     2.24    3.04
  48725.412    15.233     2.16    3.08
  49011.156    15.519     1.00    2.97
  49296.908    15.647     0.45    2.83
  49582.670    15.525    -0.43    2.82
  49868.440    15.412    -0.39    2.82
  50154.219    15.697     1.00    3.15
  50440.007    16.530     2.92    3.99
  50725.803    17.848     4.61    4.62
  51011.608    18.857     3.53    4.69
  51297.422    19.448     2.07    4.37
  51583.245    20.255     2.82    3.48
  51869.076    20.554     1.05    2.78
  52154.916    19.974    -2.03    3.04
  52440.765    18.878    -3.84    2.75
  52726.623    17.836    -3.64    2.06
  53012.489    17.717    -0.42    2.15
  53298.364    18.377     2.31    3.43
  53584.248    19.425     3.66    4.46
  53870.141    21.505     7.28    5.15
  54156.042    23.558     7.18    4.91
  54441.952    25.468     6.68    4.31
  54727.871    26.965     5.23    3.29
  55013.798    27.706     2.59    2.50
  55299.735    27.943     0.83    1.98
  55585.680    28.048     0.37    2.22
  55871.634    28.640     2.07    3.26
  56157.596    29.700     3.71    4.32
  56443.567    30.382     2.39    4.75
  56729.548    31.402     3.56    5.04
  57015.536    31.958     1.94    4.89
  57301.534    31.855    -0.36    4.93
  57587.540    30.748    -3.87    4.52
  57873.556    29.866    -3.08    4.22
  58159.579    28.634    -4.31    3.93
  58445.612    27.725    -3.18    4.28
  58731.654    27.041    -2.39    4.84
  59017.704    26.402    -2.23    5.44
  59303.763    25.690    -2.49    5.43
  59589.830    25.077    -2.14    5.27
  59875.907    23.982    -3.83    4.70
  60161.992    22.666    -4.60    4.46
  60448.086    21.546    -3.92    4.09
  60734.189    20.643    -3.15    3.53
  61020.301    20.087    -1.95    3.06
  61306.421    20.005    -0.29    3.10
  61592.550    20.150     0.51    3.24
  61878.688    20.795     2.26    3.48
  62164.835    21.917     3.92    3.26
  62450.990    22.820     3.16    3.31
  62737.154    23.225     1.42    3.69
  63023.327    23.305     0.28    3.88
  63309.509    23.055    -0.87    3.99
  63595.700    22.902    -0.54    4.25
  63881.899    22.794    -0.37    4.44
  64168.107    22.465    -1.15    4.40
  64454.324    22.391    -0.26    4.39
  64740.550    21.978    -1.44    4.50
