#   58.191  -0.913   2.394 ;Mean Elev.(m), Avg Gradient(m/km), RMS Gradient(m/km) - SRTM1     
#   56.518  -0.911   4.012 ;Mean Elev.(m), Avg Gradient(m/km), RMS Gradient(m/km) - ASTER GDEM
#   58.832  -0.804   1.871 ;Mean Elev.(m), Avg Gradient(m/km), RMS Gradient(m/km) - GMTED2010 
   2    64.584 54672.12830023 47.96  84.242363  57.255690   -100 -100.00 -100.00 -100.00
   2    64.427 54672.12830083 51.82  84.245899  57.257492   -100 -100.00 -100.00 -100.00
   3   -31.277 54682.04394347  0.87  84.238295  57.255604  3.874 -100.00 -100.00 -100.00
   3   -30.230 54682.04394406  1.38  84.241832  57.257406  3.581 -100.00 -100.00 -100.00
   4    64.267 54691.95958585 46.99  84.238334  57.255664   -100 -100.00 -100.00 -100.00
   4    63.874 54691.95958644 53.03  84.241870  57.257466 12.399 -100.00 -100.00 -100.00
   5   -28.365 54701.87522594  1.51  84.241299  57.254825  2.369 -100.00 -100.00 -100.00
   5   -27.536 54701.87522653  1.77  84.244835  57.256627  3.013 -100.00 -100.00 -100.00
   6    64.105 54711.79087377 43.86  84.244621  57.254291   -100 -100.00 -100.00 -100.00
   6    63.697 54711.79087436 47.16  84.248157  57.256093 15.930 -100.00 -100.00 -100.00
   7   -23.847 54721.70652511  4.76  84.247290  57.255096  3.165 -100.00 -100.00 -100.00
   7   -23.867 54721.70652570  4.61  84.250826  57.256898  3.255 -100.00 -100.00 -100.00
   8    66.992 54731.62217350 28.43  84.245557  57.255318 26.566 -100.00 -100.00 -100.00
   8    66.481 54731.62217409 26.84  84.249093  57.257120 21.804 -100.00 -100.00 -100.00
   9    65.248 54741.53781990 47.93  84.239864  57.254756 32.278 -100.00 -100.00 -100.00
   9    64.966 54741.53782049 52.84  84.243400  57.256558   -100 -100.00 -100.00 -100.00
  10    67.710 54751.45346676 26.00  84.237993  57.255071 19.879 -100.00 -100.00 -100.00
  10    67.623 54751.45346735 26.18  84.241529  57.256873 21.605 -100.00 -100.00 -100.00
  10    67.098 54751.45346794 25.35  84.245066  57.258675 16.897 -100.00 -100.00 -100.00
  11    64.144 54761.36911371 42.93  84.238992  57.255403  3.222 -100.00 -100.00 -100.00
  11    64.259 54761.36911430 45.30  84.242529  57.257205 14.741 -100.00 -100.00 -100.00
  12    67.723 54771.28475848 28.16  84.242838  57.255567 21.616 -100.00 -100.00 -100.00
  12    63.918 54771.28475907 32.96  84.246375  57.257370   -100 -100.00 -100.00 -100.00
  13    68.307 54781.20039966 23.00  84.244131  57.254489 11.401 -100.00 -100.00 -100.00
  13    68.332 54781.20040025 23.27  84.247668  57.256292 11.981 -100.00 -100.00 -100.00
  14    64.719 54791.11603819 41.88  84.244906  57.253845   -100 -100.00 -100.00 -100.00
  14    64.468 54791.11603878 43.70  84.248443  57.255648   -100 -100.00 -100.00 -100.00
  15    64.204 54801.03167580 41.79  84.246351  57.254941   -100 -100.00 -100.00 -100.00
  15    64.175 54801.03167639 45.90  84.249888  57.256743   -100 -100.00 -100.00 -100.00
  16    64.282 54810.94731306 32.75  84.246029  57.255036 27.846 -100.00 -100.00 -100.00
  16    64.276 54810.94731365 34.98  84.249565  57.256839   -100 -100.00 -100.00 -100.00
  17    64.592 54820.86295271 26.48  84.243184  57.253552 16.018 -100.00 -100.00 -100.00
  17    64.798 54820.86295330 27.24  84.246720  57.255354 16.123 -100.00 -100.00 -100.00
  17    64.543 54820.86295389 31.90  84.250257  57.257156   -100 -100.00 -100.00 -100.00
  18    64.377 54830.77860480 24.32  84.242544  57.254077 13.573 -100.00 -100.00 -100.00
  18    64.332 54830.77860539 25.11  84.246080  57.255880 14.323 -100.00 -100.00 -100.00
  19    64.278 54840.69424344 22.74  84.240978  57.255025 12.266 -100.00 -100.00 -100.00
  19    64.200 54840.69424403 25.83  84.244514  57.256827 20.345 -100.00 -100.00 -100.00
  20    63.985 54850.60989183 27.92  84.234752  57.254897 26.952 -100.00 -100.00 -100.00
  20    64.161 54850.60989242 26.36  84.238288  57.256699 18.319 -100.00 -100.00 -100.00
  20    63.870 54850.60989301 27.11  84.241825  57.258501 24.355 -100.00 -100.00 -100.00
  21    63.856 54860.52554041 30.24  84.231732  57.256341   -100 -100.00 -100.00 -100.00
  21    63.904 54860.52554100 29.08  84.235269  57.258144 30.699 -100.00 -100.00 -100.00
  21    63.759 54860.52554159 31.33  84.238805  57.259946   -100 -100.00 -100.00 -100.00
  22    63.903 54870.44118898 28.95  84.229228  57.256439 32.232 -100.00 -100.00 -100.00
  22    63.869 54870.44118957 28.95  84.232764  57.258241 31.822 -100.00 -100.00 -100.00
  22    63.625 54870.44119016 30.17  84.236301  57.260043   -100 -100.00 -100.00 -100.00
  23    63.811 54880.35683674 23.92  84.232308  57.256269 15.828 -100.00 -100.00 -100.00
  23    66.131 54880.35683733 22.22  84.235844  57.258072 12.737 -100.00 -100.00 -100.00
  23    66.381 54880.35683792 20.14  84.239382  57.259874  7.951 -100.00 -100.00 -100.00
  24    63.794 54890.27248108 22.70  84.236080  57.254500 13.788 -100.00 -100.00 -100.00
  24    66.717 54890.27248167 21.35  84.239616  57.256303 11.652 -100.00 -100.00 -100.00
  24    66.466 54890.27248226 20.66  84.243154  57.258105  9.844 -100.00 -100.00 -100.00
  25    66.562 54900.18812277 22.33  84.241474  57.254822 13.503 -100.00 -100.00 -100.00
  25    66.461 54900.18812336 20.20  84.245011  57.256624  8.902 -100.00 -100.00 -100.00
  26    64.144 54910.10376152 25.20  84.239696  57.254607 20.430 -100.00 -100.00 -100.00
  26    64.298 54910.10376211 25.93  84.243233  57.256409 22.098 -100.00 -100.00 -100.00
  26    64.118 54910.10376270 25.88  84.246771  57.258211 22.707 -100.00 -100.00 -100.00
  27    64.299 54920.01939892 35.35  84.236824  57.254953  1.131 -100.00 -100.00 -100.00
  27    64.593 54920.01939951 34.75  84.240361  57.256756   -100 -100.00 -100.00 -100.00
  27    64.487 54920.01940010 35.25  84.243898  57.258558   -100 -100.00 -100.00 -100.00
  28    66.847 54929.93503621 38.33  84.237658  57.255289   -100 -100.00 -100.00 -100.00
  28    66.811 54929.93503680 38.80  84.241194  57.257091   -100 -100.00 -100.00 -100.00
  28    66.783 54929.93503739 36.76  84.244731  57.258894   -100 -100.00 -100.00 -100.00
  29    67.869 54939.85067288 31.67  84.244099  57.255302 26.841 -100.00 -100.00 -100.00
  29    68.096 54939.85067347 27.85  84.247636  57.257104 15.076 -100.00 -100.00 -100.00
  30    68.673 54949.76630777 47.97  84.250589  57.254236   -100 -100.00 -100.00 -100.00
  30    68.454 54949.76630836 49.93  84.254125  57.256037 15.432 -100.00 -100.00 -100.00
  31    70.283 54959.68194604 40.02  84.251240  57.252344   -100 -100.00 -100.00 -100.00
  31    70.300 54959.68194663 34.40  84.254776  57.254146 15.922 -100.00 -100.00 -100.00
  31    70.344 54959.68194722 35.11  84.258313  57.255948 19.240 -100.00 -100.00 -100.00
  32    69.302 54969.59759431 37.63  84.247690  57.252678 31.271 -100.00 -100.00 -100.00
  32    69.260 54969.59759490 34.56  84.251226  57.254480 21.798 -100.00 -100.00 -100.00
  32    69.246 54969.59759549 38.68  84.254762  57.256282   -100 -100.00 -100.00 -100.00
  33    69.332 54979.51324205 29.27  84.246563  57.255060 11.947 -100.00 -100.00 -100.00
  33    70.074 54979.51324264 27.50  84.250100  57.256862  9.376 -100.00 -100.00 -100.00
  34    68.261 54989.42888919 35.85  84.243225  57.255556   -100 -100.00 -100.00 -100.00
  34    68.340 54989.42888978 40.50  84.246761  57.257358   -100 -100.00 -100.00 -100.00
  35    67.467 54999.34453617 33.19  84.240121  57.254506 26.166 -100.00 -100.00 -100.00
  35    67.357 54999.34453676 36.10  84.243657  57.256308   -100 -100.00 -100.00 -100.00
  35    67.495 54999.34453735 39.76  84.247194  57.258110   -100 -100.00 -100.00 -100.00
  36    68.656 55009.26018190 24.68  84.240727  57.254991 10.982 -100.00 -100.00 -100.00
  36    69.069 55009.26018249 23.30  84.244263  57.256793  8.814 -100.00 -100.00 -100.00
  37    66.908 55019.17582571 33.01  84.240485  57.255137 14.855 -100.00 -100.00 -100.00
  37    66.744 55019.17582630 34.33  84.244022  57.256940 21.680 -100.00 -100.00 -100.00
  38    66.538 55029.09146813 49.30  84.239101  57.256083  7.657 -100.00 -100.00 -100.00
  38    66.648 55029.09146872 53.31  84.242637  57.257885 22.862 -100.00 -100.00 -100.00
  39    66.124 55039.00710958 48.26  84.235654  57.256048   -100 -100.00 -100.00 -100.00
  39    65.803 55039.00711017 52.33  84.239191  57.257851 19.843 -100.00 -100.00 -100.00
  39    65.897 55039.00711076 53.96  84.242727  57.259653   -100 -100.00 -100.00 -100.00
  40    68.103 55048.92275001 24.15  84.235748  57.255783 13.154 -100.00 -100.00 -100.00
  40    64.949 55048.92275060 28.50  84.239284  57.257585 27.012 -100.00 -100.00 -100.00
  40    65.166 55048.92275119 33.93  84.242821  57.259387   -100 -100.00 -100.00 -100.00
  41    65.096 55058.83838879 44.13  84.241070  57.255138   -100 -100.00 -100.00 -100.00
  41    65.219 55058.83838938 51.45  84.244605  57.256940   -100 -100.00 -100.00 -100.00
  42    65.288 55068.75402824 43.82  84.247421  57.254187   -100 -100.00 -100.00 -100.00
  42    65.159 55068.75402883 49.44  84.250957  57.255989   -100 -100.00 -100.00 -100.00
  43    65.552 55078.66967813 43.34  84.248933  57.253875   -100 -100.00 -100.00 -100.00
  43    65.541 55078.66967872 45.11  84.252469  57.255677   -100 -100.00 -100.00 -100.00
  44    65.112 55088.58532557 46.09  84.245504  57.254172   -100 -100.00 -100.00 -100.00
  44    64.904 55088.58532616 49.41  84.249040  57.255974   -100 -100.00 -100.00 -100.00
  45    64.740 55098.50097174 49.39  84.241127  57.255465   -100 -100.00 -100.00 -100.00
  45    64.407 55098.50097233 53.39  84.244664  57.257267   -100 -100.00 -100.00 -100.00
  46    67.936 55108.41661734 24.79  84.237335  57.255676 13.091 -100.00 -100.00 -100.00
  46    67.492 55108.41661793 25.85  84.240872  57.257478 16.477 -100.00 -100.00 -100.00
  47    67.552 55118.33226261 28.63  84.240432  57.256040 26.448 -100.00 -100.00 -100.00
  47    67.322 55118.33226320 26.70  84.243968  57.257842 16.152 -100.00 -100.00 -100.00
  48    68.159 55128.24790526 28.30  84.244005  57.254593 17.424 -100.00 -100.00 -100.00
  48    68.489 55128.24790586 26.81  84.247542  57.256395 13.365 -100.00 -100.00 -100.00
  49    66.574 55138.16354568 37.00  84.246460  57.253514 30.966 -100.00 -100.00 -100.00
  49    66.146 55138.16354627 40.08  84.249997  57.255316  3.945 -100.00 -100.00 -100.00
  50    68.294 55148.07918452 36.97  84.247248  57.254267   -100 -100.00 -100.00 -100.00
  50    68.567 55148.07918511 38.14  84.250785  57.256069   -100 -100.00 -100.00 -100.00
  51    66.669 55157.99482221 33.68  84.243796  57.254530   -100 -100.00 -100.00 -100.00
  51    66.708 55157.99482280 35.01  84.247333  57.256332   -100 -100.00 -100.00 -100.00
  52    66.853 55167.91046008 27.71  84.243443  57.255589 16.374 -100.00 -100.00 -100.00
  52    66.886 55167.91046067 28.63  84.246979  57.257391 18.646 -100.00 -100.00 -100.00
  53    66.451 55177.82609732 27.70  84.244967  57.255671 19.653 -100.00 -100.00 -100.00
  53    66.291 55177.82609791 27.95  84.248504  57.257473 19.244 -100.00 -100.00 -100.00
  54    66.562 55187.74174157 24.23  84.245781  57.255080 14.032 -100.00 -100.00 -100.00
  54    67.982 55187.74174216 22.39  84.249318  57.256882 11.174 -100.00 -100.00 -100.00
  55    67.118 55197.65739229 21.20  84.244210  57.255671  8.892 -100.00 -100.00 -100.00
  55    66.388 55197.65739288 21.12  84.247747  57.257473  9.578 -100.00 -100.00 -100.00
  56    65.715 55207.57304149 22.91  84.237945  57.255375 13.400 -100.00 -100.00 -100.00
  56    66.764 55207.57304208 20.89  84.241481  57.257177  9.704 -100.00 -100.00 -100.00
  56    66.356 55207.57304267 20.48  84.245018  57.258980  8.212 -100.00 -100.00 -100.00
  57    66.774 55217.48869040 20.56  84.233029  57.255654  9.677 -100.00 -100.00 -100.00
  57    66.368 55217.48869099 22.44  84.236566  57.257457 12.478 -100.00 -100.00 -100.00
  57    66.849 55217.48869158 19.79  84.240103  57.259259  7.641 -100.00 -100.00 -100.00
  58    66.738 55227.40433883 18.84  84.230722  57.255319  7.550 -100.00 -100.00 -100.00
  58    66.664 55227.40433942 18.98  84.234258  57.257121  7.351 -100.00 -100.00 -100.00
  58    66.810 55227.40434001 18.93  84.237795  57.258924  7.333 -100.00 -100.00 -100.00
  59    67.087 55237.31998497 18.34  84.233971  57.254993  6.930 -100.00 -100.00 -100.00
  59    67.013 55237.31998556 18.13  84.237508  57.256796  6.081 -100.00 -100.00 -100.00
  59    67.370 55237.31998615 18.95  84.241045  57.258598  7.434 -100.00 -100.00 -100.00
  60    66.985 55247.23562771 19.85  84.239348  57.254117  9.376 -100.00 -100.00 -100.00
  60    66.806 55247.23562830 18.69  84.242885  57.255919  8.552 -100.00 -100.00 -100.00
  60    67.083 55247.23562889 17.91  84.246423  57.257721  6.925 -100.00 -100.00 -100.00
  61    67.385 55257.15126795 16.67  84.244004  57.254373  4.975 -100.00 -100.00 -100.00
  61    68.078 55257.15126854 16.76  84.247542  57.256175  5.201 -100.00 -100.00 -100.00
  62    66.798 55267.06690692 16.77  84.244999  57.255550  5.677 -100.00 -100.00 -100.00
  62    66.596 55267.06690751 16.31  84.248536  57.257352  5.207 -100.00 -100.00 -100.00
  63    66.944 55276.98254441 19.36  84.239808  57.254963 10.213 -100.00 -100.00 -100.00
  63    66.814 55276.98254500 18.37  84.243345  57.256765  7.729 -100.00 -100.00 -100.00
  64    65.487 55286.89818145 18.17  84.240570  57.255395 12.927 -100.00 -100.00 -100.00
  64    65.602 55286.89818204 17.81  84.244107  57.257197 12.790 -100.00 -100.00 -100.00
  65    68.641 55296.81381607 10.20  84.243063  57.253627  3.596 -100.00 -100.00 -100.00
  65    68.231 55296.81381666 11.65  84.246599  57.255429  5.501 -100.00 -100.00 -100.00
  65    68.663 55296.81381725 10.82  84.250136  57.257231  4.202 -100.00 -100.00 -100.00
  66    66.753 55306.72945700 38.92  84.247478  57.252570   -100 -100.00 -100.00 -100.00
  66    65.366 55306.72945759 39.00  84.251015  57.254372   -100 -100.00 -100.00 -100.00
  66    65.156 55306.72945818 41.27  84.254551  57.256174  9.617 -100.00 -100.00 -100.00
  67    71.773 55316.64510373 40.29  84.248696  57.252610 30.502 -100.00 -100.00 -100.00
  67    71.849 55316.64510432 41.31  84.252232  57.254412   -100 -100.00 -100.00 -100.00
  67    71.610 55316.64510491 45.12  84.255769  57.256214  2.557 -100.00 -100.00 -100.00
  68    71.155 55326.56074942 37.10  84.248550  57.254371 20.898 -100.00 -100.00 -100.00
  68    71.087 55326.56075001 36.04  84.252087  57.256172 20.364 -100.00 -100.00 -100.00
  69    70.744 55336.47639326 51.24  84.241810  57.253928   -100 -100.00 -100.00 -100.00
  69    70.728 55336.47639385 53.41  84.245347  57.255730 14.584 -100.00 -100.00 -100.00
  69    70.734 55336.47639444 56.27  84.248883  57.257532 30.423 -100.00 -100.00 -100.00
  70    70.172 55346.39203720 36.27  84.239113  57.254733 30.667 -100.00 -100.00 -100.00
  70    70.106 55346.39203779 35.91  84.242649  57.256535 27.826 -100.00 -100.00 -100.00
  70    70.165 55346.39203838 34.92  84.246185  57.258337 21.541 -100.00 -100.00 -100.00
  71    70.559 55356.30767980 37.24  84.237854  57.254420 28.098 -100.00 -100.00 -100.00
  71    70.567 55356.30768039 35.25  84.241390  57.256223 19.901 -100.00 -100.00 -100.00
  71    70.614 55356.30768098 34.64  84.244926  57.258025 17.479 -100.00 -100.00 -100.00
  72    69.753 55366.22332096 43.38  84.241121  57.255511   -100 -100.00 -100.00 -100.00
  72    69.783 55366.22332155 36.78  84.244658  57.257314 29.091 -100.00 -100.00 -100.00
  73    68.754 55376.13895984 49.63  84.240144  57.254277   -100 -100.00 -100.00 -100.00
  73    68.496 55376.13896044 52.66  84.243681  57.256079   -100 -100.00 -100.00 -100.00
  73    68.448 55376.13896103 54.44  84.247217  57.257881   -100 -100.00 -100.00 -100.00
  74    69.270 55386.05459827 48.11  84.242131  57.255143   -100 -100.00 -100.00 -100.00
  74    69.199 55386.05459886 49.55  84.245667  57.256945 14.075 -100.00 -100.00 -100.00
  75    70.119 55395.97023530 28.79  84.241439  57.254657 13.241 -100.00 -100.00 -100.00
  75    69.789 55395.97023589 28.21  84.244975  57.256459 13.522 -100.00 -100.00 -100.00
  76    69.698 55405.88587653 28.58  84.244808  57.255590 15.298 -100.00 -100.00 -100.00
  76    69.629 55405.88587712 27.82  84.248344  57.257392 15.489 -100.00 -100.00 -100.00
  77    66.458 55415.80152735 44.33  84.242834  57.254224   -100 -100.00 -100.00 -100.00
  77    66.373 55415.80152794 48.41  84.246370  57.256026  7.657 -100.00 -100.00 -100.00
  78    66.321 55425.71717562 46.19  84.246009  57.254356   -100 -100.00 -100.00 -100.00
  78    66.541 55425.71717621 50.54  84.249545  57.256158   -100 -100.00 -100.00 -100.00
  79    65.043 55435.63282130 36.10  84.248551  57.254753 27.058 -100.00 -100.00 -100.00
  79    65.104 55435.63282189 38.82  84.252087  57.256555   -100 -100.00 -100.00 -100.00
  80    64.400 55445.54846492 45.41  84.244323  57.253743  2.520 -100.00 -100.00 -100.00
  80    64.426 55445.54846551 46.35  84.247859  57.255545  3.045 -100.00 -100.00 -100.00
  81    64.165 55455.46410862 38.84  84.243915  57.255752   -100 -100.00 -100.00 -100.00
  81    64.223 55455.46410921 35.13  84.247452  57.257554   -100 -100.00 -100.00 -100.00
  82    64.201 55465.37975104 34.74  84.240859  57.255474   -100 -100.00 -100.00 -100.00
  82    64.208 55465.37975163 32.50  84.244396  57.257276   -100 -100.00 -100.00 -100.00
  83    64.330 55475.29539104 34.96  84.243365  57.255122   -100 -100.00 -100.00 -100.00
  83    64.326 55475.29539163 33.73  84.246901  57.256925   -100 -100.00 -100.00 -100.00
  84    64.431 55485.21102797 46.20  84.247639  57.253952   -100 -100.00 -100.00 -100.00
  84    64.581 55485.21102856 49.61  84.251176  57.255754   -100 -100.00 -100.00 -100.00
  85    64.177 55495.12666265 43.25  84.250872  57.253019  1.832 -100.00 -100.00 -100.00
  85    64.191 55495.12666324 40.86  84.254409  57.254821   -100 -100.00 -100.00 -100.00
  85    64.306 55495.12666383 46.04  84.257946  57.256623 23.025 -100.00 -100.00 -100.00
  86    68.477 55505.04229594 36.98  84.249433  57.252257   -100 -100.00 -100.00 -100.00
  86    68.241 55505.04229653 31.28  84.252969  57.254060 31.977 -100.00 -100.00 -100.00
  86    68.308 55505.04229712 28.04  84.256506  57.255862 20.446 -100.00 -100.00 -100.00
  87    64.080 55514.95794628 42.31  84.245614  57.254180   -100 -100.00 -100.00 -100.00
  87    63.884 55514.95794687 43.26  84.249151  57.255982  0.772 -100.00 -100.00 -100.00
  88    64.705 55524.87359560 41.18  84.241922  57.255227   -100 -100.00 -100.00 -100.00
  88    64.695 55524.87359619 43.48  84.245458  57.257029 11.092 -100.00 -100.00 -100.00
  89    67.072 55534.78924265 24.90  84.237512  57.254300 11.787 -100.00 -100.00 -100.00
  89    68.067 55534.78924324 23.88  84.241048  57.256102 10.278 -100.00 -100.00 -100.00
  89    64.902 55534.78924383 25.16  84.244585  57.257905 12.842 -100.00 -100.00 -100.00
  90    66.773 55544.70488858 23.61  84.238856  57.255175 13.456 -100.00 -100.00 -100.00
  90    64.705 55544.70488917 24.93  84.242392  57.256977 15.681 -100.00 -100.00 -100.00
  91    64.713 55554.62053211 24.30  84.236522  57.254465 16.491 -100.00 -100.00 -100.00
  91    66.353 55554.62053270 24.54  84.240058  57.256268 17.161 -100.00 -100.00 -100.00
  91    64.687 55554.62053329 24.19  84.243595  57.258070 15.925 -100.00 -100.00 -100.00
  92    66.601 55564.53617543 21.96  84.237830  57.256068 12.017 -100.00 -100.00 -100.00
  92    66.683 55564.53617602 20.74  84.241367  57.257870  8.816 -100.00 -100.00 -100.00
  93    67.168 55574.45181790 20.97  84.238343  57.256100 10.681 -100.00 -100.00 -100.00
  93    67.786 55574.45181849 19.52  84.241880  57.257903  7.605 -100.00 -100.00 -100.00
  94    67.402 55584.36745867 19.95  84.239178  57.254610  8.012 -100.00 -100.00 -100.00
  94    67.539 55584.36745926 20.85  84.242715  57.256412  9.636 -100.00 -100.00 -100.00
  94    68.133 55584.36745986 20.16  84.246252  57.258214  8.504 -100.00 -100.00 -100.00
  95    66.775 55594.28309668 21.54  84.244905  57.254490 12.056 -100.00 -100.00 -100.00
  95    67.909 55594.28309727 20.82  84.248442  57.256292 10.070 -100.00 -100.00 -100.00
  96    64.294 55604.19873128 22.21  84.250107  57.254331 12.759 -100.00 -100.00 -100.00
  96    64.263 55604.19873187 23.23  84.253644  57.256133 14.927 -100.00 -100.00 -100.00
  97    64.396 55614.11436331 24.33  84.252083  57.253724 16.779 -100.00 -100.00 -100.00
  97    64.211 55614.11436390 27.59  84.255620  57.255526 28.087 -100.00 -100.00 -100.00
  98    64.589 55624.03000125 25.15  84.251420  57.253685 19.400 -100.00 -100.00 -100.00
  98    64.392 55624.03000184 24.78  84.254956  57.255487 19.401 -100.00 -100.00 -100.00
  99    64.863 55633.94565332 25.80  84.246878  57.253947 21.777 -100.00 -100.00 -100.00
  99    64.604 55633.94565391 27.29  84.250415  57.255749 29.591 -100.00 -100.00 -100.00
 100    64.775 55643.86130323 25.78  84.244252  57.253658 25.668 -100.00 -100.00 -100.00
 100    64.978 55643.86130382 27.85  84.247788  57.255461 31.659 -100.00 -100.00 -100.00
 100    64.734 55643.86130441 25.88  84.251325  57.257263 26.448 -100.00 -100.00 -100.00
 101    64.744 55653.77695105 20.32  84.247242  57.254952 21.813 -100.00 -100.00 -100.00
 101    64.865 55653.77695164 19.09  84.250779  57.256754 17.511 -100.00 -100.00 -100.00
 102    65.747 55663.69259399 38.60  84.248096  57.254371   -100 -100.00 -100.00 -100.00
 102    65.606 55663.69259458 40.93  84.251632  57.256173  2.329 -100.00 -100.00 -100.00
 103    70.295 55673.60823400 48.52  84.247663  57.254146  1.776 -100.00 -100.00 -100.00
 103    70.321 55673.60823459 50.69  84.251200  57.255948 11.946 -100.00 -100.00 -100.00
 104    69.950 55683.52387234 31.68  84.244878  57.253629 13.964 -100.00 -100.00 -100.00
 104    69.785 55683.52387293 32.33  84.248415  57.255431 17.768 -100.00 -100.00 -100.00
 104    69.756 55683.52387352 31.61  84.251951  57.257232 16.144 -100.00 -100.00 -100.00
 105    69.921 55693.43951003 30.63  84.245941  57.254950 16.269 -100.00 -100.00 -100.00
 105    70.392 55693.43951062 28.76  84.249478  57.256752 11.073 -100.00 -100.00 -100.00
 106    68.847 55703.35514598 48.39  84.246370  57.254986   -100 -100.00 -100.00 -100.00
 106    68.795 55703.35514657 54.45  84.249907  57.256788  2.811 -100.00 -100.00 -100.00
 107    69.600 55713.27079038 32.50  84.243911  57.254138 29.313 -100.00 -100.00 -100.00
 107    69.632 55713.27079097 28.56  84.247447  57.255941 16.961 -100.00 -100.00 -100.00
 108    67.373 55723.18643949 45.49  84.241273  57.254287 30.482 -100.00 -100.00 -100.00
 108    67.036 55723.18644008 50.51  84.244809  57.256089   -100 -100.00 -100.00 -100.00
 109    69.243 55733.10208656 20.25  84.238620  57.254554  6.737 -100.00 -100.00 -100.00
 109    69.363 55733.10208715 18.99  84.242156  57.256356  5.057 -100.00 -100.00 -100.00
 109    69.054 55733.10208774 20.17  84.245693  57.258158  6.463 -100.00 -100.00 -100.00
 110    65.947 55743.01773247 31.40  84.237607  57.255050 17.042 -100.00 -100.00 -100.00
 110    65.761 55743.01773306 34.66  84.241143  57.256852 31.723 -100.00 -100.00 -100.00
 110    66.088 55743.01773365 33.46  84.244680  57.258654 19.280 -100.00 -100.00 -100.00
 111    66.063 55752.93337693 48.54  84.237451  57.254683   -100 -100.00 -100.00 -100.00
 111    65.628 55752.93337752 52.81  84.240987  57.256485 30.158 -100.00 -100.00 -100.00
 111    65.580 55752.93337811 55.77  84.244524  57.258287   -100 -100.00 -100.00 -100.00
 112    65.461 55762.84901986 31.11  84.243637  57.255539 25.914 -100.00 -100.00 -100.00
 112    65.377 55762.84902045 36.59  84.247173  57.257341   -100 -100.00 -100.00 -100.00
 113    64.798 55772.76465944 45.33  84.246880  57.254474   -100 -100.00 -100.00 -100.00
 113    64.818 55772.76466003 50.62  84.250416  57.256275   -100 -100.00 -100.00 -100.00
 114    64.789 55782.68029521 46.42  84.247285  57.252666 28.006 -100.00 -100.00 -100.00
 114    64.670 55782.68029580 46.46  84.250821  57.254468 31.853 -100.00 -100.00 -100.00
 114    64.060 55782.68029639 52.81  84.254358  57.256270 29.251 -100.00 -100.00 -100.00
 115    64.211 55792.59592894 43.69  84.248652  57.252914   -100 -100.00 -100.00 -100.00
 115    64.117 55792.59592953 40.24  84.252188  57.254716   -100 -100.00 -100.00 -100.00
 115    64.268 55792.59593012 45.66  84.255724  57.256518   -100 -100.00 -100.00 -100.00
 116    63.605 55802.51156321 45.76  84.248060  57.252612   -100 -100.00 -100.00 -100.00
 116    63.819 55802.51156380 34.96  84.251596  57.254414   -100 -100.00 -100.00 -100.00
 116    64.382 55802.51156439 33.09  84.255132  57.256216 31.403 -100.00 -100.00 -100.00
 117    65.253 55812.42721363 46.56  84.248020  57.254389   -100 -100.00 -100.00 -100.00
 117    64.677 55812.42721422 50.91  84.251557  57.256191 30.158 -100.00 -100.00 -100.00
 118    63.847 55822.34286178 45.79  84.245913  57.253286  9.126 -100.00 -100.00 -100.00
 118    63.891 55822.34286237 44.43  84.249449  57.255088   -100 -100.00 -100.00 -100.00
 118    63.911 55822.34286296 49.87  84.252986  57.256891 20.624 -100.00 -100.00 -100.00
 119    63.439 55832.25850586 37.66  84.249352  57.253710  4.465 -100.00 -100.00 -100.00
 119    68.341 55832.25850645 29.05  84.252889  57.255512 20.794 -100.00 -100.00 -100.00
 120    63.427 55842.17414511 39.65  84.250740  57.253252 13.796 -100.00 -100.00 -100.00
 120    68.344 55842.17414570 28.55  84.254277  57.255055 18.690 -100.00 -100.00 -100.00
 121    63.459 55852.08978088 39.36  84.249097  57.252592  2.073 -100.00 -100.00 -100.00
 121    68.198 55852.08978147 33.02  84.252634  57.254394   -100 -100.00 -100.00 -100.00
 121    64.038 55852.08978206 34.74  84.256171  57.256197   -100 -100.00 -100.00 -100.00
 122    68.052 55862.00541499 32.37  84.250232  57.254276   -100 -100.00 -100.00 -100.00
 122    67.947 55862.00541558 30.75  84.253769  57.256079   -100 -100.00 -100.00 -100.00
 123    67.906 55871.92106905 28.13  84.244702  57.255081 15.800 -100.00 -100.00 -100.00
 123    63.965 55871.92106964 31.30  84.248239  57.256883 23.348 -100.00 -100.00 -100.00
 124    64.439 55881.83671832 38.54  84.241533  57.254433   -100 -100.00 -100.00 -100.00
 124    64.362 55881.83671891 37.45  84.245069  57.256235   -100 -100.00 -100.00 -100.00
 125    67.005 55891.75236188 29.50  84.244623  57.255566 16.143 -100.00 -100.00 -100.00
 125    66.397 55891.75236247 27.73  84.248159  57.257368 13.090 -100.00 -100.00 -100.00
 126    67.331 55901.66799890 27.67  84.242972  57.253937 16.672 -100.00 -100.00 -100.00
 126    64.332 55901.66799949 30.55  84.246508  57.255739 26.092 -100.00 -100.00 -100.00
 127    68.263 55911.58363340 22.22  84.245911  57.255176  7.257 -100.00 -100.00 -100.00
 127    64.160 55911.58363399 27.75  84.249447  57.256979 18.764 -100.00 -100.00 -100.00
 128    66.813 55921.49928753 24.09  84.240036  57.255422 10.847 -100.00 -100.00 -100.00
 128    63.976 55921.49928812 26.20  84.243573  57.257224 15.845 -100.00 -100.00 -100.00
 129    63.865 55931.41493970 27.58  84.240420  57.256137 20.240 -100.00 -100.00 -100.00
 129    66.316 55931.41494029 26.69  84.243956  57.257939 17.461 -100.00 -100.00 -100.00
 130    64.082 55941.33058738 27.51  84.240549  57.254002 20.014 -100.00 -100.00 -100.00
 130    64.051 55941.33058797 27.35  84.244086  57.255804 19.195 -100.00 -100.00 -100.00
 130    63.978 55941.33058856 28.99  84.247623  57.257607 25.360 -100.00 -100.00 -100.00
 131    66.919 55951.24623119 26.95  84.244938  57.253564 17.831 -100.00 -100.00 -100.00
 131    66.996 55951.24623178 25.41  84.248475  57.255366 14.009 -100.00 -100.00 -100.00
 131    63.795 55951.24623237 28.24  84.252012  57.257168 22.056 -100.00 -100.00 -100.00
 132    66.413 55961.16187100 26.20  84.246685  57.253740 17.632 -100.00 -100.00 -100.00
 132    63.462 55961.16187159 26.47  84.250222  57.255542 18.493 -100.00 -100.00 -100.00
 133    66.737 55971.07750826 24.97  84.245639  57.254398 14.964 -100.00 -100.00 -100.00
 133    66.480 55971.07750885 23.97  84.249176  57.256200 13.849 -100.00 -100.00 -100.00
 134    63.368 55980.99314390 26.52  84.242870  57.253882 19.059 -100.00 -100.00 -100.00
 134    63.588 55980.99314449 26.71  84.246407  57.255684 19.173 -100.00 -100.00 -100.00
 135    63.650 55990.90877925 27.89  84.247778  57.254654 23.984 -100.00 -100.00 -100.00
 135    66.284 55990.90877984 23.67  84.251314  57.256457 12.000 -100.00 -100.00 -100.00
 136    64.052 56000.82442436 25.39  84.248954  57.253802 18.456 -100.00 -100.00 -100.00
 136    63.982 56000.82442495 24.68  84.252490  57.255604 16.789 -100.00 -100.00 -100.00
 137    64.049 56010.74007476 23.76  84.250589  57.254062   -100 -100.00 -100.00 -100.00
 137    63.932 56010.74007535 21.37  84.254126  57.255864   -100 -100.00 -100.00 -100.00
 138    64.209 56020.65572098 30.57  84.248888  57.254088   -100 -100.00 -100.00 -100.00
 138    64.339 56020.65572157 27.35  84.252424  57.255890 31.935 -100.00 -100.00 -100.00
 139    67.951 56030.57136440 45.79  84.246026  57.255145 24.487 -100.00 -100.00 -100.00
 139    67.168 56030.57136499 57.04  84.249562  57.256947   -100 -100.00 -100.00 -100.00
 140    66.195 56040.48700530 44.52  84.239201  57.254308 16.736 -100.00 -100.00 -100.00
 140    66.207 56040.48700589 39.34  84.242738  57.256110   -100 -100.00 -100.00 -100.00
 140    66.271 56040.48700648 37.46  84.246274  57.257912   -100 -100.00 -100.00 -100.00
 141    69.140 56050.40264483 26.72  84.238869  57.254750 14.346 -100.00 -100.00 -100.00
 141    70.017 56050.40264542 24.73  84.242405  57.256552  8.361 -100.00 -100.00 -100.00
 141    70.650 56050.40264601 25.77  84.245942  57.258354  8.846 -100.00 -100.00 -100.00
 142    68.709 56060.31828176 29.22  84.240640  57.254257 20.061 -100.00 -100.00 -100.00
 142    69.396 56060.31828235 26.34  84.244176  57.256060 11.472 -100.00 -100.00 -100.00
 142    70.556 56060.31828294 27.15  84.247713  57.257862 14.093 -100.00 -100.00 -100.00
 143    65.682 56070.23391870 44.69  84.245127  57.253872   -100 -100.00 -100.00 -100.00
 143    65.550 56070.23391929 45.94  84.248664  57.255674   -100 -100.00 -100.00 -100.00
 144    65.218 56080.14956940 44.82  84.242710  57.254014   -100 -100.00 -100.00 -100.00
 144    65.025 56080.14956999 45.49  84.246246  57.255816  7.551 -100.00 -100.00 -100.00
 145    64.724 56090.06521753 46.83  84.240856  57.255351   -100 -100.00 -100.00 -100.00
 145    64.316 56090.06521813 53.03  84.244392  57.257153 30.850 -100.00 -100.00 -100.00
 146    64.583 56099.98086287 47.74  84.237751  57.255540   -100 -100.00 -100.00 -100.00
 146    63.996 56099.98086346 53.06  84.241287  57.257343 29.419 -100.00 -100.00 -100.00
 147    63.888 56109.89649434 37.61  84.238325  57.255065   -100 -100.00 -100.00 -100.00
 147    64.058 56109.89649493 38.50  84.241862  57.256868   -100 -100.00 -100.00 -100.00
 147    63.973 56109.89649552 40.74  84.245398  57.258670 12.437 -100.00 -100.00 -100.00
 148    63.969 56119.81213503 44.45  84.245598  57.255232   -100 -100.00 -100.00 -100.00
 148    64.074 56119.81213562 49.77  84.249134  57.257034   -100 -100.00 -100.00 -100.00
 149    64.859 56129.72777174 44.62  84.251500  57.253898   -100 -100.00 -100.00 -100.00
 149    64.520 56129.72777233 51.05  84.255036  57.255700 23.700 -100.00 -100.00 -100.00
 150    64.289 56139.64340530 36.66  84.255024  57.253505   -100 -100.00 -100.00 -100.00
 150    64.582 56139.64340589 37.81  84.258561  57.255307   -100 -100.00 -100.00 -100.00
 151    64.045 56149.55905440 42.42  84.246521  57.252873   -100 -100.00 -100.00 -100.00
 151    63.781 56149.55905499 39.40  84.250057  57.254675   -100 -100.00 -100.00 -100.00
 151    63.893 56149.55905558 43.84  84.253593  57.256476 15.806 -100.00 -100.00 -100.00
 152    63.502 56159.47470378 34.80  84.244174  57.255314   -100 -100.00 -100.00 -100.00
 152    64.101 56159.47470437 30.82  84.247710  57.257116 31.090 -100.00 -100.00 -100.00
 153    64.112 56169.39035114 43.45  84.239999  57.254179   -100 -100.00 -100.00 -100.00
 153    64.194 56169.39035173 46.80  84.243536  57.255981   -100 -100.00 -100.00 -100.00
 153    63.672 56169.39035232 52.06  84.247072  57.257783 24.200 -100.00 -100.00 -100.00
 154    63.713 56179.30599606 41.95  84.244290  57.254331 13.868 -100.00 -100.00 -100.00
 154    63.761 56179.30599666 37.31  84.247827  57.256133   -100 -100.00 -100.00 -100.00
 155    63.868 56189.22163683 34.93  84.249621  57.254483  2.020 -100.00 -100.00 -100.00
 155    64.322 56189.22163742 33.65  84.253157  57.256285   -100 -100.00 -100.00 -100.00
 156    67.995 56199.13727384 29.25  84.250332  57.254025   -100 -100.00 -100.00 -100.00
 156    64.146 56199.13727443 33.75  84.253869  57.255827  3.888 -100.00 -100.00 -100.00
 157    63.969 56209.05290749 44.97  84.245821  57.253010 31.551 -100.00 -100.00 -100.00
 157    63.992 56209.05290808 39.08  84.249358  57.254813 12.051 -100.00 -100.00 -100.00
 157    64.210 56209.05290867 31.82  84.252894  57.256615   -100 -100.00 -100.00 -100.00
 158    64.699 56218.96854002 41.50  84.245362  57.254261 25.596 -100.00 -100.00 -100.00
 158    64.240 56218.96854061 44.79  84.248898  57.256064   -100 -100.00 -100.00 -100.00
 159    66.290 56228.88418662 34.72  84.242169  57.254708   -100 -100.00 -100.00 -100.00
 159    67.022 56228.88418721 28.50  84.245705  57.256511 18.286 -100.00 -100.00 -100.00
 160    64.274 56238.79984005 39.82  84.240081  57.254147   -100 -100.00 -100.00 -100.00
 160    64.859 56238.79984064 40.58  84.243617  57.255949 22.002 -100.00 -100.00 -100.00
 160    64.651 56238.79984123 43.71  84.247154  57.257751   -100 -100.00 -100.00 -100.00
 161    65.146 56248.71549036 37.12  84.242969  57.255367   -100 -100.00 -100.00 -100.00
 161    64.889 56248.71549095 37.28  84.246505  57.257169   -100 -100.00 -100.00 -100.00
 162    64.366 56258.63113523 26.67  84.242161  57.254678 15.604 -100.00 -100.00 -100.00
 162    64.509 56258.63113582 26.70  84.245697  57.256480 15.947 -100.00 -100.00 -100.00
 163    66.469 56268.54677700 21.90  84.239090  57.254145  9.765 -100.00 -100.00 -100.00
 163    66.708 56268.54677759 22.44  84.242627  57.255947  9.849 -100.00 -100.00 -100.00
 163    66.459 56268.54677818 22.18  84.246163  57.257749  9.838 -100.00 -100.00 -100.00
 164    67.449 56278.46241798 20.89  84.241460  57.256031  8.682 -100.00 -100.00 -100.00
 164    67.879 56278.46241857 20.87  84.244997  57.257833  7.741 -100.00 -100.00 -100.00
 165    67.346 56288.37806735 19.68  84.239556  57.255737  6.284 -100.00 -100.00 -100.00
 165    67.627 56288.37806794 19.58  84.243093  57.257539  6.999 -100.00 -100.00 -100.00
 166    67.700 56298.29371622 19.74  84.240407  57.254258  7.428 -100.00 -100.00 -100.00
 166    67.720 56298.29371681 19.88  84.243943  57.256060  6.760 -100.00 -100.00 -100.00
 166    68.089 56298.29371740 19.59  84.247480  57.257862  6.972 -100.00 -100.00 -100.00
 167    67.504 56308.20936177 19.50  84.245693  57.254460  8.105 -100.00 -100.00 -100.00
 167    68.178 56308.20936236 18.04  84.249230  57.256263  5.713 -100.00 -100.00 -100.00
 168    67.648 56318.12500395 18.73  84.245540  57.253511  6.467 -100.00 -100.00 -100.00
 168    67.982 56318.12500454 17.97  84.249077  57.255313  5.874 -100.00 -100.00 -100.00
 168    68.392 56318.12500513 18.32  84.252615  57.257115  5.652 -100.00 -100.00 -100.00
 169    67.768 56328.04064501 19.35  84.244481  57.254894  7.348 -100.00 -100.00 -100.00
 169    68.547 56328.04064561 18.25  84.248018  57.256696  5.240 -100.00 -100.00 -100.00
 170    66.821 56337.95628445 20.54  84.240110  57.254391  8.519 -100.00 -100.00 -100.00
 170    63.680 56337.95628504 22.61  84.243646  57.256193 11.848 -100.00 -100.00 -100.00
 170    66.305 56337.95628563 20.93  84.247183  57.257996  8.438 -100.00 -100.00 -100.00
 171    64.620 56347.87192251 20.36  84.240891  57.254131 10.523 -100.00 -100.00 -100.00
 171    66.776 56347.87192310 20.02  84.244428  57.255933  9.459 -100.00 -100.00 -100.00
 171    66.346 56347.87192369 20.53  84.247965  57.257735  9.983 -100.00 -100.00 -100.00
 172    68.313 56357.78755824 15.82  84.246433  57.253584  5.814 -100.00 -100.00 -100.00
 172    68.499 56357.78755883 17.03  84.249970  57.255386  7.405 -100.00 -100.00 -100.00
 173    64.449 56367.70320781 18.83  84.248951  57.254123 12.742 -100.00 -100.00 -100.00
 173    64.649 56367.70320840 17.89  84.252488  57.255925 10.229 -100.00 -100.00 -100.00
 176    66.245 56397.45014438 27.98  84.237542  57.255927   -100 -100.00 -100.00 -100.00
 176    66.373 56397.45014497 29.15  84.241078  57.257729  3.878 -100.00 -100.00 -100.00
 177    69.118 56407.36578543 34.97  84.235667  57.255697   -100 -100.00 -100.00 -100.00
 177    69.263 56407.36578602 30.64  84.239204  57.257500 16.916 -100.00 -100.00 -100.00
 177    69.432 56407.36578661 29.50  84.242740  57.259302 13.451 -100.00 -100.00 -100.00
 178    70.893 56417.28142323 34.77  84.239912  57.255847 22.228 -100.00 -100.00 -100.00
 178    70.848 56417.28142382 34.24  84.243448  57.257650 18.387 -100.00 -100.00 -100.00
 179    70.818 56427.19705598 36.71  84.244040  57.254145 27.658 -100.00 -100.00 -100.00
 179    70.798 56427.19705657 33.69  84.247577  57.255948 13.970 -100.00 -100.00 -100.00
 180    70.220 56437.11270818 31.69  84.243663  57.254855 13.403 -100.00 -100.00 -100.00
 180    70.158 56437.11270877 31.25  84.247199  57.256657 14.013 -100.00 -100.00 -100.00
 181    70.025 56447.02835961 32.09  84.241568  57.256021 17.007 -100.00 -100.00 -100.00
 181    70.025 56447.02836020 30.20  84.245104  57.257823 10.179 -100.00 -100.00 -100.00
 182    69.653 56456.94400849 32.07  84.238371  57.256267 11.801 -100.00 -100.00 -100.00
 182    69.628 56456.94400908 30.63  84.241907  57.258070 10.168 -100.00 -100.00 -100.00
 183    67.971 56466.85965433 49.96  84.238049  57.255956   -100 -100.00 -100.00 -100.00
 183    67.940 56466.85965492 55.06  84.241585  57.257758  9.900 -100.00 -100.00 -100.00
 184    67.292 56476.77529632 43.91  84.240422  57.254784  4.513 -100.00 -100.00 -100.00
 184    67.449 56476.77529691 37.59  84.243958  57.256586 29.236 -100.00 -100.00 -100.00
 185    67.259 56486.69093537 47.12  84.247717  57.255075  8.409 -100.00 -100.00 -100.00
 185    67.419 56486.69093596 44.41  84.251254  57.256877   -100 -100.00 -100.00 -100.00
 186    67.215 56496.60657114 47.05  84.249466  57.254180   -100 -100.00 -100.00 -100.00
 186    67.284 56496.60657173 50.15  84.253002  57.255982  6.862 -100.00 -100.00 -100.00
 187    66.392 56506.52220569 47.18  84.250010  57.254421 13.868 -100.00 -100.00 -100.00
 187    66.427 56506.52220628 50.29  84.253546  57.256223 20.532 -100.00 -100.00 -100.00
 188    66.473 56516.43784005 45.13  84.246634  57.253107   -100 -100.00 -100.00 -100.00
 188    66.919 56516.43784064 48.05  84.250170  57.254909   -100 -100.00 -100.00 -100.00
 188    66.737 56516.43784123 52.30  84.253706  57.256711   -100 -100.00 -100.00 -100.00
 189    68.681 56526.35349479 24.67  84.244802  57.254323 16.933 -100.00 -100.00 -100.00
 189    68.377 56526.35349538 24.97  84.248338  57.256126 17.171 -100.00 -100.00 -100.00
 190    68.517 56536.26914544 25.86  84.245260  57.254534 20.233 -100.00 -100.00 -100.00
 190    68.933 56536.26914603 22.71  84.248797  57.256336 12.427 -100.00 -100.00 -100.00
 192    67.684 56556.10043628 26.42  84.245901  57.255362 21.457 -100.00 -100.00 -100.00
 192    68.143 56556.10043687 27.48  84.249438  57.257165 26.480 -100.00 -100.00 -100.00
 193    64.804 56566.01607833 45.06  84.240440  57.254617   -100 -100.00 -100.00 -100.00
 193    64.871 56566.01607892 47.25  84.243976  57.256419   -100 -100.00 -100.00 -100.00
 194    67.800 56575.93171967 25.93  84.239230  57.255904 19.539 -100.00 -100.00 -100.00
 194    67.877 56575.93172026 25.06  84.242767  57.257706 14.329 -100.00 -100.00 -100.00
 195    65.350 56585.84735766 44.11  84.239335  57.255661   -100 -100.00 -100.00 -100.00
 195    65.232 56585.84735825 35.53  84.242871  57.257463   -100 -100.00 -100.00 -100.00
 196    66.959 56595.76299541 31.94  84.241270  57.254525 30.429 -100.00 -100.00 -100.00
 196    66.371 56595.76299600 31.49  84.244806  57.256328 30.017 -100.00 -100.00 -100.00
 197    67.210 56605.67864769 41.95  84.240323  57.254381 17.598 -100.00 -100.00 -100.00
 197    65.939 56605.67864828 49.28  84.243859  57.256183 19.888 -100.00 -100.00 -100.00
 197    65.996 56605.67864887 35.83  84.247395  57.257985   -100 -100.00 -100.00 -100.00
 198    65.533 56615.59429567 44.05  84.242294  57.255637 32.747 -100.00 -100.00 -100.00
 198    65.313 56615.59429626 49.02  84.245831  57.257439   -100 -100.00 -100.00 -100.00
 199    64.322 56625.50993923 40.62  84.238929  57.254173   -100 -100.00 -100.00 -100.00
 199    64.380 56625.50993982 42.37  84.242465  57.255975   -100 -100.00 -100.00 -100.00
 199    64.302 56625.50994041 47.17  84.246002  57.257778  4.211 -100.00 -100.00 -100.00
 200    65.018 56635.42558092 41.98  84.241080  57.255045 24.420 -100.00 -100.00 -100.00
 200    64.443 56635.42558151 53.12  84.244616  57.256847  6.084 -100.00 -100.00 -100.00
 201    65.168 56645.34121989 27.16  84.243278  57.254548 22.108 -100.00 -100.00 -100.00
 201    65.478 56645.34122048 25.03  84.246815  57.256350 15.173 -100.00 -100.00 -100.00
 202    66.740 56655.25687291 22.02  84.244884  57.255425 11.480 -100.00 -100.00 -100.00
 202    66.071 56655.25687350 23.30  84.248422  57.257227 14.271 -100.00 -100.00 -100.00
 203    67.869 56665.17252139 18.92  84.245913  57.255271  7.700 -100.00 -100.00 -100.00
 203    66.442 56665.17252198 20.79  84.249450  57.257074 10.550 -100.00 -100.00 -100.00
 204    67.783 56675.08816702 19.60  84.245984  57.255409  8.498 -100.00 -100.00 -100.00
 204    66.364 56675.08816761 20.31  84.249521  57.257211 10.286 -100.00 -100.00 -100.00
 205    66.912 56685.00381097 24.32  84.242161  57.254656 15.243 -100.00 -100.00 -100.00
 205    66.886 56685.00381156 20.66  84.245698  57.256458  8.567 -100.00 -100.00 -100.00
 206    67.885 56694.91945306 17.79  84.239967  57.254353  6.270 -100.00 -100.00 -100.00
 206    66.826 56694.91945365 19.28  84.243504  57.256156  8.210 -100.00 -100.00 -100.00
 206    66.687 56694.91945424 18.25  84.247041  57.257958  6.323 -100.00 -100.00 -100.00
 207    67.623 56704.83509129 19.26  84.243177  57.254905  6.787 -100.00 -100.00 -100.00
 207    66.734 56704.83509188 19.93  84.246713  57.256708  8.771 -100.00 -100.00 -100.00
 208    68.281 56714.75072388 16.20  84.246439  57.253816  5.240 -100.00 -100.00 -100.00
 208    68.125 56714.75072447 16.61  84.249975  57.255618  5.634 -100.00 -100.00 -100.00
 209    65.112 56724.66637548 20.52  84.246318  57.255142 12.989 -100.00 -100.00 -100.00
 209    66.168 56724.66637607 19.37  84.249854  57.256944 10.561 -100.00 -100.00 -100.00
 210    68.820 56734.58202497 14.51  84.240859  57.254905  6.169 -100.00 -100.00 -100.00
 210    69.074 56734.58202556 14.33  84.244396  57.256707  6.046 -100.00 -100.00 -100.00
 211    65.394 56744.49767144 25.61  84.236607  57.255582   -100 -100.00 -100.00 -100.00
 211    65.516 56744.49767203 25.89  84.240144  57.257385   -100 -100.00 -100.00 -100.00
 211    65.306 56744.49767262 28.29  84.243681  57.259187   -100 -100.00 -100.00 -100.00
 212    69.154 56754.41331405 41.62  84.236472  57.256406 10.744 -100.00 -100.00 -100.00
 212    69.174 56754.41331464 38.25  84.240009  57.258208   -100 -100.00 -100.00 -100.00
 213    69.399 56764.32895072 51.52  84.236015  57.254431 27.271 -100.00 -100.00 -100.00
 213    69.386 56764.32895131 52.53  84.239551  57.256234   -100 -100.00 -100.00 -100.00
 213    69.364 56764.32895190 54.49  84.243088  57.258036   -100 -100.00 -100.00 -100.00
 214    70.096 56774.24458729 30.75  84.241671  57.254766 16.265 -100.00 -100.00 -100.00
 214    70.104 56774.24458788 28.75  84.245208  57.256568 10.332 -100.00 -100.00 -100.00
 215    68.185 56784.16024429 50.51  84.239265  57.255385   -100 -100.00 -100.00 -100.00
 215    67.965 56784.16024488 53.48  84.242802  57.257188   -100 -100.00 -100.00 -100.00
 216    69.790 56794.07589741 25.90  84.235831  57.255683  9.783 -100.00 -100.00 -100.00
 216    69.770 56794.07589800 26.63  84.239368  57.257486 12.600 -100.00 -100.00 -100.00
 216    69.917 56794.07589859 27.48  84.242905  57.259288 13.807 -100.00 -100.00 -100.00
 217    69.666 56803.99154727 26.98  84.233642  57.255966 11.476 -100.00 -100.00 -100.00
 217    69.938 56803.99154786 26.81  84.237179  57.257768  8.719 -100.00 -100.00 -100.00
 217    70.108 56803.99154845 25.96  84.240716  57.259571  8.831 -100.00 -100.00 -100.00
 218    68.989 56813.90718988 41.54  84.235126  57.255473   -100 -100.00 -100.00 -100.00
 218    69.213 56813.90719047 37.39  84.238662  57.257276 31.835 -100.00 -100.00 -100.00
 218    69.272 56813.90719106 34.62  84.242199  57.259078 20.521 -100.00 -100.00 -100.00
 219    68.759 56823.82282922 52.48  84.239098  57.254932 25.013 -100.00 -100.00 -100.00
 219    68.705 56823.82282981 56.50  84.242634  57.256734   -100 -100.00 -100.00 -100.00
 219    68.649 56823.82283041 56.51  84.246171  57.258536   -100 -100.00 -100.00 -100.00
 220    68.926 56833.73846456 46.48  84.243483  57.254240   -100 -100.00 -100.00 -100.00
 220    68.773 56833.73846515 51.30  84.247019  57.256042  4.578 -100.00 -100.00 -100.00
 221    68.040 56843.65409627 48.30  84.245898  57.253051  5.292 -100.00 -100.00 -100.00
 221    68.052 56843.65409686 48.29  84.249434  57.254853  0.498 -100.00 -100.00 -100.00
 221    68.227 56843.65409745 52.16  84.252970  57.256655   -100 -100.00 -100.00 -100.00
 222    67.471 56853.56973880 44.96  84.245679  57.253504   -100 -100.00 -100.00 -100.00
 222    67.331 56853.56973939 48.35  84.249215  57.255306  7.791 -100.00 -100.00 -100.00
 222    67.582 56853.56973998 50.30  84.252751  57.257108   -100 -100.00 -100.00 -100.00
 223    66.240 56863.48539310 43.68  84.244897  57.255610  3.112 -100.00 -100.00 -100.00
 223    66.329 56863.48539369 39.67  84.248434  57.257411   -100 -100.00 -100.00 -100.00
 224    65.727 56873.40104624 44.88  84.241276  57.255386   -100 -100.00 -100.00 -100.00
 224    65.544 56873.40104683 49.52  84.244813  57.257188   -100 -100.00 -100.00 -100.00
 225    65.637 56883.31669631 31.86  84.239144  57.254800 27.464 -100.00 -100.00 -100.00
 225    65.813 56883.31669690 39.62  84.242680  57.256602   -100 -100.00 -100.00 -100.00
 225    65.782 56883.31669749 38.87  84.246217  57.258404   -100 -100.00 -100.00 -100.00
 226    65.300 56893.23234343 43.88  84.240192  57.255500   -100 -100.00 -100.00 -100.00
 226    65.496 56893.23234402 46.34  84.243729  57.257302   -100 -100.00 -100.00 -100.00
 227    64.610 56903.14798663 45.28  84.236464  57.254506 16.938 -100.00 -100.00 -100.00
 227    64.656 56903.14798722 43.50  84.240000  57.256308 28.030 -100.00 -100.00 -100.00
 227    64.907 56903.14798781 37.46  84.243537  57.258110   -100 -100.00 -100.00 -100.00
 228    64.026 56913.06362828 45.26  84.234705  57.255663 10.909 -100.00 -100.00 -100.00
 228    64.293 56913.06362887 51.57  84.238241  57.257465   -100 -100.00 -100.00 -100.00
 228    64.228 56913.06362946 50.21  84.241778  57.259267   -100 -100.00 -100.00 -100.00
 229    64.143 56922.97926788 35.81  84.232176  57.255291   -100 -100.00 -100.00 -100.00
 229    63.943 56922.97926847 35.29  84.235713  57.257094   -100 -100.00 -100.00 -100.00
 229    63.797 56922.97926906 33.75  84.239249  57.258896   -100 -100.00 -100.00 -100.00
 230    64.145 56932.89490543 44.96  84.233517  57.254941   -100 -100.00 -100.00 -100.00
 230    63.957 56932.89490602 50.48  84.237053  57.256744 16.055 -100.00 -100.00 -100.00
 230    63.989 56932.89490661 52.56  84.240590  57.258546   -100 -100.00 -100.00 -100.00
 231    67.623 56942.81053838 26.67  84.241002  57.255420 17.759 -100.00 -100.00 -100.00
 231    66.555 56942.81053897 28.95  84.244538  57.257222 24.910 -100.00 -100.00 -100.00
 232    66.722 56952.72618291 34.50  84.241645  57.254212 29.067 -100.00 -100.00 -100.00
 232    66.596 56952.72618350 33.53  84.245181  57.256014 27.134 -100.00 -100.00 -100.00
 233    67.113 56962.64183345 45.04  84.240146  57.254429 30.407 -100.00 -100.00 -100.00
 233    66.523 56962.64183404 50.58  84.243682  57.256231 25.788 -100.00 -100.00 -100.00
 233    66.606 56962.64183463 53.32  84.247218  57.258033  9.652 -100.00 -100.00 -100.00
 234    65.787 56972.55747944 44.07  84.239427  57.255559   -100 -100.00 -100.00 -100.00
 234    65.991 56972.55748003 50.61  84.242963  57.257361   -100 -100.00 -100.00 -100.00
 235    67.247 56982.47312082 26.39  84.237101  57.254598 10.764 -100.00 -100.00 -100.00
 235    66.879 56982.47312141 28.15  84.240637  57.256400 14.034 -100.00 -100.00 -100.00
 235    66.253 56982.47312200 28.84  84.244174  57.258202 16.373 -100.00 -100.00 -100.00
 236    68.298 56992.38875864 21.34  84.242800  57.255236  7.887 -100.00 -100.00 -100.00
 236    68.383 56992.38875923 22.09  84.246336  57.257039  8.842 -100.00 -100.00 -100.00
 237    68.211 57002.30439344 23.56  84.248873  57.254111 14.827 -100.00 -100.00 -100.00
 237    65.337 57002.30439403 24.06  84.252410  57.255913 16.688 -100.00 -100.00 -100.00
 238    65.668 57012.22005056 24.64  84.247396  57.253931 19.551 -100.00 -100.00 -100.00
 238    67.780 57012.22005115 23.72  84.250933  57.255733 16.991 -100.00 -100.00 -100.00
 239    65.728 57022.13570217 24.35  84.246837  57.254997 16.759 -100.00 -100.00 -100.00
 239    67.880 57022.13570276 20.98  84.250374  57.256799 10.190 -100.00 -100.00 -100.00
 240    65.701 57032.05135053 25.51  84.243014  57.255617 17.772 -100.00 -100.00 -100.00
 240    65.452 57032.05135112 25.81  84.246551  57.257419 17.808 -100.00 -100.00 -100.00
 241    66.568 57041.96699669 21.50  84.239831  57.255596 11.629 -100.00 -100.00 -100.00
 241    65.559 57041.96699728 23.79  84.243368  57.257399 16.888 -100.00 -100.00 -100.00
 242    65.425 57051.88264094 24.27  84.239664  57.255339 26.098 -100.00 -100.00 -100.00
 242    66.222 57051.88264153 19.74  84.243201  57.257142 12.397 -100.00 -100.00 -100.00
 243    66.291 57061.79828145 18.70  84.244577  57.255570 12.130 -100.00 -100.00 -100.00
 243    67.476 57061.79828204 17.06  84.248114  57.257372  9.491 -100.00 -100.00 -100.00
 244    66.394 57071.71391596 18.89  84.245676  57.253973 12.075 -100.00 -100.00 -100.00
 244    66.322 57071.71391655 17.32  84.249213  57.255775  8.756 -100.00 -100.00 -100.00
 245    66.641 57081.62954670 17.73  84.247289  57.254127  7.853 -100.00 -100.00 -100.00
 245    66.868 57081.62954729 17.37  84.250826  57.255930  7.818 -100.00 -100.00 -100.00
 246    65.203 57091.54519060 25.67  84.243864  57.255356 28.002 -100.00 -100.00 -100.00
 246    65.333 57091.54519119 21.75  84.247400  57.257158 16.064 -100.00 -100.00 -100.00
 247    65.066 57101.46084714 28.33  84.233799  57.254745   -100 -100.00 -100.00 -100.00
 247    65.132 57101.46084773 26.12  84.237335  57.256547 28.509 -100.00 -100.00 -100.00
 247    65.043 57101.46084832 26.33  84.240871  57.258350 29.566 -100.00 -100.00 -100.00
 248    65.235 57111.37650124 22.03  84.232015  57.255000 24.900 -100.00 -100.00 -100.00
 248    65.399 57111.37650183 22.84  84.235551  57.256802 26.258 -100.00 -100.00 -100.00
 248    65.317 57111.37650242 19.61  84.239087  57.258605 16.237 -100.00 -100.00 -100.00
 249    66.141 57121.29215019 25.54  84.236901  57.255459 28.813 -100.00 -100.00 -100.00
 249    66.144 57121.29215078 27.32  84.240438  57.257262   -100 -100.00 -100.00 -100.00
 249    66.223 57121.29215137 29.46  84.243975  57.259064   -100 -100.00 -100.00 -100.00
 250    71.425 57131.20779326 40.25  84.240994  57.255302   -100 -100.00 -100.00 -100.00
 250    71.240 57131.20779385 36.80  84.244531  57.257104 32.653 -100.00 -100.00 -100.00
 251    71.141 57141.12343072 36.02  84.241383  57.254669 25.011 -100.00 -100.00 -100.00
 251    71.134 57141.12343131 34.82  84.244920  57.256472 16.667 -100.00 -100.00 -100.00
 252    71.157 57151.03906483 54.33  84.241076  57.254746   -100 -100.00 -100.00 -100.00
 252    71.132 57151.03906542 54.20  84.244612  57.256548   -100 -100.00 -100.00 -100.00
 253    71.172 57160.95469603 52.65  84.244439  57.255155 18.035 -100.00 -100.00 -100.00
 253    71.259 57160.95469662 51.38  84.247975  57.256958   -100 -100.00 -100.00 -100.00
 254    70.424 57170.87035078 35.70  84.244091  57.255223 24.165 -100.00 -100.00 -100.00
 254    70.309 57170.87035137 33.49  84.247627  57.257025 15.736 -100.00 -100.00 -100.00
 255    70.574 57180.78600575 51.34  84.245787  57.254878   -100 -100.00 -100.00 -100.00
 255    70.604 57180.78600634 55.49  84.249324  57.256681   -100 -100.00 -100.00 -100.00
 256    69.128 57190.70165642 49.22  84.244823  57.253566   -100 -100.00 -100.00 -100.00
 256    68.894 57190.70165701 51.72  84.248359  57.255368 27.922 -100.00 -100.00 -100.00
 256    68.690 57190.70165760 49.63  84.251895  57.257170 28.729 -100.00 -100.00 -100.00
 257    67.481 57200.61730417 42.35  84.243563  57.254213 31.765 -100.00 -100.00 -100.00
 257    67.627 57200.61730477 40.17  84.247099  57.256015 22.336 -100.00 -100.00 -100.00
 258    69.889 57210.53293831 26.58  84.240961  57.255304 13.516 -100.00 -100.00 -100.00
 258    69.295 57210.53293890 30.84  84.244498  57.257106 25.770 -100.00 -100.00 -100.00
 259    65.911 57220.44858220 49.69  84.238618  57.255514   -100 -100.00 -100.00 -100.00
 259    65.714 57220.44858279 52.70  84.242154  57.257317 25.684 -100.00 -100.00 -100.00
 260    69.310 57230.36422494 30.64  84.238161  57.254485 29.479 -100.00 -100.00 -100.00
 260    69.131 57230.36422553 26.87  84.241697  57.256287 17.675 -100.00 -100.00 -100.00
 260    65.716 57230.36422612 30.53  84.245233  57.258089 29.153 -100.00 -100.00 -100.00
 261    69.194 57240.27986614 25.80  84.243413  57.255336 16.271 -100.00 -100.00 -100.00
 261    69.076 57240.27986673 26.80  84.246949  57.257138 15.258 -100.00 -100.00 -100.00
 262    64.614 57250.19550393 38.53  84.245181  57.254399   -100 -100.00 -100.00 -100.00
 262    64.725 57250.19550452 31.24  84.248718  57.256201 27.800 -100.00 -100.00 -100.00
 263    65.187 57260.11113946 43.14  84.245509  57.254558 25.039 -100.00 -100.00 -100.00
 263    64.766 57260.11114006 47.48  84.249046  57.256360   -100 -100.00 -100.00 -100.00
 264    63.993 57270.02677358 44.46  84.244513  57.255220   -100 -100.00 -100.00 -100.00
 264    63.957 57270.02677417 48.81  84.248049  57.257023 31.966 -100.00 -100.00 -100.00
 265    67.023 57279.94242597 27.99  84.238530  57.255591 25.256 -100.00 -100.00 -100.00
 265    64.096 57279.94242656 31.62  84.242066  57.257394   -100 -100.00 -100.00 -100.00
 266    68.652 57289.85808138 22.70  84.237492  57.256203  9.062 -100.00 -100.00 -100.00
 266    67.914 57289.85808197 26.67  84.241028  57.258005 19.930 -100.00 -100.00 -100.00
 267    68.639 57299.77373378 24.39  84.237817  57.255300 11.868 -100.00 -100.00 -100.00
 267    68.344 57299.77373437 25.32  84.241353  57.257102 13.605 -100.00 -100.00 -100.00
 267    69.750 57299.77373496 25.13  84.244890  57.258904 12.299 -100.00 -100.00 -100.00
 268    68.876 57309.68938278 27.80  84.240101  57.254531 16.299 -100.00 -100.00 -100.00
 268    69.314 57309.68938338 25.94  84.243637  57.256333 10.920 -100.00 -100.00 -100.00
 268    68.133 57309.68938397 28.97  84.247173  57.258135 18.945 -100.00 -100.00 -100.00
 269    68.386 57319.60502853 26.52  84.241249  57.255265 16.793 -100.00 -100.00 -100.00
 269    67.553 57319.60502912 26.81  84.244786  57.257067 16.877 -100.00 -100.00 -100.00
 270    65.795 57329.52067076 41.36  84.236711  57.254755 19.436 -100.00 -100.00 -100.00
 270    65.058 57329.52067135 48.32  84.240247  57.256557   -100 -100.00 -100.00 -100.00
 270    64.697 57329.52067194 50.38  84.243783  57.258359 23.869 -100.00 -100.00 -100.00
 271    64.528 57339.43631160 44.25  84.236987  57.256170   -100 -100.00 -100.00 -100.00
 271    64.656 57339.43631219 48.67  84.240523  57.257972   -100 -100.00 -100.00 -100.00
 272    64.948 57349.35196092 32.02  84.235117  57.255219 21.180 -100.00 -100.00 -100.00
 272    64.949 57349.35196151 31.20  84.238653  57.257022 17.743 -100.00 -100.00 -100.00
 272    64.925 57349.35196210 31.65  84.242190  57.258824 19.238 -100.00 -100.00 -100.00
 273    67.002 57359.26760706 29.15  84.239287  57.254466 13.845 -100.00 -100.00 -100.00
 273    67.030 57359.26760765 28.83  84.242824  57.256268 12.534 -100.00 -100.00 -100.00
 273    66.543 57359.26760824 29.13  84.246361  57.258071 13.901 -100.00 -100.00 -100.00
 274    68.438 57369.18325046 24.89  84.246604  57.255112  8.317 -100.00 -100.00 -100.00
 274    68.332 57369.18325105 25.08  84.250141  57.256914  8.198 -100.00 -100.00 -100.00
 275    68.456 57379.09889036 23.73  84.246937  57.254820  9.180 -100.00 -100.00 -100.00
 275    68.464 57379.09889095 23.49  84.250475  57.256622  6.928 -100.00 -100.00 -100.00
 276    68.202 57389.01452868 21.38  84.245155  57.255446  6.277 -100.00 -100.00 -100.00
 276    68.736 57389.01452927 20.45  84.248692  57.257248  4.839 -100.00 -100.00 -100.00
 277    68.261 57398.93016593 20.38  84.243352  57.255330  5.982 -100.00 -100.00 -100.00
 277    68.661 57398.93016652 19.63  84.246888  57.257133  5.389 -100.00 -100.00 -100.00
 278    68.498 57408.84580314 19.15  84.246100  57.255375  4.398 -100.00 -100.00 -100.00
 278    68.382 57408.84580373 19.61  84.249637  57.257178  4.684 -100.00 -100.00 -100.00
 279    68.268 57418.76145576 18.55  84.245093  57.254786  4.303 -100.00 -100.00 -100.00
 279    68.237 57418.76145635 19.21  84.248629  57.256589  5.503 -100.00 -100.00 -100.00
 280    68.297 57428.67710596 17.58  84.244283  57.254933  3.984 -100.00 -100.00 -100.00
 280    67.969 57428.67710655 17.99  84.247820  57.256735  5.703 -100.00 -100.00 -100.00
 281    68.077 57438.59275372 17.95  84.241242  57.255803  5.623 -100.00 -100.00 -100.00
 281    68.058 57438.59275431 17.19  84.244778  57.257605  4.552 -100.00 -100.00 -100.00
 282    67.229 57448.50840007 14.04  84.236281  57.256321  7.642 -100.00 -100.00 -100.00
 282    67.716 57448.50840066 12.96  84.239818  57.258124  5.313 -100.00 -100.00 -100.00
 283    68.241 57458.42404507 13.44  84.231562  57.255583  5.237 -100.00 -100.00 -100.00
 283    67.427 57458.42404566 14.65  84.235099  57.257385  6.731 -100.00 -100.00 -100.00
 283    66.841 57458.42404625 15.42  84.238635  57.259188  7.633 -100.00 -100.00 -100.00
 284    64.611 57468.33968811 13.96  84.234967  57.255927 10.028 -100.00 -100.00 -100.00
 284    67.910 57468.33968870 11.09  84.238504  57.257729  5.479 -100.00 -100.00 -100.00
 284    67.218 57468.33968929 10.83  84.242041  57.259532  5.404 -100.00 -100.00 -100.00
 285    65.274 57478.25532696 25.36  84.239773  57.254478 25.361 -100.00 -100.00 -100.00
 285    65.244 57478.25532755 24.24  84.243309  57.256281 23.158 -100.00 -100.00 -100.00
 285    65.252 57478.25532814 29.24  84.246846  57.258083   -100 -100.00 -100.00 -100.00
 286    70.832 57488.17096303 51.94  84.246703  57.254562 31.788 -100.00 -100.00 -100.00
 286    70.961 57488.17096362 52.65  84.250240  57.256364 16.701 -100.00 -100.00 -100.00
 287    69.195 57498.08659623 50.72  84.247904  57.253327 10.474 -100.00 -100.00 -100.00
 287    69.115 57498.08659682 48.75  84.251441  57.255130 14.584 -100.00 -100.00 -100.00
 288    70.546 57508.00223640 35.70  84.247129  57.254060 30.678 -100.00 -100.00 -100.00
 288    70.514 57508.00223699 33.25  84.250666  57.255863 20.015 -100.00 -100.00 -100.00
 289    70.047 57517.91789226 30.72  84.243764  57.255540 14.563 -100.00 -100.00 -100.00
 289    70.081 57517.91789285 31.13  84.247300  57.257342 16.388 -100.00 -100.00 -100.00
 290    69.368 57527.83354528 52.80  84.242877  57.255885   -100 -100.00 -100.00 -100.00
 290    69.288 57527.83354587 53.67  84.246414  57.257687  8.538 -100.00 -100.00 -100.00
 291    68.437 57537.74919521 45.75  84.242310  57.253959 23.750 -100.00 -100.00 -100.00
 291    68.684 57537.74919580 36.26  84.245846  57.255761 31.432 -100.00 -100.00 -100.00
 292    68.115 57547.66484328 34.88  84.245825  57.254425 23.616 -100.00 -100.00 -100.00
 292    69.323 57547.66484387 34.41  84.249361  57.256226 23.327 -100.00 -100.00 -100.00
 293    67.421 57557.58048943 44.41  84.244245  57.254084 30.274 -100.00 -100.00 -100.00
 293    67.178 57557.58049002 49.46  84.247781  57.255886   -100 -100.00 -100.00 -100.00
 294    67.431 57567.49613466 43.25  84.241351  57.254848   -100 -100.00 -100.00 -100.00
 294    67.379 57567.49613525 48.47  84.244887  57.256650   -100 -100.00 -100.00 -100.00
 295    67.584 57577.41177939 46.68  84.239766  57.255832  0.854 -100.00 -100.00 -100.00
 295    67.605 57577.41177998 45.39  84.243303  57.257635  4.471 -100.00 -100.00 -100.00
 296    68.949 57587.32742284 24.42  84.239461  57.255899 14.086 -100.00 -100.00 -100.00
 296    69.108 57587.32742343 23.63  84.242998  57.257701 11.027 -100.00 -100.00 -100.00
 297    66.745 57597.24306394 45.68  84.240811  57.255516   -100 -100.00 -100.00 -100.00
 297    66.698 57597.24306454 48.59  84.244347  57.257318  4.150 -100.00 -100.00 -100.00
