-145685.955    95.449     0.00    5.51
-145399.615    94.249    -4.19    5.67
-145113.293    93.200    -3.67    6.12
-144826.988    92.129    -3.74    6.18
-144540.700    90.633    -5.23    5.44
-144254.429    89.653    -3.42    4.55
-143968.176    88.856    -2.78    4.07
-143681.940    88.402    -1.59    4.78
-143395.721    87.579    -2.87    5.44
-143109.520    86.815    -2.67    5.71
-142823.335    85.459    -4.74    5.50
-142537.168    84.168    -4.51    4.94
-142251.019    82.975    -4.17    4.63
-141964.886    82.385    -2.06    4.53
-141678.771    82.689     1.06    4.01
-141392.673    83.079     1.36    3.36
-141106.592    83.126     0.16    3.28
-140820.529    83.176     0.18    3.52
-140534.483    82.712    -1.62    4.43
-140248.454    81.941    -2.70    5.13
-139962.442    80.569    -4.80    5.46
-139676.448    79.294    -4.46    5.82
-139390.470    77.335    -6.85    6.43
-139104.510    76.221    -3.89    6.17
-138818.567    75.211    -3.53    5.27
-138532.642    74.399    -2.84    4.78
-138246.733    74.182    -0.76    5.21
-137960.842    73.894    -1.01    5.36
-137674.968    74.002     0.38    5.46
-137389.111    73.901    -0.35    5.65
-137103.272    72.835    -3.73    5.49
-136817.449    72.943     0.38    5.76
-136531.644    73.182     0.84    5.28
-136245.856    73.609     1.50    5.13
-135960.085    72.970    -2.24    5.09
-135674.332    72.831    -0.49    5.11
-135388.595    72.595    -0.83    4.84
-135102.876    72.470    -0.44    4.29
-134817.173    71.914    -1.95    4.39
-134531.488    70.676    -4.33    4.82
-134245.821    69.158    -5.32    4.99
-133960.170    68.497    -2.32    4.73
-133674.536    67.111    -4.85    4.71
-133388.920    66.188    -3.23    4.28
-133103.321    66.035    -0.54    4.15
-132817.739    66.327     1.02    4.45
-132532.174    66.930     2.11    4.56
-132246.626    66.368    -1.97    4.26
-131961.095    65.375    -3.48    3.56
-131675.581    64.542    -2.92    2.44
-131390.085    64.495    -0.16    2.29
-131104.606    64.223    -0.95    1.91
-130819.143    63.994    -0.80    1.61
-130533.698    63.743    -0.88    1.27
-130248.270    63.775     0.11    1.25
-129962.859    64.093     1.11    1.58
-129677.465    64.478     1.35    1.80
-129392.089    64.795     1.11    1.97
-129106.729    65.086     1.02    2.25
-128821.386    65.351     0.93    2.39
-128536.061    65.219    -0.46    2.49
-128250.753    64.278    -3.30    3.22
-127965.461    63.351    -3.25    3.82
-127680.187    62.046    -4.57    4.42
-127394.930    61.465    -2.04    4.49
-127109.690    60.962    -1.76    4.55
-126824.467    60.697    -0.93    4.22
-126539.261    60.690    -0.02    3.94
-126254.072    61.018     1.15    3.54
-125968.900    61.205     0.66    3.32
-125683.745    61.184    -0.07    3.01
-125398.608    60.712    -1.66    2.79
-125113.487    60.811     0.34    3.05
-124828.383    61.288     1.67    3.40
-124543.296    61.894     2.13    3.72
-124258.227    63.132     4.34    4.06
-123973.174    64.018     3.11    3.95
-123688.139    64.583     1.98    3.72
-123403.120    64.609     0.09    3.57
-123118.119    63.567    -3.66    4.28
-122833.134    63.352    -0.75    4.46
-122548.166    62.835    -1.81    4.36
-122263.216    62.583    -0.88    4.16
-121978.282    63.271     2.41    3.51
-121693.366    63.367     0.34    3.43
-121408.466    63.787     1.47    3.32
-121123.584    64.277     1.72    3.16
-120838.718    64.719     1.55    2.91
-120553.870    65.385     2.34    2.67
-120269.038    65.426     0.15    3.05
-119984.224    64.916    -1.79    3.92
-119699.426    64.627    -1.01    4.96
-119413.419    64.532    -0.33    5.28
-119124.852    64.593     0.21    5.55
-118836.302    63.911    -2.37    5.74
-118547.771    62.884    -3.56    6.23
-118259.258    61.215    -5.78    7.76
-117970.763    59.054    -7.49    9.13
-117682.287    56.126   -10.15    9.30
-117393.828    53.231   -10.03    8.33
-117105.388    50.557    -9.27    7.05
-116816.967    49.462    -3.80    5.75
-116528.563    49.823     1.25    5.57
-116240.178    50.627     2.79    5.49
-115951.811    51.794     4.05    5.41
-115663.462    52.383     2.04    5.20
-115375.131    52.861     1.66    5.15
-115086.818    53.154     1.02    4.98
-114798.524    52.823    -1.15    5.23
-114510.248    52.956     0.46    4.99
-114221.990    53.502     1.89    3.97
-113933.750    53.642     0.48    3.70
-113645.529    54.262     2.15    2.89
-113357.325    54.344     0.28    2.67
-113069.140    54.494     0.52    2.35
-112780.973    54.471    -0.08    2.29
-112492.824    54.046    -1.47    2.24
-112204.694    53.013    -3.59    3.80
-111916.581    50.823    -7.60    6.16
-111628.487    48.486    -8.11    7.30
-111340.411    46.004    -8.61    7.87
-111052.352    43.674    -8.09    7.10
-110764.313    41.081    -9.00    5.22
-110476.291    39.287    -6.23    2.49
-110188.287    38.521    -2.66    0.67
-109900.302    38.550     0.10    0.85
-109612.334    38.964     1.44    1.48
-109324.385    39.779     2.83    2.59
-109036.454    40.947     4.06    3.56
-108748.541    42.182     4.29    4.23
-108460.646    43.327     3.98    4.68
-108172.769    44.606     4.44    4.86
-107884.910    45.311     2.45    4.81
-107597.070    45.456     0.50    4.64
-107309.247    44.861    -2.07    4.17
-107021.443    44.327    -1.86    3.66
-106733.656    43.559    -2.67    2.59
-106445.888    43.327    -0.81    2.70
-106158.138    43.174    -0.53    3.23
-105870.406    42.919    -0.89    3.56
-105582.692    42.145    -2.69    3.36
-105294.996    41.311    -2.90    3.06
-105007.318    40.503    -2.81    2.47
-104719.658    40.088    -1.45    1.79
-104432.016    40.093     0.02    1.41
-104144.393    40.087    -0.02    0.99
-103856.787    40.212     0.44    0.86
-103569.199    40.425     0.74    0.82
-103281.630    40.502     0.27    0.90
-102994.078    40.109    -1.37    1.62
-102706.545    39.263    -2.94    2.19
-102419.029    38.480    -2.72    2.30
-102131.532    37.732    -2.60    2.18
-101844.052    36.972    -2.64    1.86
-101556.591    36.454    -1.80    1.46
-101269.147    36.202    -0.88    1.19
-100981.722    36.514     1.09    1.65
-100694.315    36.913     1.39    2.06
-100406.925    37.269     1.24    2.22
-100119.554    37.770     1.74    2.50
 -99832.200    38.422     2.27    3.02
 -99544.865    38.583     0.56    3.17
 -99257.547    39.213     2.19    3.73
 -98970.248    39.839     2.18    4.22
 -98682.966    40.360     1.81    4.43
 -98395.703    40.628     0.93    4.33
 -98108.457    40.763     0.47    4.07
 -97821.230    40.658    -0.37    3.63
 -97534.020    40.811     0.53    3.10
 -97246.828    40.661    -0.52    2.61
 -96959.654    40.686     0.09    2.20
 -96672.499    40.975     1.01    2.35
 -96385.361    41.079     0.36    2.43
 -96098.241    41.129     0.17    2.39
 -95811.139    41.165     0.12    2.22
 -95524.055    41.089    -0.26    2.11
 -95236.989    40.986    -0.36    1.96
 -94949.940    40.939    -0.16    2.17
 -94662.910    40.577    -1.26    2.32
 -94375.898    40.277    -1.05    2.55
 -94088.903    39.335    -3.28    3.61
 -93801.927    37.943    -4.85    4.99
 -93514.968    36.277    -5.81    5.81
 -93228.027    33.652    -9.15    6.00
 -92941.105    32.095    -5.43    6.00
 -92654.200    30.811    -4.48    5.41
 -92367.312    30.608    -0.71    4.76
 -92080.443    31.198     2.06    4.31
 -91793.592    31.502     1.06    3.59
 -91506.759    32.013     1.78    3.24
 -91219.943    32.599     2.04    2.86
 -90933.145    32.988     1.36    2.45
 -90646.365    33.336     1.21    2.90
 -90359.603    33.637     1.05    3.26
 -90072.859    33.752     0.40    3.44
 -89786.133    34.344     2.06    3.78
 -89499.425    33.991    -1.23    4.56
 -89212.734    32.802    -4.15    5.33
 -88926.061    31.470    -4.65    6.09
 -88639.406    30.013    -5.08    5.90
 -88352.769    29.902    -0.39    5.91
 -88066.150    30.811     3.17    6.62
 -87779.549    31.895     3.78    7.22
 -87492.965    33.977     7.27    7.22
 -87206.399    36.815     9.90    5.97
 -86919.851    38.511     5.92    4.11
 -86633.321    39.770     4.39    2.24
 -86346.809    39.975     0.72    1.88
 -86060.314    39.884    -0.32    2.03
 -85773.837    39.994     0.38    1.92
 -85487.378    39.848    -0.51    2.15
 -85200.937    39.559    -1.01    2.47
 -84914.514    39.344    -0.75    2.62
 -84628.108    38.980    -1.27    2.91
 -84341.720    38.497    -1.69    3.17
 -84055.350    38.286    -0.74    3.28
 -83768.998    37.360    -3.23    3.67
 -83482.663    36.041    -4.61    4.29
 -83196.347    34.427    -5.64    4.97
 -82910.048    32.594    -6.40    5.23
 -82623.766    31.240    -4.73    5.35
 -82337.503    30.544    -2.43    5.01
 -82051.257    30.278    -0.93    5.02
 -81765.029    30.454     0.61    4.87
 -81478.819    31.502     3.66    3.91
 -81192.626    32.344     2.94    3.19
 -80906.451    32.872     1.84    1.87
 -80620.294    32.877     0.02    1.38
 -80334.155    32.738    -0.48    1.24
 -80048.033    32.647    -0.32    1.25
 -79761.929    32.650     0.01    1.41
 -79475.843    32.352    -1.04    1.83
 -79189.775    31.666    -2.40    2.79
 -78903.724    30.961    -2.47    3.46
 -78617.691    30.075    -3.10    3.94
 -78331.675    29.279    -2.78    3.97
 -78045.677    28.435    -2.95    3.78
 -77759.697    28.140    -1.03    3.44
 -77473.735    28.567     1.49    3.25
 -77187.790    29.527     3.36    3.29
 -76901.863    29.609     0.29    3.80
 -76615.954    29.069    -1.89    5.38
 -76330.062    28.467    -2.11    6.64
 -76044.188    28.978     1.79    7.05
 -75758.332    29.288     1.08    7.56
 -75472.493    29.702     1.45    7.46
 -75186.672    29.921     0.76    6.96
 -74900.869    29.709    -0.74    6.39
 -74615.083    29.311    -1.39    5.90
 -74329.315    28.709    -2.10    5.91
 -74043.564    27.629    -3.78    5.86
 -73757.832    26.169    -5.11    5.29
 -73472.116    25.134    -3.62    4.65
 -73186.419    24.524    -2.13    3.86
 -72900.739    24.229    -1.03    3.10
 -72615.076    24.156    -0.25    2.48
 -72329.432    23.978    -0.62    1.97
 -72043.805    23.711    -0.94    1.64
 -71758.195    23.948     0.83    1.69
 -71472.603    24.140     0.67    1.60
 -71187.029    24.311     0.60    1.65
 -70901.472    24.400     0.31    1.71
 -70615.933    24.448     0.17    1.74
 -70330.411    24.641     0.68    1.69
 -70044.907    24.913     0.95    1.85
 -69759.421    25.142     0.80    2.03
 -69473.952    25.598     1.60    2.42
 -69188.501    26.480     3.09    2.85
 -68903.067    27.480     3.50    3.30
 -68617.651    28.492     3.55    3.43
 -68332.253    29.295     2.81    3.54
 -68046.872    29.620     1.14    3.20
 -67761.508    29.757     0.48    3.05
 -67476.162    29.847     0.32    2.82
 -67190.834    30.448     2.11    3.45
 -66905.523    31.013     1.98    3.81
 -66620.230    32.434     4.98    4.27
 -66334.954    34.303     6.55    4.35
 -66049.696    36.069     6.19    3.84
 -65764.455    37.502     5.02    2.72
 -65479.232    38.424     3.23    1.87
 -65194.026    38.757     1.17    1.76
 -64908.838    39.035     0.97    1.82
 -64623.667    39.156     0.43    1.97
 -64338.514    38.986    -0.60    2.25
 -64053.379    38.565    -1.47    2.74
 -63768.260    38.180    -1.35    3.13
 -63483.160    37.468    -2.50    3.56
 -63198.077    36.726    -2.60    3.89
 -62913.011    36.106    -2.17    4.02
 -62627.963    34.461    -5.77    4.62
 -62342.932    32.899    -5.48    5.43
 -62057.919    31.036    -6.54    5.74
 -61772.923    28.777    -7.92    5.45
 -61487.945    26.879    -6.66    4.95
 -61202.984    24.907    -6.92    3.29
 -60918.041    23.769    -3.99    1.61
 -60633.115    23.352    -1.46    0.15
 -60348.206    23.919     1.99    1.92
 -60063.315    25.554     5.74    4.14
 -59778.442    27.876     8.15    5.82
 -59493.585    29.831     6.87    6.03
 -59208.747    32.344     8.82    6.07
 -58923.926    34.408     7.25    5.10
 -58639.122    35.936     5.36    3.58
 -58354.335    37.244     4.59    2.91
 -58069.566    37.879     2.23    2.48
 -57784.815    38.162     0.99    2.26
 -57498.379    38.443     0.98    2.27
 -57209.761    38.448     0.02    2.39
 -56921.160    38.252    -0.68    2.40
 -56632.579    38.201    -0.18    2.45
 -56344.016    37.975    -0.78    2.38
 -56055.472    37.896    -0.27    2.30
 -55766.947    38.036     0.48    2.22
 -55478.440    37.891    -0.50    2.18
 -55189.953    37.851    -0.14    2.24
 -54901.483    37.655    -0.68    2.40
 -54613.033    37.319    -1.16    2.63
 -54324.601    36.819    -1.73    3.01
 -54036.188    35.919    -3.12    3.73
 -53747.793    34.532    -4.81    4.55
 -53459.417    33.222    -4.54    4.78
 -53171.060    32.336    -3.08    4.88
 -52882.722    32.126    -0.73    4.53
 -52594.402    32.424     1.04    4.58
 -52306.101    33.352     3.22    4.38
 -52017.818    34.638     4.46    3.80
 -51729.554    35.764     3.90    3.02
 -51441.309    36.770     3.49    1.21
 -51153.082    37.024     0.88    0.69
 -50864.874    37.075     0.18    0.58
 -50576.685    36.884    -0.66    0.88
 -50288.514    36.666    -0.75    1.07
 -50000.362    36.327    -1.18    1.33
 -49712.229    36.063    -0.92    1.35
 -49424.114    35.897    -0.58    1.32
 -49136.017    35.722    -0.61    1.34
 -48847.940    35.722     0.00    1.31
 -48559.881    35.761     0.13    1.32
 -48271.840    35.811     0.17    1.31
 -47983.818    36.055     0.85    1.44
 -47695.815    36.360     1.06    1.54
 -47407.830    36.840     1.67    1.66
 -47119.864    37.442     2.09    1.73
 -46831.916    38.010     1.97    1.75
 -46543.987    38.758     2.60    1.80
 -46256.077    39.416     2.28    1.69
 -45968.185    39.945     1.84    1.50
 -45680.311    39.999     0.19    1.52
 -45392.457    39.807    -0.67    1.79
 -45104.620    39.093    -2.48    2.43
 -44816.803    38.420    -2.34    2.71
 -44529.003    37.108    -4.56    3.01
 -44241.223    35.999    -3.85    2.91
 -43953.461    35.235    -2.66    2.64
 -43665.717    34.454    -2.71    2.43
 -43377.992    34.051    -1.40    2.39
 -43090.285    33.658    -1.37    2.48
 -42802.597    33.105    -1.92    2.44
 -42514.928    32.780    -1.13    2.47
 -42227.277    32.490    -1.01    2.33
 -41939.644    32.536     0.16    2.15
 -41652.030    32.953     1.45    2.32
 -41364.434    33.506     1.92    2.42
 -41076.857    33.746     0.83    2.38
 -40789.299    33.997     0.87    2.38
 -40501.759    34.519     1.82    2.43
 -40214.237    34.393    -0.44    2.99
 -39926.734    32.588    -6.28    6.07
 -39639.249    30.279    -8.03    7.39
 -39351.783    28.977    -4.53    7.70
 -39064.335    28.770    -0.72    7.83
 -38776.906    28.263    -1.76    7.93
 -38489.495    28.712     1.56    7.95
 -38202.102    29.502     2.75    8.53
 -37914.728    32.154     9.23    7.99
 -37627.373    35.140    10.39    5.38
 -37340.036    36.785     5.72    3.77
 -37052.717    38.142     4.72    2.79
 -36765.417    39.222     3.76    2.31
 -36478.135    40.154     3.24    2.21
 -36190.871    40.941     2.74    2.13
 -35903.626    41.517     2.01    2.15
 -35616.400    42.102     2.04    2.01
 -35329.191    42.449     1.21    1.70
 -35042.002    42.392    -0.20    1.80
 -34754.830    42.286    -0.37    1.94
 -34467.677    41.991    -1.03    1.92
 -34180.542    41.400    -2.06    1.83
 -33893.426    40.827    -2.00    1.84
 -33606.328    39.961    -3.02    2.37
 -33319.249    38.676    -4.47    3.19
 -33032.188    37.278    -4.87    3.81
 -32745.145    35.502    -6.19    3.93
 -32458.120    33.696    -6.29    3.86
 -32171.114    31.753    -6.77    3.77
 -31884.127    29.868    -6.57    3.58
 -31597.157    28.827    -3.63    3.18
 -31310.206    28.126    -2.45    2.62
 -31023.273    27.669    -1.59    2.70
 -30736.359    27.811     0.49    2.92
 -30449.463    28.005     0.68    3.02
 -30162.585    28.044     0.14    3.02
 -29875.726    27.671    -1.30    2.83
 -29588.885    27.543    -0.45    3.02
 -29302.062    27.245    -1.04    3.05
 -29015.258    27.211    -0.12    3.19
 -28728.472    27.577     1.28    3.59
 -28441.704    28.319     2.59    4.25
 -28154.954    29.411     3.81    4.50
 -27868.223    30.255     2.94    4.12
 -27581.510    30.335     0.28    3.89
 -27294.816    29.836    -1.74    3.77
 -27008.139    29.198    -2.22    3.50
 -26721.481    28.794    -1.41    3.16
 -26434.841    28.411    -1.34    2.89
 -26148.220    27.937    -1.65    2.62
 -25861.617    27.498    -1.53    2.46
 -25575.032    27.746     0.87    2.45
 -25288.465    28.021     0.96    2.51
 -25001.916    27.823    -0.69    2.67
 -24715.386    27.211    -2.14    2.86
 -24428.874    26.764    -1.56    2.69
 -24142.380    27.573     2.82    3.44
 -23855.905    28.669     3.83    4.37
 -23569.448    29.744     3.75    4.49
 -23283.009    30.852     3.87    4.49
 -22996.588    32.260     4.92    4.23
 -22710.185    33.202     3.29    3.61
 -22423.801    33.745     1.90    3.25
 -22137.435    34.121     1.31    3.06
 -21851.087    34.802     2.38    2.86
 -21564.757    36.207     4.91    3.21
 -21278.445    37.553     4.70    3.65
 -20992.152    38.853     4.54    3.91
 -20705.877    39.688     2.92    3.58
 -20419.620    40.091     1.41    3.20
 -20133.381    40.419     1.14    3.00
 -19847.160    41.376     3.35    3.41
 -19560.958    42.206     2.90    3.80
 -19274.774    43.060     2.98    3.82
 -18988.608    43.958     3.14    3.99
 -18702.460    45.029     3.74    4.00
 -18416.330    45.777     2.62    4.09
 -18130.218    46.182     1.41    3.99
 -17844.125    45.978    -0.71    4.04
 -17558.050    46.109     0.46    3.81
 -17271.992    46.486     1.32    2.98
 -16985.953    46.051    -1.52    2.68
 -16699.932    45.621    -1.50    2.35
 -16413.930    45.477    -0.50    2.15
 -16127.945    45.211    -0.93    2.05
 -15841.978    44.567    -2.25    2.05
 -15556.030    44.286    -0.98    2.05
 -15270.100    44.200    -0.30    2.27
 -14984.188    44.013    -0.66    2.57
 -14698.294    43.776    -0.83    2.83
 -14412.418    43.401    -1.31    2.97
 -14126.560    42.579    -2.87    3.17
 -13840.720    41.569    -3.53    3.54
 -13554.898    40.194    -4.81    3.75
 -13269.095    38.803    -4.87    4.22
 -12983.309    38.017    -2.75    4.27
 -12697.542    37.295    -2.53    3.86
 -12411.792    36.505    -2.77    3.63
 -12126.061    36.848     1.20    3.91
 -11840.348    37.890     3.65    4.40
 -11554.653    38.573     2.39    4.64
 -11268.976    37.269    -4.57    6.40
 -10983.317    35.243    -7.09    8.09
 -10697.676    33.098    -7.51    8.61
 -10412.053    30.886    -7.75    8.63
 -10126.448    28.823    -7.22    7.19
  -9840.861    27.205    -5.66    4.99
  -9555.292    26.567    -2.24    4.36
  -9269.741    27.044     1.67    4.24
  -8984.208    27.547     1.76    3.99
  -8698.694    27.897     1.23    3.89
  -8413.197    28.404     1.77    3.88
  -8127.718    28.701     1.04    3.98
  -7842.257    28.245    -1.60    4.16
  -7556.815    27.402    -2.95    4.39
  -7271.390    26.417    -3.45    4.32
  -6985.983    25.619    -2.80    3.99
  -6700.595    24.429    -4.17    3.79
  -6415.224    22.948    -5.19    4.27
  -6129.871    21.207    -6.10    4.83
  -5844.536    19.169    -7.14    5.55
  -5559.220    16.752    -8.47    6.26
  -5273.921    13.773   -10.44    7.09
  -4988.640    10.894   -10.09    6.76
  -4703.377     8.188    -9.49    6.23
  -4418.132     6.432    -6.16    5.93
  -4132.905     5.158    -4.47    5.83
  -3847.696     4.245    -3.20    5.45
  -3562.505     3.831    -1.45    4.97
  -3277.332     3.115    -2.51    3.95
  -2992.177     2.463    -2.29    2.96
  -2707.040     2.214    -0.87    2.80
  -2421.920     2.200    -0.05    2.83
  -2136.819     2.260     0.21    3.21
  -1851.736     2.614     1.24    3.44
  -1566.670     2.807     0.68    3.70
  -1281.623     3.061     0.89    3.99
   -996.593     3.253     0.68    4.01
   -711.581     3.210    -0.15    4.01
   -426.587     2.752    -1.60    3.75
   -141.611     2.483    -0.94    3.65
    143.347     2.270    -0.75    3.59
    428.287     1.896    -1.31    3.24
    713.209     1.743    -0.54    3.08
    998.114     1.671    -0.25    3.10
   1283.000     1.475    -0.69    3.00
   1567.869     1.595     0.42    3.08
   1852.720     1.616     0.07    3.11
   2137.552     1.616     0.00    3.29
   2422.367     1.604    -0.05    3.36
   2707.165     1.518    -0.30    3.45
   2991.944     1.319    -0.70    3.37
   3276.705     1.549     0.81    3.70
   3561.449     1.848     1.05    3.88
   3846.175     2.149     1.06    3.95
   4130.883     2.861     2.50    4.39
   4417.780     3.368     1.77    4.49
   4706.452     4.025     2.28    4.68
   4995.105     4.094     0.24    4.63
   5283.739     4.087    -0.02    4.37
   5572.353     3.983    -0.36    4.12
   5860.949     4.079     0.33    4.08
   6149.525     4.798     2.49    4.67
   6438.082     5.586     2.73    5.05
   6726.620     6.386     2.77    5.42
   7015.139     8.107     5.97    6.98
   7303.639    10.150     7.08    8.16
   7592.120    12.737     8.97    9.25
   7880.581    15.319     8.95   10.28
   8169.024    18.261    10.20   11.51
   8457.447    21.815    12.32   12.43
   8745.852    25.652    13.31   12.00
   9034.237    30.236    15.90   11.42
   9322.603    34.002    13.06   11.05
   9610.950    37.285    11.39   10.66
   9899.278    41.421    14.34   11.99
  10187.587    44.063     9.16   14.37
  10475.876    47.089    10.50   15.64
  10764.147    48.163     3.72   16.75
  11052.399    46.661    -5.21   18.64
  11340.631    41.977   -16.25   21.78
  11628.845    36.002   -20.73   24.15
  11917.039    31.098   -17.02   24.84
  12205.215    24.400   -23.24   24.32
  12493.371    17.311   -24.60   22.10
  12781.508    11.437   -20.38   19.47
  13069.627     7.509   -13.63   16.06
  13357.726     4.418   -10.73   12.25
  13645.806     1.727    -9.34    8.14
  13933.867    -0.231    -6.80    4.95
  14221.909    -1.136    -3.14    3.11
  14509.933    -1.385    -0.86    2.56
  14797.937    -1.984    -2.08    2.70
  15085.922    -2.086    -0.35    2.67
  15373.888    -1.796     1.01    2.88
  15661.835    -1.273     1.82    3.39
  15949.763    -0.359     3.17    3.71
  16237.673     0.269     2.18    3.63
  16525.563     0.874     2.10    3.62
  16813.434     1.064     0.66    3.50
  17101.286     0.975    -0.31    3.26
  17389.119     0.868    -0.37    3.09
  17676.934     1.206     1.18    3.04
  17964.729     1.441     0.81    3.30
  18252.506     1.769     1.14    3.50
  18540.263     2.117     1.21    3.52
  18828.001     2.394     0.96    3.25
  19115.721     2.491     0.34    3.27
  19403.422     2.621     0.45    3.31
  19691.103     2.117    -1.75    3.42
  19978.766     1.679    -1.52    3.02
  20266.410     1.344    -1.17    3.24
  20554.035     1.259    -0.29    3.39
  20841.641     1.302     0.15    3.53
  21129.228     1.038    -0.92    3.70
  21416.796     0.878    -0.56    3.64
  21704.345     0.536    -1.19    3.51
  21991.876     0.408    -0.44    3.45
  22279.387     0.336    -0.25    3.45
  22566.880     0.310    -0.09    3.31
  22854.353     0.486     0.61    2.95
  23141.808     0.622     0.47    2.76
  23429.244     0.655     0.11    2.82
  23716.661     0.773     0.41    2.79
  24004.059     0.886     0.39    2.87
  24291.439     0.844    -0.14    2.90
  24578.799     1.073     0.80    3.12
  24866.141     1.327     0.88    3.23
  25153.463     1.492     0.58    3.36
  25440.767     1.448    -0.16    3.40
  25728.052     1.851     1.40    3.50
  26015.319     1.786    -0.23    3.34
  26302.566     1.922     0.47    3.25
  26589.794     1.672    -0.87    3.44
  26877.004     1.969     1.03    3.58
  27164.195     2.937     3.37    4.15
  27451.367     4.810     6.52    4.60
  27738.520     6.457     5.74    4.47
  28025.655     8.049     5.54    4.20
  28312.771     9.534     5.17    3.98
  28599.867    10.425     3.10    3.98
  28886.946    10.727     1.05    3.81
  29174.005    10.739     0.04    3.87
  29461.045    10.201    -1.87    4.20
  29748.067    10.104    -0.34    4.30
  30035.070     9.666    -1.53    4.28
  30322.054    10.048     1.33    4.56
  30609.020    10.343     1.03    4.73
  30895.966    10.335    -0.03    5.04
  31182.894     9.888    -1.56    5.49
  31469.803     9.595    -1.02    5.76
  31756.693     9.203    -1.37    5.98
  32043.565     9.008    -0.68    6.27
  32330.418     9.285     0.97    6.29
  32617.252     9.906     2.16    6.04
  32904.067    10.471     1.97    5.74
  33190.864    11.403     3.25    5.20
  33477.642    11.448     0.16    5.42
  33764.401    10.729    -2.51    6.39
  34051.142     9.689    -3.63    6.96
  34337.864     8.839    -2.96    7.09
  34624.567     8.798    -0.14    7.03
  34911.251     9.529     2.55    6.46
  35197.917     9.697     0.59    6.16
  35484.564     9.492    -0.71    6.70
  35771.192     9.454    -0.13    7.24
  36057.801     8.386    -3.73    7.36
  36344.392     8.037    -1.22    6.79
  36630.965     7.435    -2.10    6.11
  36917.518     6.844    -2.06    4.60
  37204.053     6.969     0.44    3.33
  37490.569     7.369     1.39    3.01
  37777.067     7.588     0.77    2.77
  38063.546     7.831     0.85    2.89
  38350.006     8.021     0.66    3.13
  38636.448     8.302     0.98    3.46
  38922.870     9.141     2.93    3.75
  39209.275     9.490     1.22    3.85
  39495.660     9.435    -0.19    4.11
  39782.027     9.327    -0.38    4.14
  40068.376     9.360     0.11    4.10
  40354.706     9.278    -0.29    4.16
  40641.017     8.823    -1.59    4.12
  40927.309     8.714    -0.38    3.85
  41213.583     9.327     2.14    3.86
  41499.839    10.720     4.87    3.02
  41786.075    11.581     3.01    4.01
  42072.294    12.294     2.49    4.68
  42358.493    13.286     3.46    5.43
  42644.674    14.905     5.66    6.53
  42930.836    17.101     7.68    7.42
  43216.980    18.016     3.20    7.35
  43503.105    18.802     2.75    6.85
  43789.212    19.294     1.72    5.96
  44075.300    19.554     0.91    5.97
  44361.370    19.789     0.82    6.11
  44647.420    19.963     0.61    6.12
  44933.453    20.116     0.53    6.70
  45219.467    21.335     4.26    7.35
  45505.462    22.965     5.70    7.58
  45791.439    23.732     2.68    7.83
  46077.397    24.482     2.62    7.81
  46363.337    25.624     3.99    7.61
  46649.258    26.636     3.54    8.02
  46935.160    26.894     0.90    8.43
  47221.044    26.683    -0.74    9.00
  47506.910    26.678    -0.02    9.41
  47792.757    27.682     3.51    9.58
  48078.586    28.717     3.62    9.31
  48364.396    28.873     0.55    8.87
  48650.187    30.383     5.28    8.86
  48935.960    31.677     4.53    7.34
  49221.715    32.594     3.21    5.72
  49507.451    32.569    -0.09    5.53
  49793.168    32.616     0.17    5.59
  50078.868    32.504    -0.39    5.50
  50364.548    32.999     1.74    5.23
  50650.210    33.952     3.34    5.49
  50935.854    34.567     2.15    5.04
  51221.479    35.505     3.29    4.71
  51507.086    35.491    -0.05    4.42
  51792.674    35.294    -0.69    4.03
  52078.244    35.103    -0.67    3.38
  52363.796    34.593    -1.79    2.88
  52649.329    34.270    -1.13    2.69
  52934.843    34.117    -0.53    2.77
  53220.339    34.211     0.33    3.02
  53505.817    34.236     0.09    3.36
  53791.276    33.836    -1.40    3.68
  54076.717    33.686    -0.52    3.97
  54362.139    34.021     1.17    3.74
  54647.543    34.336     1.10    3.87
  54932.929    34.722     1.35    4.48
  55218.296    34.831     0.38    5.35
  55503.645    34.661    -0.60    6.32
  55788.975    34.146    -1.80    6.88
  56074.287    32.127    -7.08    8.48
  56359.581    30.245    -6.60    9.01
  56644.856    29.039    -4.23    8.94
  56930.113    29.352     1.10    9.29
  57215.351    30.536     4.15    9.76
  57500.571    32.096     5.47   10.46
  57785.773    35.490    11.90   11.40
  58070.957    38.508    10.58   11.06
  58356.122    41.236     9.57   10.02
  58641.268    44.017     9.75    7.17
  58926.396    44.946     3.26    5.53
  59211.506    44.327    -2.17    4.71
  59496.598    43.259    -3.75    3.41
  59781.671    42.386    -3.07    3.33
  60066.726    41.219    -4.09    3.38
  60351.763    39.488    -6.07    5.20
  60636.781    37.165    -8.15    7.14
  60921.781    33.939   -11.32    8.84
  61206.763    30.934   -10.54    8.79
  61491.726    29.949    -3.46    7.78
  61776.671    30.620     2.35    8.43
  62061.598    32.616     7.01    9.80
  62346.506    35.603    10.48   10.84
  62631.396    39.230    12.73   10.36
  62916.268    42.286    10.73    8.79
  63201.122    44.377     7.34    7.32
  63485.957    45.773     4.90    7.25
  63770.774    46.244     1.65    6.96
  64055.573    46.522     0.98    6.60
  64340.353    46.465    -0.20    6.06
  64625.115    45.827    -2.24    6.42
  64909.859    44.797    -3.62    6.79
  65194.585    45.504     2.48    7.64
  65479.292    46.747     4.37    8.43
  65763.981    48.327     5.55    8.80
  66048.652    50.008     5.90    8.27
  66336.064    51.465     5.07    7.37
  66624.785    53.737     7.87    6.93
  66913.487    56.532     9.68    7.56
  67202.169    58.755     7.70    9.44
  67490.832    60.478     5.97   10.46
  67779.475    61.235     2.62   10.03
  68068.099    63.236     6.93    9.00
  68356.702    65.403     7.51    8.82
  68645.287    67.197     6.22    9.01
  68933.852    68.785     5.50    9.07
  69222.397    70.310     5.29    8.73
  69510.923    71.703     4.83    8.91
  69799.429    74.506     9.71    8.92
  70087.916    76.155     5.71    9.92
  70376.383    75.302    -2.96   11.50
  70664.831    74.059    -4.31   12.20
  70953.259    72.564    -5.18   12.49
  71241.668    70.579    -6.88   12.70
  71530.057    68.749    -6.35   12.23
  71818.427    66.369    -8.25   11.26
  72106.777    63.361   -10.43    9.47
  72395.108    60.071   -11.41    7.71
  72683.419    58.794    -4.43    6.73
  72971.711    58.311    -1.68    6.17
  73259.983    58.534     0.77    7.00
  73548.236    59.442     3.15    7.58
  73836.469    59.799     1.24    7.78
  74124.683    59.971     0.60    8.21
  74412.877    59.168    -2.79    8.21
  74701.052    57.608    -5.41    7.82
  74989.208    55.786    -6.33    7.11
  75277.344    52.915    -9.96    7.13
  75565.461    52.994     0.27    8.36
  75853.558    53.517     1.82    9.24
  76141.636    52.522    -3.45    9.95
  76429.694    50.478    -7.09   10.39
  76717.733    47.511   -10.30   10.02
  77005.753    45.083    -8.43    9.45
  77293.753    42.814    -7.88    8.01
  77581.733    40.785    -7.05    4.79
  77869.695    39.270    -5.26    3.21
  78157.637    38.852    -1.45    3.40
  78445.559    39.638     2.73    4.55
  78733.462    40.957     4.58    5.67
  79021.346    42.071     3.87    5.99
  79309.210    43.079     3.50    6.02
  79597.055    44.336     4.36    5.28
  79884.881    45.310     3.39    4.20
  80172.687    45.941     2.19    3.34
  80460.474    45.370    -1.98    2.79
  80748.242    44.749    -2.16    2.47
  81035.990    43.901    -2.95    2.89
  81323.719    43.002    -3.12    3.23
  81611.428    41.948    -3.66    3.52
  81899.118    40.986    -3.34    3.54
  82186.789    40.685    -1.05    4.03
  82474.441    40.515    -0.59    5.39
  82762.073    41.429     3.18    7.25
  83049.686    42.677     4.34    8.38
  83337.279    44.709     7.06    9.47
  83624.854    46.445     6.04    9.44
  83912.409    47.919     5.13    8.77
  84199.944    49.226     4.55    7.48
  84487.461    50.404     4.10    6.32
  84774.958    51.638     4.29    4.65
  85062.435    52.294     2.28    4.05
  85349.894    53.311     3.54    4.06
  85637.333    55.034     6.00    5.19
  85924.753    57.287     7.84    6.76
  86212.154    60.077     9.71    7.56
  86499.535    62.866     9.70    7.34
  86786.897    65.584     9.46    6.25
  87074.240    66.958     4.78    5.53
  87361.564    67.986     3.57    5.02
  87648.868    68.772     2.74    4.72
  87936.153    68.598    -0.60    4.50
  88223.419    68.311    -1.00    4.09
  88510.666    68.017    -1.02    4.05
  88797.893    67.396    -2.16    4.26
  89085.101    66.520    -3.05    4.13
  89372.290    65.756    -2.66    4.13
  89659.460    65.302    -1.58    3.99
  89946.611    64.419    -3.07    4.15
  90233.742    63.052    -4.76    4.75
  90520.854    61.988    -3.71    5.16
  90807.947    60.819    -4.07    5.63
  91095.021    60.690    -0.45    5.93
  91382.075    60.994     1.06    6.11
  91669.111    61.448     1.58    6.16
  91956.127    61.899     1.57    5.14
  92243.124    62.045     0.51    3.92
  92530.102    61.447    -2.08    4.05
  92817.061    60.242    -4.20    4.30
  93104.000    58.497    -6.08    5.30
  93390.921    56.369    -7.41    6.04
  93677.822    54.601    -6.16    6.56
  93964.704    52.379    -7.74    7.37
  94251.567    51.089    -4.49    7.29
  94538.411    50.705    -1.34    7.09
  94825.235    50.706     0.00    6.49
  95112.041    51.071     1.27    6.00
  95398.827    51.948     3.06    6.11
  95685.594    52.577     2.19    6.30
  95972.343    53.395     2.85    6.45
  96259.072    53.616     0.77    6.37
  96545.782    53.699     0.29    6.22
  96832.472    54.043     1.20    6.75
  97119.144    55.311     4.42    7.82
  97405.797    56.579     4.43    8.26
  97692.430    57.507     3.24    7.89
  97979.045    58.491     3.43    7.15
  98265.640    57.769    -2.52    6.76
  98552.216    57.048    -2.52    6.36
  98838.774    57.336     1.01    5.82
  99125.312    57.974     2.23    6.01
  99411.831    59.236     4.40    6.29
  99698.331    60.785     5.41    6.37
  99984.812    62.946     7.54    5.86
 100271.274    64.516     5.48    4.78
 100557.717    64.917     1.40    4.10
 100844.141    64.344    -2.00    4.10
 101130.545    63.745    -2.09    4.97
 101416.931    63.271    -1.66    6.00
 101703.298    62.755    -1.80    6.80
 101989.646    62.683    -0.25    7.59
 102275.974    62.170    -1.79    7.76
 102562.284    60.941    -4.29    7.87
 102848.575    60.081    -3.00    7.43
 103134.846    61.083     3.50    8.24
 103421.099    63.100     7.05   10.41
 103707.333    65.620     8.80   12.01
 103993.547    66.258     2.23   12.45
 104279.743    65.136    -3.92   13.00
 104565.920    64.522    -2.14   13.26
 104852.078    63.982    -1.89   13.62
 105138.216    62.227    -6.13   13.77
 105424.336    60.881    -4.71   12.19
 105710.437    59.806    -3.76   10.20
 105996.519    61.131     4.63   10.36
 106282.582    61.909     2.72   10.27
 106568.626    63.073     4.07   10.12
 106854.651    62.267    -2.82    9.36
 107140.657    62.212    -0.19    9.23
 107426.644    62.864     2.28    9.76
 107712.612    63.159     1.03   10.24
 107998.561    65.019     6.51   10.94
 108284.491    67.094     7.25   11.53
 108570.403    69.471     8.31   11.58
 108856.295    72.680    11.22   11.20
 109142.169    74.747     7.23   11.28
 109428.023    75.663     3.20   10.66
 109713.859    74.831    -2.91   10.65
 109999.676    72.870    -6.86   10.50
 110285.474    70.377    -8.72   10.90
 110571.253    66.429   -13.82   11.42
 110857.013    62.975   -12.09    9.85
 111142.754    59.754   -11.27    7.05
 111428.477    57.722    -7.11    5.56
