# NaN NaN NaN ;Mean Elev.(m), Avg Gradient(m/km), RMS Gradient(m/km) - SRTM1     
#  -13.474  -0.301   6.976 ;Mean Elev.(m), Avg Gradient(m/km), RMS Gradient(m/km) - ASTER GDEM
#    4.011   0.131   5.046 ;Mean Elev.(m), Avg Gradient(m/km), RMS Gradient(m/km) - GMTED2010 
   2  65.668341  66.099916     6.023     6.015  7 54669.32225721 29.606
   3  65.667738  66.100725   -11.226   -11.124  6 54679.23790131 16.321
   4  65.667412  66.102034     4.720     4.777  6 54689.15354427 52.535
   5  65.667826  66.102667   -10.134   -10.151  6 54699.06918519 25.314
   6  65.669014  66.101692     5.111     5.083  6 54708.98482909 36.234
   7  65.668893  66.099868     0.775     0.823  6 54718.90048057 28.750
   8  65.670336  66.098075     4.061     4.644  5 54728.81612959 33.986
   9  65.670514  66.097653     3.203     3.070  6 54738.73177696 34.001
  10  65.670311  66.098452     5.620     5.597  6 54748.64742423 31.087
  11  65.667506  66.099367     3.663     3.797  6 54758.56307098 27.771
  12  65.665941  66.099406     5.407     5.361  6 54768.47871560 33.103
  13  65.670904  66.098384     3.168     3.111  6 54778.39435743 39.301
  14  65.669904  66.097003     2.761     2.764  6 54788.30999627 35.654
  15  65.664940  66.096631     2.668     2.737  7 54798.22563372 27.639
  16  65.669567  66.098002     2.371     2.369  5 54808.14127204 25.256
  17  65.668894  66.099523     3.701     3.864  6 54818.05690935 14.143
  18  65.669065  66.100478     2.524     2.603  6 54827.97256008 19.709
  19  65.668063  66.100537     2.468     2.600  6 54837.88819894 17.348
  20  65.666315  66.100784     3.476     3.208  6 54847.80384807 14.021
  21  65.667578  66.101456     4.258     4.148  6 54857.71949694 14.521
  22  65.670699  66.102393     3.515     3.263  6 54867.63514608 11.787
  23  65.667931  66.102180     3.606     3.649  6 54877.55079396 11.779
  24  65.669571  66.100976     4.599     4.591  6 54887.46643920 11.387
  25  65.666658  66.099069     5.086     5.059  7 54897.38208064 12.385
  26  65.672026  66.098163     3.375     3.189  6 54907.29772023 10.751
  27  65.665526  66.098153     5.020     4.998  7 54917.21335753 11.376
  28  65.670458  66.098935     5.127     5.071  6 54927.12899574 10.892
  29  65.668065  66.099007     5.879     5.870  6 54937.04463264 10.428
  30  65.668258  66.098451     5.587     5.742  6 54946.96026795 11.151
  31  65.671470  66.097466     5.877     5.711  6 54956.87590198 10.528
  32  65.670040  66.097034     4.574     4.554  6 54966.79155043 28.391
  33  65.670155  66.097596     6.449     6.466  5 54976.70719807 49.029
  34  65.671389  66.098782     6.958     6.961  6 54986.62284584 33.376
  35  65.668332  66.099622     6.846     6.917  7 54996.53849333 32.089
  36  65.670554  66.100194     6.667     6.654  6 55006.45413963 30.887
  37  65.668616  66.100495     6.357     6.373  6 55016.36978337 28.077
  38  65.669174  66.101041     6.191     6.208  6 55026.28542592 27.930
  39  65.667761  66.101956     5.836     5.822  6 55036.20106783 32.032
  40  65.668002  66.102241     5.114     5.087  6 55046.11670901 34.449
  41  65.670403  66.101299     4.917     4.958  6 55056.03234855 28.150
  42  65.667916  66.099161     4.598     4.656  6 55065.94798530 26.761
  43  65.665809  66.097705     3.410     3.352  7 55075.86363409 41.236
  44  65.670859  66.097705     3.731     3.975  6 55085.77928237 35.402
  45  65.667689  66.098510     2.959     2.862  6 55095.69492829 37.450
  46  65.668697  66.099149     2.756     2.745  6 55105.61057435 48.021
  47  65.666498  66.098788     2.652     2.641  7 55115.52621982 39.693
  48  65.670157  66.097799     3.732     3.949  5 55125.44186343 31.126
  49  65.669288  66.096969     2.538     2.354  6 55135.35750402 40.367
  50  65.670137  66.097007     2.591     2.530  5 55145.27314266 37.486
  51  65.670720  66.098140     1.931     1.903  5 55155.18878058 34.007
  52  65.667937  66.099132     2.065     2.014  6 55165.10441843 24.974
  53  65.668213  66.099884     2.450     2.244  6 55175.02005635 20.226
  54  65.670051  66.099846     2.469     2.551  6 55184.93569676 14.803
  55  65.667093  66.100041     2.336     2.329  6 55194.85134762 13.850
  56  65.671814  66.101073     2.948     2.769  6 55204.76699791 13.399
  57  65.669777  66.102279     2.778     2.960  5 55214.68264693 13.735
  58  65.668980  66.102520     3.714     3.865  6 55224.59829554 11.946
  59  65.668938  66.101039     3.420     3.394  7 55234.51394237 12.240
  60  65.670731  66.098592     3.604     3.258  5 55244.42958609 11.422
  61  65.665663  66.096738     3.883     3.889  7 55254.34522622 10.997
  62  65.671838  66.097276     4.080     4.116  6 55264.26086557 11.361
  63  65.669578  66.099008     4.168     4.143  5 55274.17650325 12.318
  64  65.667298  66.099872     4.639     4.781  6 55284.09214036 12.156
  65  65.668753  66.098891     5.203     5.201  6 55294.00777628 12.332
  66  65.665275  66.096824     5.318     5.307  7 55303.92341335 13.154
  67  65.665219  66.095790     2.564     2.266  7 55313.83906078 17.907
  68  65.670691  66.096891     3.711     3.704  6 55323.75470673 32.435
  69  65.670546  66.098868     6.418     6.397  6 55333.67035090 51.063
  70  65.669776  66.100320     6.899     6.914  6 55343.58599485 52.961
  71  65.666323  66.100256     6.185     6.201  6 55353.50163805 31.982
  72  65.669367  66.099881     5.930     5.956  6 55363.41727972 31.074
  73  65.667713  66.099850     5.977     5.892  6 55373.33291915 35.905
  74  65.668870  66.100838     5.904     5.926  6 55383.24855755 32.161
  75  65.667863  66.101861     5.713     5.702  6 55393.16419497 29.784
  76  65.672156  66.102061     5.437     5.391  6 55403.07983154 31.448
  77  65.668318  66.100348     5.555     5.564  6 55412.99548311 49.061
  78  65.670185  66.097910     5.341     5.251  6 55422.91113235 33.924
  79  65.668768  66.096174     4.819     4.745  6 55432.82677864 44.789
  80  65.665162  66.096767     3.730     3.702  7 55442.74242293 49.790
  81  65.667907  66.098623     2.887     2.934  6 55452.65806634 36.546
  82  65.669025  66.100026     2.940     2.849  6 55462.57370881 40.661
  83  65.668966  66.099173     4.173     4.028  6 55472.48934928 36.484
  84  65.671203  66.097222     3.996     4.005  6 55482.40498711 32.311
  85  65.662717  66.095450     2.995     2.893  6 55492.32062176 45.793
  86  65.669244  66.096379     2.524     2.540  5 55502.23625615 46.117
  87  65.669383  66.098725     3.117     3.162  5 55512.15190153 40.502
  88  65.666473  66.100654     2.612     2.632  6 55522.06755087 29.827
  89  65.671617  66.101238     1.931     1.957  6 55531.98319960 22.969
  90  65.666900  66.100291     2.201     1.963  6 55541.89884577 19.672
  91  65.666584  66.099733     2.480     2.314  6 55551.81449027 19.651
  92  65.665940  66.100414     2.439     2.270  6 55561.73013336 18.782
  93  65.668283  66.101714     3.054     3.219  6 55571.64577600 16.382
  94  65.667817  66.101861     3.856     4.045  6 55581.56141722 17.558
  95  65.669063  66.100077     3.261     3.198  6 55591.47705540 17.667
  96  65.670265  66.097387     3.141     3.265  5 55601.39269034 16.373
  97  65.671625  66.095782     3.244     3.428  6 55611.30832314 16.588
  98  65.669636  66.096435     4.589     5.029  5 55621.22395539 11.183
  99  65.670068  66.098699     4.291     4.360  5 55631.13960832 11.579
 100  65.666496  66.099851     4.602     4.710  6 55641.05525880 11.527
 101  65.667283  66.099067     3.215     3.257  6 55650.97090697 10.634
 102  65.669134  66.096942     6.712     6.642  6 55660.88655151 14.810
 103  65.671752  66.095931     2.645     2.641  6 55670.80219282 36.859
 104  65.669094  66.096850     4.088     4.107  5 55680.71783195 37.213
 105  65.668356  66.099168     6.109     6.157  6 55690.63346947 43.625
 106  65.667670  66.100906     6.958     6.967  6 55700.54910539 43.514
 107  65.667770  66.101183     6.302     6.272  6 55710.46474531 30.707
 108  65.668975  66.100521     6.208     6.264  7 55720.38039549 35.837
 109  65.667739  66.100146     6.139     6.081  6 55730.29604326 34.894
 110  65.670100  66.100493     5.819     5.793  6 55740.21169005 52.047
 111  65.668758  66.101010     5.353     5.337  6 55750.12733528 39.020
 112  65.670867  66.100898     4.796     4.845  6 55760.04297843 25.718
 113  65.668648  66.099639     3.669     3.694  6 55769.95861832 42.832
 114  65.671016  66.097681     3.989     4.038  6 55779.87425528 34.933
 115  65.669109  66.096319     3.068     2.994  6 55789.78988930 30.064
 116  65.668939  66.096630     3.026     2.914  6 55799.70552233 35.575
 117  65.670541  66.098207     2.733     2.685  6 55809.62116969 37.635
 118  65.667142  66.099394     2.954     3.015  6 55819.53681832 31.661
 119  65.668578  66.099088     3.095     3.078  6 55829.45246290 49.291
 120  65.670047  66.097527     3.863     4.127  6 55839.36810301 29.158
 121  65.671577  66.096360     2.866     2.923  6 55849.28374008 38.464
 122  65.664076  66.096951     3.089     2.811  6 55859.19937431 34.808
 123  65.666882  66.099249     2.324     2.271  7 55869.11502347 37.954
 124  65.669446  66.101191     1.962     1.965  6 55879.03067507 32.727
 125  65.669479  66.101611     1.622     1.618  6 55888.94631978 24.845
 126  65.671447  66.100990     1.798     1.829  6 55898.86195885 21.357
 127  65.670906  66.100330     1.767     1.753  6 55908.77759278 21.368
 128  65.667355  66.100469     1.808     1.773  6 55918.69324196 20.391
 129  65.671030  66.100798     1.683     1.689  6 55928.60889524 18.793
 130  65.666896  66.100146     2.344     1.834  6 55938.52454422 18.537
 131  65.669612  66.098683     1.597     1.595  5 55948.44018893 17.856
 132  65.664327  66.097207     2.129     2.452  6 55958.35582842 17.531
 133  65.670555  66.097051     3.055     3.016  6 55968.27146652 15.759
 134  65.669721  66.097812     2.776     3.022  5 55978.18710313 15.560
 135  65.667883  66.098562     2.846     2.794  6 55988.10273899 16.206
 136  65.669167  66.098755     2.982     3.414  5 55998.01837932 15.541
 137  65.668084  66.098196     3.087     3.195  6 56007.93403040 15.961
 138  65.665949  66.097391     5.267     5.282  7 56017.84967718 16.547
 139  65.669316  66.097627     5.349     5.325  5 56027.76532157 14.292
 140  65.670792  66.098731     5.927     6.017  5 56037.68096414 11.019
 141  65.669021  66.100034     2.930     2.979  6 56047.59660449 21.187
 142  65.668248  66.100979     5.043     5.019  6 56057.51224214 42.886
 143  65.667110  66.101032     6.298     6.359  6 56067.42787540 32.882
 144  65.667210  66.100884     5.788     5.772  6 56077.34352484 37.342
 145  65.668737  66.100946     5.315     5.348  6 56087.25917381 42.733
 146  65.671410  66.101080     5.076     4.964  6 56097.17482042 26.933
 147  65.670272  66.100564     4.545     4.501  6 56107.09046450 51.369
 148  65.666450  66.099210     3.612     3.461  6 56117.00609392 31.122
 149  65.665825  66.097874     2.895     2.889  7 56126.92173152 39.728
 150  65.664350  66.096975     3.232     3.348  6 56136.83736522 30.603
 151  65.664863  66.097408     3.243     3.087  7 56146.75300972 34.090
 152  65.672068  66.098550     2.432     2.311  6 56156.66865981 43.103
 153  65.667951  66.099073     2.302     2.308  6 56166.58430793 46.925
 154  65.668977  66.098769     2.530     2.207  5 56176.49995412 31.670
 155  65.670392  66.098046     2.689     2.634  5 56186.41559543 34.294
 156  65.669682  66.097496     3.695     3.476  5 56196.33123281 26.544
 157  65.670428  66.098173     2.519     2.498  6 56206.24686734 44.042
 158  65.666439  66.099551     2.565     2.516  6 56216.16249995 49.830
 159  65.671728  66.101065     3.982     4.138  6 56226.07814071 30.252
 160  65.672225  66.101360     2.178     2.147  6 56235.99379593 40.926
 161  65.669889  66.100843     1.481     1.512  6 56245.90944701 34.515
 162  65.668558  66.100491     1.552     1.644  7 56255.82509308 31.212
 163  65.668949  66.100971     1.655     1.670  6 56265.74073549 25.649
 164  65.667550  66.101405     1.503     1.505  6 56275.65637605 23.156
 165  65.668686  66.100860     1.858     1.651  6 56285.57202217 17.689
 166  65.667247  66.098999     1.604     1.631  7 56295.48767243 18.505
 167  65.671168  66.097137     1.450     1.429  6 56305.40331904 16.552
 168  65.671926  66.096771     1.582     1.565  6 56315.31896189 16.922
 169  65.671007  66.098168     1.509     1.437  6 56325.23460273 16.664
 170  65.667631  66.099666     1.320     1.351  6 56335.15024249 16.782
 171  65.668503  66.099804     1.690     1.460  7 56345.06588163 13.799
 172  65.669120  66.098562     1.880     2.548  5 56354.98151838 13.922
 173  65.669288  66.097314     1.950     1.610  6 56364.89716361 13.660
 174  65.664514  66.097350     2.043     2.234  6 56374.81281202 12.488
 176  65.669090  66.101178     3.109     3.023  6 56394.64410225 11.896
 177  65.671451  66.102052     5.245     5.525  6 56404.55974438 10.393
 178  65.670749  66.101708     2.073     2.071  6 56414.47538316 34.458
 179  65.671207  66.100542     4.194     4.232  6 56424.39101715 39.894
 180  65.666077  66.100069     6.573     6.595  6 56434.30666273 34.230
 181  65.670346  66.100679     6.319     6.319  6 56444.22231526 37.123
 182  65.670063  66.101592     6.266     6.300  6 56454.13796488 35.057
 183  65.668984  66.101096     5.993     5.961  7 56464.05361158 37.779
 184  65.667526  66.099193     5.815     5.801  6 56473.96925477 43.845
 185  65.669597  66.097027     5.821     5.836  5 56483.88489487 41.287
 186  65.669587  66.096447     5.903     5.715  5 56493.80053153 39.518
 187  65.669210  66.097845     5.632     5.696  5 56503.71616599 40.809
 188  65.667922  66.099765     5.516     5.553  6 56513.63179877 43.329
 189  65.670908  66.100447     5.007     5.071  6 56523.54744912 32.810
 190  65.668599  66.099172     4.825     4.771  6 56533.46310075 26.063
 192  65.665148  66.097391     2.794     2.808  7 56553.29439324 33.477
 193  65.666869  66.099383     4.101     4.202  6 56563.21003617 28.496
 194  65.671196  66.101903     4.548     4.694  6 56573.12567807 31.681
 195  65.671359  66.103013     3.334     3.487  6 56583.04131737 30.096
 196  65.670515  66.101994     2.780     2.709  6 56592.95695203 43.456
 197  65.670468  66.100439     2.665     2.663  6 56602.87260370 27.312
 198  65.668576  66.099616     2.917     2.951  6 56612.78825265 28.820
 199  65.667132  66.100329     2.850     2.826  6 56622.70389741 26.173
 200  65.670611  66.101270     2.582     2.623  6 56632.61953973 23.702
 201  65.665901  66.100897     2.201     2.175  6 56642.53517684 17.801
 202  65.668518  66.099086     2.191     2.217  7 56652.45082706 18.386
 203  65.664203  66.096954     3.534     4.095  6 56662.36647621 18.083
 204  65.665426  66.096393     4.792     5.047  7 56672.28212299 15.219
 205  65.670190  66.098268     4.348     4.538  5 56682.19776849 13.619
 206  65.669883  66.100144     4.267     4.440  6 56692.11341148 13.535
 207  65.670587  66.100826     4.479     4.733  6 56702.02905059 13.348
 208  65.667540  66.099364     3.532     3.352  7 56711.94468434 12.704
 209  65.670075  66.098112     5.156     5.107  6 56721.86033015 14.184
 210  65.665869  66.097992     5.094     5.099  7 56731.77598121 13.591
 211  65.670061  66.100113     5.573     5.534  6 56741.69162941 13.178
 212  65.670698  66.102398     5.520     5.538  6 56751.60727298 12.881
 213  65.668383  66.103219     8.723     8.948  6 56761.52291114  4.371
 214  65.671291  66.102270     3.614     3.617  6 56771.43854300 14.875
 215  65.671540  66.100721     2.670     2.698  6 56781.35419834 29.231
 216  65.666509  66.099712     5.222     5.225  6 56791.26985254 38.835
 217  65.670262  66.100177     6.699     6.679  6 56801.18550454 29.756
 218  65.671812  66.101072     6.577     6.608  6 56811.10114925 30.920
 219  65.666492  66.100874     6.836     6.878  6 56821.01678877 54.644
 220  65.668506  66.099405     7.020     7.041  6 56830.93242486 53.982
 221  65.670797  66.097484     6.627     6.603  6 56840.84805767 34.007
 222  65.669166  66.096804     6.314     6.135  5 56850.76369358 28.764
 223  65.670147  66.098166     6.446     6.302  5 56860.67934813 29.827
 224  65.668981  66.100075     6.252     6.238  6 56870.59500176 29.711
 225  65.668563  66.100845     6.111     6.119  6 56880.51065271 39.560
 226  65.667891  66.100123     5.268     5.292  7 56890.42629996 39.756
 227  65.670985  66.098987     5.279     5.204  6 56900.34194470 23.939
 228  65.666368  66.099113     3.437     3.228  6 56910.25758665 35.031
 229  65.668926  66.100684     4.028     4.170  6 56920.17322763 32.065
 230  65.669561  66.102496     3.379     3.432  6 56930.08886631 48.639
 231  65.669820  66.102949     3.669     3.530  6 56940.00450013 37.089
 232  65.671834  66.102091     3.224     3.260  6 56949.92013791 37.386
 233  65.670033  66.100628     3.218     3.260  6 56959.83578987 36.207
 234  65.667753  66.099794     2.814     2.839  7 56969.75143673 29.474
 235  65.666127  66.099824     2.763     2.743  6 56979.66707975 25.540
 236  65.670676  66.100270     3.047     3.079  6 56989.58271892 23.504
 237  65.667947  66.099816     3.344     3.335  7 56999.49835113 18.143
 238  65.667904  66.098955     3.417     3.449  6 57009.41400384 21.297
 239  65.669969  66.097909     3.236     3.051  5 57019.32965650 20.003
 240  65.671472  66.097788     3.309     3.267  6 57029.24530605 14.129
 241  65.670824  66.098679     2.899     2.785  6 57039.16095374 13.434
 242  65.665814  66.099763     3.323     3.325  6 57049.07659870 13.169
 243  65.665950  66.100269     3.409     3.432  6 57058.99224019 12.050
 244  65.667866  66.099918     3.494     3.643  7 57068.90787614 12.370
 245  65.666872  66.099476     4.060     4.086  6 57078.82350752 12.126
 246  65.668172  66.099915     4.155     4.242  6 57088.73914348 12.332
 247  65.669396  66.101366     6.446     6.481  6 57098.65480194 11.125
 248  65.670448  66.102616     6.498     6.462  6 57108.57045743 11.451
 249  65.671768  66.102616     6.266     6.304  6 57118.48610772 10.302
 250  65.669196  66.101521     5.854     5.932  5 57128.40175156 10.859
 251  65.670160  66.100527     6.387     6.409  6 57138.31739023 10.630
 252  65.668382  66.100162     3.241     3.216  6 57148.23302484 34.703
 253  65.669024  66.100195     5.721     5.731  6 57158.14865708 49.484
 254  65.668341  66.099960     6.978     7.062  7 57168.06430464 33.474
 255  65.669497  66.099343     6.795     6.790  6 57177.97996092 27.165
 256  65.668339  66.098406     6.646     6.753  6 57187.89561290 26.279
 257  65.665958  66.098083     6.472     6.507  7 57197.81126071 33.200
 258  65.668720  66.098683     6.314     6.293  6 57207.72689536 26.445
 259  65.668122  66.099545     6.503     6.434  6 57217.64253997 29.715
 260  65.666698  66.099918     6.957     6.957  6 57227.55818347 51.710
 261  65.667842  66.099878     6.725     6.757  7 57237.47382508 31.123
 262  65.666200  66.099643     6.793     6.903  6 57247.38946304 33.319
 263  65.668056  66.100000     6.805     6.806  6 57257.30509876 28.863
 264  65.668328  66.101116     6.411     6.519  6 57267.22073314 33.396
 265  65.667207  66.102189     5.950     5.951  6 57277.13637961 43.720
 266  65.671498  66.102560     5.292     5.239  6 57287.05203655 31.915
 267  65.666585  66.101572     4.507     4.472  6 57296.96768975 35.516
 268  65.667760  66.100444     4.429     4.417  6 57306.88333986 25.538
 269  65.670503  66.100076     3.643     3.648  6 57316.79898635 32.011
 270  65.666540  66.100234     4.420     4.306  6 57326.71462900 43.972
 271  65.669388  66.100687     4.436     4.419  6 57336.63027019 35.802
 272  65.669570  66.100173     3.936     3.928  6 57346.54591750 32.336
 273  65.668322  66.098844     3.195     3.180  6 57356.46156448 29.361
 274  65.669815  66.097765     3.112     3.122  6 57366.37720810 23.747
 275  65.665269  66.097665     3.153     3.143  7 57376.29284790 23.899
 276  65.671601  66.099038     3.124     3.156  6 57386.20848684 25.258
 277  65.667999  66.100009     3.147     3.139  6 57396.12412428 21.111
 278  65.665945  66.100197     3.052     2.952  6 57406.03976078 18.957
 279  65.667554  66.099624     3.614     3.561  7 57415.95541074 16.407
 280  65.667679  66.099339     3.046     3.078  6 57425.87106195 18.700
 281  65.668098  66.100180     4.165     4.544  7 57435.78671025 18.963
 282  65.667092  66.101943     4.814     4.936  6 57445.70235677 13.602
 283  65.669361  66.103288     4.777     4.633  5 57455.61800276 11.598
 284  65.669091  66.102995     5.195     5.252  6 57465.53364643 14.245
 285  65.668150  66.101059     5.337     5.293  6 57475.44928620 10.133
 286  65.667049  66.099197     6.281     6.282  6 57485.36492252 13.310
 287  65.669981  66.098921     6.663     6.615  5 57495.28055660  9.259
 288  65.666426  66.100018     3.367     3.379  6 57505.19618917 29.446
 289  65.668192  66.101040     5.340     5.346  6 57515.11184578 30.882
 290  65.669929  66.100407     7.348     7.369  6 57525.02749999 52.843
 291  65.671499  66.098484     7.177     7.257  6 57534.94315183 30.188
 292  65.671372  66.097058     6.838     6.830  6 57544.85880060 41.097
 293  65.669365  66.097497     7.058     7.066  5 57554.77444700 49.631
 294  65.669428  66.099419     6.123     6.012  6 57564.69009213 31.399
 295  65.666421  66.100835     6.517     6.529  6 57574.60573634 26.636
 296  65.667726  66.100859     6.272     6.336  6 57584.52138041 28.869
 297  65.668261  66.099931     6.254     6.205  6 57594.43702238 51.380
