-192182.091    81.332     0.00    4.25
-191895.694    82.348     3.55    4.46
-191609.274    83.953     5.60    4.02
-191322.832    85.391     5.02    3.43
-191036.368    86.120     2.54    2.90
-190749.882    86.724     2.11    2.21
-190463.374    87.018     1.03    1.92
-190176.843    86.953    -0.23    1.90
-189890.290    87.052     0.35    1.93
-189603.716    87.079     0.09    1.65
-189317.118    86.937    -0.50    1.50
-189030.499    87.030     0.33    1.37
-188743.857    86.908    -0.43    1.43
-188457.194    86.981     0.25    1.39
-188170.508    86.878    -0.36    1.41
-187883.799    87.120     0.85    1.55
-187597.069    87.139     0.07    1.50
-187310.316    86.972    -0.59    1.43
-187023.541    86.890    -0.28    1.42
-186736.744    86.802    -0.31    1.58
-186449.924    86.901     0.34    1.68
-186163.082    86.968     0.23    1.75
-185876.218    86.769    -0.69    2.06
-185589.332    86.587    -0.64    2.57
-185302.423    86.043    -1.90    3.68
-185015.492    85.109    -3.25    4.04
-184728.539    84.764    -1.20    4.19
-184441.563    84.746    -0.06    4.26
-184154.566    85.413     2.32    4.21
-183867.545    85.890     1.66    4.01
-183580.503    86.592     2.45    3.35
-183293.438    87.654     3.70    2.11
-183006.351    87.996     1.19    1.74
-182719.241    87.711    -0.99    1.96
-182432.110    87.158    -1.93    2.10
-182144.955    86.389    -2.68    2.17
-181857.779    85.707    -2.37    2.13
-181570.580    85.072    -2.21    1.99
-181283.359    84.309    -2.66    1.58
-180996.115    84.023    -0.99    1.40
-180708.849    83.862    -0.56    1.36
-180421.560    83.853    -0.03    1.41
-180134.250    83.712    -0.49    1.40
-179846.916    83.717     0.02    1.53
-179559.561    83.706    -0.04    1.68
-179272.183    83.536    -0.59    1.75
-178984.782    83.368    -0.58    1.80
-178697.360    83.232    -0.47    1.82
-178409.914    83.139    -0.32    1.69
-178122.447    82.898    -0.84    1.53
-177834.956    82.575    -1.12    1.46
-177547.444    82.427    -0.52    1.40
-177259.909    82.373    -0.19    1.43
-176972.351    82.254    -0.41    1.37
-176684.771    82.297     0.15    1.37
-176397.169    82.215    -0.29    1.38
-176109.544    82.195    -0.07    1.33
-175821.897    82.243     0.17    1.38
-175534.227    82.418     0.61    1.33
-175246.535    82.410    -0.03    1.52
-174958.820    82.745     1.16    1.57
-174671.083    82.668    -0.27    1.51
-174383.323    82.777     0.38    1.50
-174095.540    82.626    -0.53    1.48
-173807.736    82.517    -0.38    1.53
-173519.908    82.224    -1.02    1.55
-173232.058    81.958    -0.92    1.51
-172944.186    81.604    -1.23    1.40
-172656.291    81.354    -0.87    1.44
-172368.374    81.273    -0.28    1.48
-172080.433    81.119    -0.54    1.49
-171792.471    81.034    -0.29    1.53
-171504.486    80.973    -0.21    1.61
-171216.478    81.047     0.26    1.76
-170928.448    81.006    -0.14    1.84
-170640.395    80.894    -0.39    1.83
-170352.319    80.841    -0.19    1.81
-170064.221    80.828    -0.04    1.85
-169776.101    81.187     1.25    1.97
-169487.957    81.368     0.63    1.89
-169199.791    81.517     0.52    1.82
-168911.603    81.488    -0.10    1.80
-168623.392    81.362    -0.44    1.84
-168335.158    81.071    -1.01    1.94
-168046.902    80.629    -1.53    1.99
-167758.623    79.975    -2.27    1.88
-167470.321    79.207    -2.67    1.77
-167181.997    78.834    -1.29    1.54
-166893.650    78.533    -1.04    1.45
-166605.280    78.492    -0.14    1.39
-166316.888    78.459    -0.11    1.35
-166028.473    78.766     1.06    1.37
-165740.035    79.130     1.26    1.45
-165451.575    79.430     1.04    1.43
-165163.092    79.648     0.76    1.39
-164874.586    79.903     0.88    1.27
-164586.058    79.983     0.28    1.34
-164297.507    79.796    -0.65    1.50
-164008.933    79.473    -1.12    1.65
-163720.336    79.023    -1.56    1.71
-163431.717    78.695    -1.14    1.68
-163143.075    78.283    -1.43    1.46
-162854.410    77.838    -1.54    1.37
-162565.723    77.668    -0.59    1.36
-162277.013    77.389    -0.97    1.46
-161988.280    77.425     0.12    1.53
-161699.524    77.530     0.36    1.64
-161410.745    77.434    -0.33    1.75
-161121.944    77.320    -0.39    1.76
-160833.120    77.253    -0.23    1.69
-160544.273    77.196    -0.20    1.75
-160255.404    76.889    -1.06    1.85
-159966.511    76.726    -0.56    1.86
-159677.596    76.418    -1.07    1.87
-159388.658    76.064    -1.22    1.85
-159099.697    75.891    -0.60    1.73
-158810.713    75.682    -0.73    1.59
-158521.707    75.420    -0.91    1.43
-158232.678    75.368    -0.18    1.50
-157943.625    75.302    -0.23    1.64
-157654.550    75.475     0.60    1.85
-157365.453    75.770     1.02    1.95
-157076.332    76.158     1.34    1.88
-156787.188    76.368     0.73    1.97
-156498.022    76.455     0.30    1.89
-156208.833    76.406    -0.17    1.76
-155919.620    76.353    -0.18    1.69
-155630.385    76.320    -0.11    1.70
-155341.127    76.410     0.31    1.62
-155055.058    76.629     0.76    1.61
-154770.554    76.550    -0.28    1.67
-154486.028    76.234    -1.11    1.64
-154201.481    75.800    -1.53    1.91
-153916.913    75.204    -2.09    2.05
-153632.323    74.451    -2.65    2.06
-153347.711    74.064    -1.36    1.91
-153063.078    73.610    -1.59    1.70
-152778.423    73.109    -1.76    1.55
-152493.746    72.571    -1.89    1.78
-152209.048    71.996    -2.02    2.00
-151924.328    71.293    -2.47    2.09
-151639.587    70.809    -1.70    2.03
-151354.824    70.139    -2.35    1.55
-151070.039    69.740    -1.40    1.05
-150785.233    69.629    -0.39    0.99
-150500.405    69.504    -0.44    1.04
-150215.556    69.475    -0.10    1.10
-149930.684    69.294    -0.64    1.00
-149645.792    69.083    -0.74    0.96
-149360.877    69.036    -0.17    0.94
-149075.941    68.932    -0.36    0.92
-148790.983    68.918    -0.05    0.87
-148506.004    68.915    -0.01    0.80
-148221.002    68.891    -0.08    0.77
-147935.979    68.871    -0.07    0.80
-147650.935    68.781    -0.32    0.85
-147365.869    68.720    -0.21    0.80
-147080.781    68.575    -0.51    0.81
-146795.671    68.408    -0.59    0.89
-146510.540    68.284    -0.43    0.90
-146225.386    68.139    -0.51    0.96
-145940.212    68.018    -0.42    0.90
-145655.015    67.913    -0.37    0.92
-145369.797    67.794    -0.42    0.89
-145084.557    67.706    -0.31    0.90
-144799.295    67.658    -0.17    0.93
-144514.011    67.423    -0.83    0.88
-144228.706    67.341    -0.29    0.86
-143943.379    67.205    -0.48    0.90
-143658.030    67.131    -0.26    0.91
-143372.660    67.149     0.06    1.00
-143087.267    67.281     0.46    1.08
-142801.853    67.379     0.34    1.15
-142516.417    67.599     0.77    1.21
-142230.959    67.915     1.11    1.36
-141945.480    68.186     0.95    1.49
-141659.978    68.289     0.36    1.52
-141374.455    68.319     0.10    1.50
-141088.910    68.385     0.23    1.51
-140803.343    68.341    -0.15    1.52
-140517.755    68.687     1.21    1.85
-140232.144    69.275     2.06    2.34
-139946.512    69.639     1.27    2.55
-139660.858    70.121     1.69    2.68
-139375.182    70.606     1.70    2.71
-139089.484    71.232     2.19    2.56
-138803.764    71.770     1.88    2.35
-138518.022    71.735    -0.12    2.16
-138232.259    71.575    -0.56    2.03
-137946.473    71.187    -1.36    1.97
-137660.666    70.943    -0.85    1.93
-137374.837    70.867    -0.27    1.94
-137088.986    70.547    -1.12    2.00
-136803.113    70.273    -0.96    2.10
-136517.218    70.158    -0.40    2.07
-136231.301    69.552    -2.12    2.35
-135945.363    69.062    -1.71    2.52
-135659.402    68.810    -0.88    2.47
-135373.420    68.396    -1.45    2.34
-135087.415    68.029    -1.28    2.22
-134801.389    67.913    -0.40    1.94
-134515.340    67.749    -0.57    2.01
-134229.270    67.857     0.38    1.85
-133943.178    68.110     0.88    1.85
-133657.064    68.411     1.05    2.04
-133370.927    68.788     1.32    2.19
-133084.769    69.375     2.05    2.01
-132798.589    69.723     1.22    1.89
-132512.387    69.860     0.48    1.75
-132226.163    70.246     1.35    1.76
-131939.917    70.485     0.83    1.71
-131653.649    70.821     1.18    1.71
-131367.359    71.065     0.85    1.75
-131081.047    71.349     0.99    1.66
-130794.712    71.538     0.66    1.57
-130508.356    71.573     0.12    1.62
-130221.978    71.446    -0.44    1.55
-129935.578    71.328    -0.41    1.54
-129649.156    71.187    -0.49    1.62
-129362.711    71.261     0.26    1.90
-129076.245    71.526     0.93    1.99
-128789.757    71.544     0.06    1.94
-128503.246    71.441    -0.36    2.03
-128216.714    71.420    -0.07    2.08
-127930.159    71.381    -0.14    2.14
-127643.582    71.302    -0.28    2.13
-127356.983    71.177    -0.44    1.91
-127070.363    70.951    -0.79    1.74
-126783.720    70.897    -0.19    1.65
-126497.055    70.779    -0.41    1.59
-126210.367    70.583    -0.68    1.52
-125923.658    70.293    -1.01    1.69
-125636.927    69.687    -2.11    1.75
-125350.173    69.014    -2.35    2.05
-125063.398    68.082    -3.25    2.36
-124776.600    67.253    -2.89    2.49
-124489.780    66.462    -2.76    2.68
-124202.938    65.677    -2.74    2.69
-123916.074    64.913    -2.66    2.45
-123629.187    64.600    -1.09    2.39
-123342.279    64.379    -0.77    2.21
-123055.348    63.995    -1.34    2.41
-122768.395    64.110     0.40    2.62
-122481.420    63.984    -0.44    2.63
-122194.423    64.479     1.72    2.74
-121907.403    64.847     1.28    2.74
-121620.362    65.446     2.09    2.88
-121333.298    66.168     2.51    3.23
-121046.212    66.905     2.57    3.30
-120759.104    67.802     3.12    3.09
-120471.973    68.594     2.76    2.49
-120184.820    69.029     1.52    2.15
-119897.645    69.083     0.19    2.37
-119610.448    68.906    -0.62    2.61
-119323.229    68.475    -1.50    2.86
-119035.987    67.819    -2.29    3.09
-118748.723    67.273    -1.90    3.10
-118461.437    66.837    -1.52    3.31
-118174.129    66.047    -2.75    3.20
-117886.798    65.339    -2.46    2.88
-117599.445    64.723    -2.14    2.82
-117312.070    64.091    -2.20    2.70
-117024.672    63.648    -1.54    2.53
-116737.252    63.275    -1.30    2.33
-116449.810    63.215    -0.21    2.08
-116162.346    63.195    -0.07    2.16
-115874.859    63.457     0.91    2.29
-115587.350    63.988     1.85    2.54
-115299.819    64.654     2.31    2.54
-115012.265    65.148     1.72    2.59
-114724.689    65.739     2.05    2.43
-114437.091    66.396     2.28    2.36
-114149.470    66.935     1.87    2.28
-113861.827    67.232     1.03    2.31
-113574.161    67.349     0.41    1.97
-113286.474    67.397     0.17    1.78
-112998.763    67.396    -0.00    1.80
-112711.031    67.022    -1.30    1.93
-112423.276    66.643    -1.32    2.10
-112135.499    65.918    -2.52    2.25
-111847.699    65.149    -2.67    2.63
-111559.877    64.055    -3.80    2.84
-111272.033    62.925    -3.93    2.90
-110984.166    61.677    -4.33    2.83
-110696.276    60.453    -4.25    2.54
-110408.365    59.514    -3.26    2.10
-110120.431    58.870    -2.24    1.55
-109832.474    58.339    -1.84    0.98
-109544.495    58.252    -0.30    0.99
-109256.494    58.242    -0.03    1.02
-108968.470    58.304     0.21    1.00
-108680.423    58.287    -0.06    1.08
-108392.355    58.139    -0.51    1.04
-108104.263    58.023    -0.40    1.10
-107816.150    57.783    -0.83    1.03
-107528.013    57.716    -0.23    0.95
-107239.855    57.686    -0.10    1.04
-106951.674    57.945     0.90    1.46
-106663.470    58.275     1.14    1.64
-106375.244    58.429     0.54    1.72
-106086.995    58.448     0.06    1.72
-105798.724    58.225    -0.77    1.68
-105510.430    57.802    -1.47    1.58
-105222.114    57.398    -1.40    1.43
-104933.775    57.073    -1.13    1.25
-104645.414    56.691    -1.33    1.09
-104357.030    56.436    -0.88    0.94
-104068.624    56.362    -0.26    0.92
-103780.195    56.569     0.72    1.06
-103491.743    56.783     0.74    1.22
-103203.269    57.012     0.79    1.42
-102914.773    57.389     1.30    1.64
-102626.254    57.850     1.60    1.91
-102337.712    58.224     1.29    2.21
-102049.148    58.575     1.22    2.51
-101760.561    58.828     0.88    2.74
-101471.951    59.158     1.14    2.79
-101183.319    59.254     0.33    2.85
-100894.664    59.273     0.07    2.78
-100605.987    59.273     0.00    2.80
-100317.287    59.083    -0.66    2.76
-100028.564    59.001    -0.29    2.58
 -99739.819    58.850    -0.52    2.19
 -99451.051    58.927     0.27    1.78
 -99162.261    59.111     0.64    1.47
 -98873.448    59.216     0.36    1.27
 -98584.612    59.111    -0.36    1.19
 -98295.753    58.745    -1.27    1.43
 -98006.872    58.186    -1.93    1.76
 -97717.968    57.602    -2.02    2.02
 -97429.042    56.640    -3.33    2.22
 -97140.093    55.742    -3.11    2.11
 -96851.121    55.083    -2.28    1.68
 -96562.126    54.812    -0.94    1.54
 -96273.109    55.071     0.90    1.95
 -95984.069    55.809     2.55    2.33
 -95695.006    56.738     3.21    2.53
 -95405.921    57.710     3.36    2.23
 -95116.813    58.346     2.20    1.93
 -94827.682    59.075     2.52    1.57
 -94538.529    59.415     1.18    1.53
 -94249.352    59.639     0.77    1.77
 -93960.153    59.552    -0.30    1.98
 -93670.931    58.754    -2.76    2.46
 -93381.687    57.764    -3.42    2.62
 -93096.361    57.046    -2.52    2.52
 -92811.851    56.560    -1.71    2.15
 -92527.319    56.121    -1.54    1.82
 -92242.766    55.975    -0.51    1.35
 -91958.192    55.856    -0.42    1.01
 -91673.596    55.889     0.11    0.89
 -91388.978    55.915     0.09    0.85
 -91104.340    55.932     0.06    0.85
 -90819.679    55.992     0.21    0.78
 -90534.998    56.001     0.03    0.84
 -90250.295    56.081     0.28    0.75
 -89965.570    56.129     0.17    0.87
 -89680.824    56.120    -0.03    0.87
 -89396.056    56.103    -0.06    0.92
 -89111.267    56.149     0.16    0.94
 -88826.457    56.093    -0.20    0.93
 -88541.625    55.953    -0.49    0.92
 -88256.771    55.853    -0.35    0.91
 -87971.896    55.898     0.16    1.01
 -87687.000    56.158     0.91    1.30
 -87402.082    56.541     1.34    1.55
 -87117.142    56.837     1.04    1.78
 -86832.181    57.279     1.55    1.88
 -86547.198    57.886     2.13    2.42
 -86262.194    58.726     2.95    3.20
 -85977.168    59.841     3.91    3.83
 -85692.121    60.812     3.41    4.29
 -85407.052    61.806     3.49    4.37
 -85121.962    62.573     2.69    4.16
 -84836.850    62.369    -0.71    4.03
 -84551.716    61.987    -1.34    3.84
 -84266.561    61.196    -2.77    3.61
 -83981.384    60.350    -2.97    3.23
 -83696.186    59.444    -3.18    2.60
 -83410.966    58.717    -2.55    1.74
 -83125.725    58.177    -1.89    0.96
 -82840.462    57.951    -0.79    1.00
 -82555.177    57.682    -0.94    1.01
 -82269.871    57.408    -0.96    1.07
 -81984.543    57.139    -0.94    1.02
 -81699.193    57.002    -0.48    0.97
 -81413.822    56.856    -0.51    0.91
 -81128.429    56.797    -0.21    0.98
 -80843.014    56.754    -0.15    1.03
 -80557.578    56.781     0.09    1.05
 -80272.121    56.821     0.14    1.03
 -79986.641    57.158     1.18    1.26
 -79701.140    57.470     1.09    1.73
 -79415.617    57.594     0.43    1.77
 -79130.073    57.663     0.24    1.85
 -78844.507    57.930     0.93    1.93
 -78558.919    57.946     0.06    1.99
 -78273.309    57.793    -0.54    2.15
 -77987.678    57.927     0.47    2.22
 -77702.025    58.300     1.31    2.33
 -77416.351    58.730     1.51    2.40
 -77130.654    59.026     1.04    2.41
 -76844.936    59.523     1.74    2.50
 -76559.196    59.773     0.87    2.20
 -76273.435    59.831     0.20    2.16
 -75987.652    59.816    -0.05    2.38
 -75701.847    60.029     0.75    2.36
 -75416.020    60.196     0.58    2.25
 -75130.171    59.968    -0.80    2.17
 -74844.301    59.987     0.07    2.15
 -74558.409    59.913    -0.26    2.22
 -74272.495    59.725    -0.66    2.39
 -73986.560    59.696    -0.10    2.69
 -73700.603    59.924     0.80    2.85
 -73414.623    60.168     0.85    2.84
 -73128.623    60.326     0.56    2.92
 -72842.600    60.591     0.92    3.06
 -72556.555    60.225    -1.28    3.01
 -72270.489    59.841    -1.34    2.92
 -71984.401    59.241    -2.10    2.83
 -71698.291    58.800    -1.54    2.98
 -71412.159    58.214    -2.05    3.18
 -71126.006    57.925    -1.01    3.32
 -70839.830    57.663    -0.91    3.52
 -70553.633    57.754     0.32    3.81
 -70267.414    57.620    -0.47    3.80
 -69981.173    57.353    -0.93    3.89
 -69694.910    57.260    -0.32    3.94
 -69408.626    57.007    -0.88    3.98
 -69122.319    56.797    -0.73    4.27
 -68835.991    56.870     0.25    4.44
 -68549.640    56.913     0.15    4.57
 -68263.268    57.491     2.02    4.60
 -67976.874    58.298     2.82    4.61
 -67690.458    59.510     4.23    4.23
 -67404.020    60.677     4.07    3.85
 -67117.561    61.368     2.41    3.74
 -66831.079    62.427     3.70    2.75
 -66544.575    62.783     1.24    2.43
 -66258.050    62.796     0.05    2.41
 -65971.502    62.594    -0.71    2.37
 -65684.933    62.226    -1.28    2.49
 -65398.342    61.938    -1.00    2.50
 -65111.729    61.488    -1.57    2.49
 -64825.093    61.379    -0.38    2.47
 -64538.436    61.449     0.24    2.39
 -64251.757    61.368    -0.28    2.48
 -63965.056    61.427     0.21    2.57
 -63678.333    61.703     0.96    2.37
 -63391.588    61.756     0.19    2.21
 -63104.821    61.513    -0.85    2.56
 -62818.032    61.093    -1.47    2.49
 -62531.221    60.312    -2.72    2.99
 -62244.388    59.951    -1.26    3.88
 -61957.533    59.177    -2.70    4.47
 -61670.656    58.242    -3.26    4.81
 -61383.757    57.791    -1.57    4.68
 -61096.836    57.233    -1.95    4.49
 -60809.893    55.802    -4.99    5.13
 -60522.928    55.026    -2.70    4.91
 -60235.941    54.663    -1.27    4.83
 -59948.931    55.331     2.33    4.92
 -59661.900    55.355     0.08    4.76
 -59374.847    54.920    -1.51    4.63
 -59087.772    54.869    -0.18    4.53
 -58800.674    54.504    -1.27    4.61
 -58513.555    52.682    -6.35    4.51
 -58226.413    50.629    -7.15    3.79
 -57939.250    49.280    -4.70    2.93
 -57652.064    48.239    -3.62    2.48
 -57364.856    47.654    -2.04    2.41
 -57077.626    47.554    -0.35    2.55
 -56790.374    47.687     0.46    2.95
 -56503.100    48.514     2.88    3.89
 -56215.804    49.129     2.14    4.53
 -55928.485    49.186     0.20    5.02
 -55641.145    49.517     1.15    4.81
 -55353.782    49.413    -0.36    4.45
 -55066.397    49.009    -1.41    4.07
 -54778.990    48.337    -2.34    3.94
 -54491.561    47.821    -1.80    3.20
 -54204.110    47.606    -0.75    2.98
 -53916.637    46.927    -2.36    2.76
 -53629.141    46.122    -2.80    2.74
 -53341.623    45.485    -2.21    2.56
 -53054.083    45.250    -0.82    2.47
 -52766.521    45.015    -0.82    2.41
 -52478.937    44.466    -1.91    2.41
 -52191.330    44.158    -1.07    2.38
 -51903.702    43.691    -1.62    2.39
 -51616.051    42.966    -2.52    2.37
 -51328.378    42.429    -1.87    2.48
 -51040.682    42.366    -0.22    2.40
 -50752.965    42.043    -1.12    2.47
 -50465.225    41.841    -0.70    2.54
 -50177.463    41.543    -1.04    2.39
 -49889.679    41.009    -1.86    2.87
 -49601.872    40.571    -1.52    3.00
 -49314.043    40.010    -1.95    3.13
 -49026.192    39.314    -2.42    3.25
 -48738.319    38.847    -1.62    3.25
 -48450.423    38.588    -0.90    2.95
 -48162.506    38.453    -0.47    2.91
 -47874.566    37.775    -2.36    3.07
 -47586.603    37.168    -2.11    3.06
 -47298.618    36.742    -1.48    2.98
 -47010.611    36.784     0.15    2.95
 -46722.582    37.251     1.62    2.72
 -46434.531    37.620     1.28    2.48
 -46146.457    37.875     0.88    2.45
 -45858.360    37.434    -1.53    2.54
 -45570.242    37.102    -1.15    2.78
 -45282.101    36.334    -2.66    3.36
 -44993.938    35.495    -2.91    3.91
 -44705.752    34.598    -3.11    4.08
 -44417.544    33.523    -3.73    4.74
 -44129.314    32.488    -3.59    5.11
 -43841.061    31.562    -3.21    5.23
 -43552.786    30.908    -2.27    5.38
 -43264.489    29.773    -3.94    5.19
 -42976.169    29.345    -1.48    5.06
 -42687.827    28.686    -2.29    5.01
 -42399.462    28.520    -0.57    5.03
 -42111.075    28.037    -1.68    5.10
 -41822.666    28.415     1.31    5.90
 -41534.234    28.925     1.77    6.45
 -41245.780    29.039     0.40    6.87
 -40957.304    28.853    -0.65    6.99
 -40668.805    28.850    -0.01    7.22
 -40380.283    29.075     0.78    8.18
 -40091.739    29.682     2.10    9.41
 -39803.173    30.885     4.17   10.71
 -39514.584    32.463     5.47   11.52
 -39225.973    33.551     3.77   11.86
 -38937.340    34.260     2.46   11.91
 -38648.683    34.645     1.33   11.90
 -38360.005    35.045     1.39   11.54
 -38071.304    36.504     5.05   11.48
 -37782.580    38.747     7.77   11.58
 -37493.834    40.523     6.15   10.55
 -37205.066    41.962     4.98    9.43
 -36916.275    43.360     4.84    8.59
 -36627.461    43.816     1.58    8.34
 -36338.625    44.480     2.30    7.74
 -36049.767    44.290    -0.66    7.27
 -35760.885    43.794    -1.72    7.51
 -35471.982    43.453    -1.18    7.53
 -35183.056    42.625    -2.87    7.78
 -34894.107    42.480    -0.50    7.01
 -34605.136    42.059    -1.45    6.38
 -34316.142    41.803    -0.89    5.87
 -34027.126    40.856    -3.28    6.32
 -33738.087    40.244    -2.12    6.36
 -33449.025    39.293    -3.29    7.22
 -33159.941    38.558    -2.54    8.48
 -32870.835    37.990    -1.96    9.62
 -32581.706    38.158     0.58   10.27
 -32292.554    39.614     5.03   10.57
 -32003.379    39.957     1.18   10.70
 -31714.182    39.140    -2.83   10.56
 -31424.963    37.291    -6.39   10.65
 -31140.316    36.735    -1.96   10.22
 -30855.784    36.186    -1.93    9.98
 -30571.231    36.960     2.72    9.49
 -30286.656    38.233     4.47    8.58
 -30002.060    39.927     5.95    8.00
 -29717.443    42.387     8.64    5.76
 -29432.804    43.793     4.94    3.13
 -29148.144    43.026    -2.69    4.25
 -28863.463    42.140    -3.11    5.11
 -28578.761    41.233    -3.19    5.74
 -28294.037    40.595    -2.24    6.00
 -28009.292    40.401    -0.68    5.99
 -27724.525    39.922    -1.68    6.34
 -27439.738    39.469    -1.59    6.36
 -27154.929    38.760    -2.49    6.59
 -26870.098    37.816    -3.32    6.97
 -26585.246    36.746    -3.76    7.00
 -26300.373    35.696    -3.68    6.96
 -26015.479    34.054    -5.76    6.81
 -25730.563    32.504    -5.44    6.99
 -25445.626    31.093    -4.95    7.98
 -25160.667    29.933    -4.07    8.40
 -24875.687    28.740    -4.19    8.94
 -24590.686    27.794    -3.32    8.90
 -24305.663    26.558    -4.34    8.46
 -24020.619    25.383    -4.12    7.46
 -23735.554    25.121    -0.92    6.69
 -23450.467    24.708    -1.45    6.41
 -23165.359    24.936     0.80    6.49
 -22880.229    25.584     2.27    6.77
 -22595.078    26.253     2.35    7.33
 -22309.906    26.930     2.37    7.62
 -22024.712    27.451     1.83    7.85
 -21739.496    28.004     1.94    8.29
 -21454.259    28.464     1.61    8.57
 -21169.001    27.645    -2.87    9.44
 -20883.722    27.434    -0.74    9.99
 -20598.420    26.668    -2.69   10.40
 -20313.098    26.014    -2.29   11.00
 -20027.754    25.911    -0.36   11.28
 -19742.388    24.990    -3.23   11.39
 -19457.001    24.204    -2.75   11.10
 -19171.593    24.044    -0.56   10.22
 -18886.163    23.225    -2.87    9.67
 -18600.711    22.815    -1.44    8.97
 -18315.238    22.847     0.11    8.33
 -18029.744    22.371    -1.66    8.10
 -17744.228    22.241    -0.46    7.90
 -17458.690    22.232    -0.03    7.57
 -17173.131    22.112    -0.42    7.06
 -16887.551    21.773    -1.18    6.69
 -16601.949    21.149    -2.19    6.52
 -16316.325    20.764    -1.35    6.46
 -16030.680    19.614    -4.03    6.47
 -15745.013    18.775    -2.94    6.30
 -15459.325    17.913    -3.02    5.64
 -15173.615    17.074    -2.94    5.11
 -14887.884    16.149    -3.24    4.81
 -14602.131    15.535    -2.15    4.58
 -14316.357    15.016    -1.82    4.04
 -14030.561    14.588    -1.50    3.70
 -13744.743    14.111    -1.67    3.36
 -13458.904    13.373    -2.58    3.23
 -13173.043    12.639    -2.57    3.11
 -12887.161    12.084    -1.94    2.99
 -12601.257    11.489    -2.08    2.89
 -12315.331    10.964    -1.84    2.90
 -12029.384    10.668    -1.04    3.08
 -11743.415    10.168    -1.75    3.20
 -11457.424     9.331    -2.93    3.05
 -11171.412     8.686    -2.25    2.49
 -10885.379     8.277    -1.43    2.18
 -10599.323     7.700    -2.01    1.89
 -10313.246     7.249    -1.58    1.54
 -10027.147     6.856    -1.37    1.33
  -9741.027     6.403    -1.58    1.35
  -9454.885     6.073    -1.15    1.38
  -9168.721     5.686    -1.35    1.31
  -8882.536     5.569    -0.41    1.29
  -8596.329     5.535    -0.12    1.40
  -8310.100     5.612     0.27    1.43
  -8023.850     5.700     0.31    1.54
  -7737.578     5.606    -0.33    1.45
  -7451.284     5.751     0.51    1.47
  -7164.968     5.886     0.47    1.36
  -6878.631     6.159     0.95    1.44
  -6592.272     6.467     1.08    1.48
  -6305.892     6.753     1.00    1.75
  -6019.489     7.112     1.26    1.95
  -5733.065     7.663     1.92    2.06
  -5446.619     7.874     0.74    1.98
  -5160.152     8.266     1.37    1.88
  -4873.662     8.775     1.78    2.09
  -4587.151     9.083     1.08    2.14
  -4300.618     9.018    -0.23    2.14
  -4014.064     8.850    -0.59    2.11
  -3727.487     8.691    -0.56    1.81
  -3440.889     8.384    -1.07    1.50
  -3154.269     8.112    -0.95    1.55
  -2867.627     7.856    -0.89    1.47
  -2580.964     7.539    -1.10    1.37
  -2294.278     7.908     1.29    1.87
  -2007.571     8.777     3.03    3.41
  -1720.842     8.480    -1.04    4.02
  -1434.091     7.658    -2.86    4.99
  -1147.319     6.668    -3.45    5.60
   -860.524     5.538    -3.94    6.02
   -573.708     4.648    -3.10    6.12
   -286.870     4.809     0.56    6.34
     -0.010     5.251     1.54    6.82
    286.872     6.030     2.72    7.01
    573.776     7.319     4.49    6.77
    860.701     9.213     6.60    5.96
   1147.649    10.705     5.20    4.97
   1434.618    11.973     4.42    3.06
   1721.609    11.639    -1.16    2.97
   2008.622    10.663    -3.40    2.58
   2295.657    10.025    -2.22    2.42
   2582.714     9.077    -3.30    1.78
   2869.793     8.566    -1.78    1.29
   3156.893     8.110    -1.59    1.02
   3444.016     7.812    -1.04    1.05
   3731.160     7.603    -0.73    0.98
   4018.327     7.413    -0.66    0.88
   4305.515     7.288    -0.44    0.75
   4592.725     7.112    -0.61    0.86
   4879.957     6.903    -0.73    0.96
   5167.212     6.715    -0.66    1.04
   5454.488     6.588    -0.44    1.12
   5741.786     6.331    -0.89    1.26
   6029.106     6.278    -0.19    1.47
   6316.448     6.443     0.57    1.71
   6603.811     6.584     0.49    1.76
   6891.197     6.691     0.37    1.73
   7178.605     7.111     1.46    2.42
   7466.035     8.960     6.43    5.39
   7753.487    11.847    10.04    7.41
   8040.961    14.094     7.82    7.83
   8328.457    16.443     8.17    7.46
   8615.975    18.620     7.57    6.40
   8903.514    20.375     6.10    4.73
   9191.076    20.330    -0.16    4.23
   9478.660    19.355    -3.39    4.10
   9766.266    19.240    -0.40    4.32
  10053.894    19.578     1.18    4.24
  10341.544    20.222     2.24    4.09
  10629.216    20.979     2.63    4.18
  10916.911    22.186     4.20    3.71
  11204.627    22.934     2.60    3.16
  11492.365    23.551     2.14    2.70
  11780.126    23.373    -0.62    2.88
  12067.908    22.659    -2.48    3.48
  12355.712    21.982    -2.35    3.71
  12643.539    21.482    -1.74    3.65
  12931.388    20.649    -2.89    3.72
  13219.259    20.158    -1.70    3.69
  13507.152    20.131    -0.09    3.48
  13795.067    20.640     1.77    3.13
  14083.004    21.295     2.27    3.01
  14370.963    21.547     0.88    3.03
  14658.944    21.822     0.95    3.02
  14946.948    22.149     1.13    2.96
  15234.974    22.344     0.68    2.93
  15523.021    22.459     0.40    2.86
  15811.091    22.464     0.02    2.75
  16099.183    22.429    -0.12    2.90
  16387.298    22.168    -0.91    2.98
  16675.434    21.975    -0.67    3.03
  16963.593    21.781    -0.67    3.01
  17251.774    21.806     0.09    2.97
  17539.977    21.727    -0.28    2.91
  17828.202    21.672    -0.19    2.68
  18116.449    21.477    -0.68    2.27
  18404.719    21.545     0.24    2.13
  18693.010    22.073     1.83    2.27
  18981.324    22.932     2.98    2.81
  19269.661    23.887     3.31    3.18
  19558.019    25.568     5.83    4.02
  19846.400    27.795     7.72    4.93
  20134.803    29.723     6.69    5.25
  20423.228    31.523     6.24    5.45
  20711.675    32.616     3.79    5.66
  21000.145    33.869     4.34    5.96
  21288.637    35.021     3.99    6.21
  21577.151    36.078     3.67    6.22
  21865.687    37.186     3.84    6.02
  22154.246    38.019     2.89    5.70
  22442.827    38.920     3.12    5.14
  22731.430    39.583     2.30    4.46
  23020.056    40.102     1.80    4.14
  23308.704    40.986     3.06    4.57
  23597.374    41.538     1.91    5.41
  23886.067    41.852     1.09    6.03
  24174.781    42.501     2.25    6.55
  24463.518    43.682     4.09    7.47
  24752.278    45.375     5.86    8.49
  25041.060    47.131     6.08    8.88
  25329.864    48.303     4.06    9.52
  25618.690    49.103     2.77    9.89
  25907.539    51.186     7.21   10.21
  26196.410    52.988     6.24   10.29
  26485.304    54.045     3.66   10.09
  26774.220    54.831     2.72    9.98
  27063.158    54.871     0.14    9.90
  27352.119    55.077     0.71    9.52
  27641.102    54.802    -0.95    9.66
  27930.107    54.342    -1.59    9.58
  28219.135    53.654    -2.38    9.30
  28508.185    52.915    -2.55    8.57
  28797.258    51.756    -4.01    7.69
  29086.353    51.476    -0.97    7.00
  29375.470    50.834    -2.22    5.97
  29664.610    50.632    -0.70    5.37
  29953.772    50.513    -0.41    5.06
  30242.957    49.856    -2.27    4.38
  30531.572    49.009    -2.94    3.99
  30816.084    48.168    -2.96    3.64
  31100.616    47.877    -1.02    3.98
  31385.170    47.775    -0.36    4.51
  31669.744    48.021     0.86    5.04
  31954.340    48.457     1.53    5.29
  32238.957    49.132     2.37    5.46
  32523.595    50.149     3.57    5.23
  32808.254    51.422     4.47    4.61
  33092.935    52.552     3.97    4.10
  33377.636    53.764     4.26    3.38
  33662.358    54.672     3.19    3.47
  33947.102    56.607     6.79    4.72
  34231.867    58.464     6.52    5.78
  34516.653    60.461     7.01    6.09
  34801.460    62.366     6.69    6.01
  35086.288    64.482     7.43    5.80
  35371.137    66.437     6.86    5.68
  35656.008    68.261     6.40    5.60
  35940.900    70.538     7.99    5.69
  36225.812    72.250     6.01    5.40
  36510.747    74.159     6.70    5.06
  36795.702    76.695     8.90    4.08
  37080.678    78.403     5.99    3.38
  37365.676    79.747     4.71    3.12
  37650.695    80.486     2.59    2.91
  37935.735    81.436     3.33    2.65
  38220.796    82.014     2.03    2.89
  38505.878    82.297     0.99    3.17
  38790.982    82.309     0.04    3.45
  39076.107    82.214    -0.33    3.47
  39361.253    82.231     0.06    3.60
  39646.421    82.519     1.01    3.90
  39931.609    82.296    -0.78    3.98
  40216.819    82.045    -0.88    4.11
  40502.050    81.233    -2.85    4.27
  40787.303    81.120    -0.39    4.10
  41072.576    80.995    -0.44    4.15
  41357.871    80.043    -3.34    4.17
  41643.188    79.232    -2.84    3.88
  41928.525    78.696    -1.88    3.94
  42213.884    78.186    -1.79    4.04
  42499.264    77.953    -0.82    4.14
  42784.665    77.868    -0.30    3.95
  43070.088    77.614    -0.89    3.91
  43355.532    77.113    -1.76    4.06
  43640.997    76.569    -1.90    3.98
  43926.484    75.911    -2.31    3.90
  44211.992    75.588    -1.13    3.90
  44497.521    74.913    -2.36    4.17
  44783.072    73.685    -4.30    3.91
  45068.644    72.868    -2.86    3.67
  45354.237    72.196    -2.35    3.48
  45639.852    71.224    -3.41    3.92
  45925.488    70.658    -1.98    4.18
  46211.145    70.031    -2.20    4.56
  46496.824    69.577    -1.59    4.49
  46782.524    69.013    -1.97    4.33
  47068.245    68.411    -2.11    4.15
  47353.988    67.696    -2.50    4.21
  47639.752    67.158    -1.88    4.05
  47925.538    66.595    -1.97    3.79
  48211.345    66.415    -0.63    3.77
  48497.173    65.709    -2.47    3.80
  48783.023    64.925    -2.74    3.98
  49068.894    64.663    -0.92    4.02
  49354.787    64.149    -1.80    4.01
  49640.701    63.404    -2.61    4.06
  49926.637    62.544    -3.01    4.15
  50212.594    61.722    -2.87    4.26
  50498.572    60.953    -2.69    4.30
  50784.572    60.168    -2.75    4.06
  51070.593    59.312    -2.99    3.82
  51356.636    58.400    -3.19    3.62
  51642.700    57.549    -2.97    3.28
  51928.786    57.068    -1.68    3.12
  52214.893    56.103    -3.37    2.98
  52501.022    55.654    -1.57    2.77
  52787.172    54.902    -2.63    2.69
  53073.343    54.393    -1.78    2.80
  53359.537    53.768    -2.18    2.79
  53645.751    53.140    -2.19    2.69
  53931.987    52.579    -1.96    2.66
  54218.245    52.233    -1.21    2.59
  54504.524    51.486    -2.61    2.48
  54790.825    50.825    -2.31    2.47
  55077.147    50.355    -1.64    2.19
  55363.491    50.122    -0.81    2.29
  55649.856    50.054    -0.24    2.47
  55936.243    50.084     0.10    2.78
  56222.651    50.259     0.61    3.18
  56509.081    50.384     0.43    3.35
  56795.532    50.303    -0.28    3.33
  57082.005    50.186    -0.41    3.28
  57368.500    50.036    -0.53    3.10
  57655.016    49.794    -0.84    3.04
  57941.554    49.677    -0.41    2.99
  58228.113    49.843     0.58    2.99
  58514.694    50.068     0.78    2.87
  58801.297    50.390     1.12    2.81
  59087.921    50.766     1.31    2.66
  59374.566    50.901     0.47    2.61
  59661.234    51.039     0.48    2.83
  59947.923    50.933    -0.37    2.91
  60234.633    50.947     0.05    3.04
  60521.365    50.795    -0.53    3.09
  60808.119    50.611    -0.64    2.96
  61094.895    50.831     0.77    3.05
  61381.692    50.892     0.21    3.25
  61668.511    51.150     0.90    3.52
  61955.351    51.568     1.46    3.51
  62242.213    51.705     0.48    3.34
  62529.097    51.871     0.58    3.38
  62816.002    51.784    -0.30    3.11
  63102.930    51.779    -0.02    3.02
  63389.878    51.861     0.29    2.89
  63676.849    51.677    -0.64    2.50
  63963.841    51.810     0.46    2.56
  64250.855    51.756    -0.19    2.68
  64537.891    51.686    -0.25    2.95
  64824.948    51.205    -1.67    3.50
  65112.027    50.645    -1.95    4.38
  65399.128    50.007    -2.22    5.16
  65686.250    49.249    -2.64    5.41
  65973.394    48.251    -3.47    5.53
  66260.560    46.554    -5.91    5.06
  66547.748    45.432    -3.91    4.59
  66834.957    44.877    -1.93    3.78
  67122.189    44.612    -0.92    3.42
  67409.442    44.213    -1.39    2.63
  67696.716    43.990    -0.77    2.05
  67984.013    44.007     0.06    2.08
  68271.331    43.897    -0.39    2.29
  68558.671    43.501    -1.38    2.36
  68846.033    43.159    -1.19    2.35
  69133.417    42.681    -1.66    2.18
  69420.822    42.488    -0.67    2.22
  69708.249    42.186    -1.05    2.26
  69995.698    42.186    -0.00    2.62
  70283.169    42.322     0.47    2.85
  70570.662    42.186    -0.47    2.95
  70858.176    42.177    -0.03    3.09
  71145.713    41.992    -0.64    2.90
  71433.271    41.736    -0.89    2.79
  71720.851    41.934     0.69    2.84
  72008.453    41.951     0.06    2.95
  72296.076    41.784    -0.58    2.96
  72583.722    41.744    -0.14    2.94
  72871.389    41.612    -0.46    2.89
  73159.079    41.316    -1.03    2.85
  73446.790    41.140    -0.61    2.92
  73734.523    40.992    -0.51    2.91
  74022.278    40.489    -1.75    3.10
  74310.055    39.900    -2.05    3.33
  74597.854    39.351    -1.91    3.35
  74885.674    38.841    -1.77    3.25
  75173.517    38.333    -1.76    3.30
  75461.381    37.897    -1.52    3.47
  75749.268    37.438    -1.59    3.49
  76037.176    37.034    -1.40    3.64
  76325.106    36.654    -1.32    3.96
  76613.059    36.121    -1.85    4.05
  76901.033    35.856    -0.92    4.54
  77189.029    35.083    -2.69    4.84
  77477.047    34.096    -3.43    4.90
  77765.087    32.726    -4.75    5.44
  78053.149    31.449    -4.43    5.39
  78341.233    30.635    -2.83    5.54
  78629.339    30.800     0.57    5.66
  78917.466    31.915     3.87    6.10
  79205.616    33.131     4.22    6.00
  79493.788    34.596     5.09    5.47
  79781.982    35.586     3.43    4.66
  80070.198    35.571    -0.05    4.17
  80358.436    34.316    -4.36    4.69
  80646.696    32.224    -7.26    4.85
  80934.978    30.434    -6.21    5.02
  81223.282    29.411    -3.55    5.18
  81511.608    28.031    -4.79    4.80
  81799.956    27.431    -2.08    4.26
  82088.326    26.308    -3.90    3.62
  82376.718    25.495    -2.82    3.16
  82665.132    24.501    -3.45    3.21
  82953.568    24.348    -0.53    3.20
  83242.027    23.766    -2.02    3.61
  83530.507    22.861    -3.14    4.27
  83819.009    22.828    -0.11    4.73
  84107.534    23.040     0.74    5.18
  84396.080    23.066     0.09    5.33
  84684.649    22.801    -0.92    5.92
  84973.240    22.492    -1.07    6.20
  85261.853    21.636    -2.97    6.81
  85550.488    20.996    -2.22    6.99
  85839.145    19.794    -4.17    6.74
  86127.824    19.654    -0.48    6.79
  86416.526    19.436    -0.75    6.72
  86705.249    19.858     1.46    6.70
  86993.995    20.248     1.35    6.70
  87282.763    21.159     3.15    6.53
  87571.553    22.317     4.01    6.23
  87860.365    23.253     3.24    5.14
  88149.199    23.476     0.77    4.20
  88438.055    23.239    -0.82    3.85
  88726.934    22.690    -1.90    3.50
  89015.835    22.492    -0.69    3.30
  89304.758    22.418    -0.26    2.76
  89593.703    22.981     1.95    2.60
  89882.670    24.831     6.40    4.52
  90171.660    27.140     7.99    5.97
  90460.672    29.249     7.30    6.37
  90749.706    31.375     7.36    5.98
  91038.762    33.267     6.55    5.62
  91327.840    35.112     6.38    4.57
  91616.941    36.262     3.98    4.33
  91906.064    37.353     3.77    5.01
  92195.209    38.141     2.72    5.56
  92483.159    39.703     5.43    5.92
  92767.696    40.892     4.18    5.52
  93052.253    42.467     5.53    4.50
  93336.832    44.023     5.47    3.84
  93621.431    45.339     4.62    4.03
  93906.052    46.513     4.13    4.39
  94190.693    48.150     5.75    4.52
  94475.355    49.714     5.50    4.77
  94760.038    51.432     6.03    4.78
  95044.742    52.945     5.32    4.18
  95329.467    54.418     5.17    3.56
  95614.213    55.600     4.15    3.45
  95898.980    56.340     2.60    3.56
  96183.768    57.260     3.23    3.52
  96468.577    58.333     3.77    3.76
  96753.406    59.204     3.06    3.73
  97038.257    60.096     3.13    3.76
  97323.129    61.159     3.73    3.21
  97608.021    61.962     2.82    2.63
  97892.935    62.538     2.02    2.42
  98177.870    62.834     1.04    2.86
  98462.825    63.249     1.46    3.19
  98747.802    63.942     2.43    3.49
  99032.799    64.771     2.91    3.62
  99317.818    65.892     3.93    3.29
  99602.857    66.862     3.40    2.96
  99887.918    67.773     3.20    2.97
 100172.999    68.194     1.48    2.92
 100458.102    68.636     1.55    2.93
 100743.226    68.897     0.91    2.77
 101028.370    69.271     1.31    2.65
 101313.536    69.501     0.81    2.45
 101598.723    69.753     0.88    2.29
 101883.931    69.650    -0.36    2.20
 102169.159    69.816     0.58    2.33
 102454.409    70.213     1.39    2.40
 102739.680    70.981     2.69    2.53
 103024.972    71.709     2.55    2.85
 103310.286    72.427     2.52    2.81
 103595.620    73.303     3.07    2.42
 103880.975    73.728     1.49    2.50
 104166.351    73.866     0.48    2.54
 104451.749    73.920     0.19    2.60
 104737.167    74.023     0.36    2.72
 105022.607    74.447     1.48    3.02
 105308.068    75.177     2.56    3.48
 105593.550    76.150     3.41    3.56
 105879.053    77.196     3.66    3.00
 106164.577    77.996     2.80    2.49
 106450.122    78.873     3.07    2.06
 106735.689    79.735     3.02    2.54
 107021.276    80.541     2.82    2.71
 107306.885    81.922     4.84    3.20
 107592.515    83.529     5.62    3.45
 107878.166    85.114     5.55    3.60
 108163.838    86.816     5.96    3.42
 108449.531    88.231     4.95    3.38
 108735.246    89.331     3.85    3.24
 109020.982    90.364     3.61    3.09
 109306.739    90.231    -0.47    3.16
 109592.517    89.552    -2.38    3.49
 109878.316    88.762    -2.76    3.59
 110164.136    88.214    -1.92    3.40
 110449.978    87.790    -1.48    3.08
 110735.841    88.373     2.04    3.26
 111021.725    89.447     3.76    3.50
 111307.630    90.150     2.46    3.59
 111593.557    90.843     2.43    3.40
 111879.505    91.362     1.81    3.26
 112165.474    91.943     2.03    2.89
 112451.464    91.986     0.15    2.79
 112737.476    92.043     0.20    3.10
 113023.508    92.331     1.01    3.50
 113309.562    92.369     0.13    3.55
 113595.638    92.819     1.57    3.63
 113881.734    92.915     0.34    3.68
 114167.852    92.864    -0.18    3.62
 114453.991    93.141     0.97    3.50
 114740.152    93.266     0.44    3.31
 115026.333    93.383     0.41    3.28
 115312.536    93.663     0.98    3.37
 115598.761    93.543    -0.42    3.63
 115885.006    93.059    -1.69    3.92
 116171.273    92.312    -2.61    4.17
 116457.561    91.631    -2.38    4.01
 116743.871    91.149    -1.69    3.70
 117030.202    91.186     0.13    3.78
 117316.554    90.600    -2.05    3.91
 117602.928    90.212    -1.35    4.00
 117889.323    90.113    -0.35    3.94
 118175.739    89.728    -1.34    3.74
 118462.176    88.899    -2.90    3.29
 118748.635    88.094    -2.81    2.71
 119035.116    87.659    -1.52    2.46
 119321.617    87.418    -0.84    2.63
 119608.140    86.960    -1.60    2.74
 119894.685    86.067    -3.12    2.93
 120181.251    84.714    -4.72    3.03
 120467.838    83.769    -3.30    2.63
 120754.447    83.275    -1.73    2.53
 121041.077    83.034    -0.84    2.52
 121327.728    82.975    -0.20    2.91
 121614.401    83.277     1.05    3.29
 121901.095    84.130     2.98    3.63
 122187.811    84.386     0.89    3.74
 122474.548    84.516     0.45    3.92
 122761.306    84.650     0.47    3.97
 123048.086    85.122     1.65    3.38
 123334.888    85.753     2.20    2.61
 123621.711    86.234     1.68    2.37
 123908.555    86.462     0.80    2.24
 124195.421    86.699     0.83    2.20
 124482.308    87.096     1.38    2.37
 124769.217    87.480     1.34    2.19
 125056.147    87.934     1.58    2.29
 125343.099    88.141     0.72    2.18
 125630.072    88.016    -0.43    2.11
 125917.067    87.918    -0.34    2.02
 126204.083    87.868    -0.17    1.91
 126491.121    87.649    -0.76    1.97
 126778.180    87.213    -1.52    1.96
 127065.260    86.632    -2.03    2.39
 127352.363    85.946    -2.39    2.85
 127639.486    85.022    -3.22    3.04
 127926.632    84.252    -2.68    3.20
 128213.799    83.871    -1.32    3.20
 128500.987    83.608    -0.92    3.40
 128788.197    83.321    -1.00    3.40
 129075.428    82.918    -1.40    3.28
 129362.681    82.569    -1.21    3.12
 129649.956    82.549    -0.07    2.97
 129937.252    82.457    -0.32    2.80
 130224.570    82.556     0.35    2.83
 130511.909    83.435     3.06    3.36
 130799.270    83.897     1.61    3.53
 131086.652    84.546     2.26    3.49
 131374.057    85.204     2.29    3.00
 131661.482    85.485     0.98    2.51
 131948.930    85.330    -0.54    2.63
 132236.398    85.409     0.27    2.69
 132523.889    85.852     1.54    2.87
 132811.401    86.158     1.06    3.18
 133098.935    86.672     1.79    3.19
 133386.490    86.883     0.73    3.04
 133674.067    87.069     0.64    2.77
 133961.666    87.106     0.13    2.60
 134249.286    87.132     0.09    2.83
 134536.928    87.362     0.80    2.78
 134824.592    88.319     3.33    3.11
 135112.277    89.608     4.48    3.40
 135399.984    90.807     4.17    3.37
 135687.713    92.221     4.91    2.92
 135975.463    93.418     4.16    2.70
 136263.235    94.371     3.31    2.38
 136551.029    95.168     2.77    2.26
 136838.845    95.480     1.08    2.12
 137126.682    95.489     0.03    2.06
 137414.541    95.398    -0.32    2.00
 137702.421    95.276    -0.42    1.89
 137990.323    95.068    -0.72    1.78
 138278.247    94.964    -0.36    1.64
 138566.193    95.032     0.24    1.58
 138854.161    95.444     1.43    1.66
 139142.150    95.971     1.83    2.00
 139430.161    96.259     1.00    2.22
 139718.194    96.899     2.22    2.44
 140006.248    97.457     1.94    2.37
 140294.324    97.640     0.64    2.19
 140582.422    97.931     1.01    1.95
 140870.542    98.247     1.10    1.81
 141158.684    98.489     0.84    1.85
 141446.847    98.890     1.39    1.86
