-131906.594   432.690     0.00   38.50
-131620.201   436.997    15.04   46.11
-131333.811   444.351    25.68   54.43
-131047.423   449.968    19.62   61.63
-130761.037   458.405    29.46   64.00
-130474.654   465.546    24.93   57.99
-130188.273   462.489   -10.68   52.30
-129901.896   450.348   -42.39   51.70
-129615.520   431.677   -65.20   51.54
-129329.147   411.292   -71.18   49.27
-129042.777   391.489   -69.15   42.03
-128756.409   374.119   -60.66   32.60
-128470.044   362.592   -40.25   27.58
-128183.681   353.919   -30.28   25.24
-127897.321   346.800   -24.86   25.33
-127610.963   341.691   -17.84   25.33
-127324.608   333.244   -29.50   28.58
-127038.256   320.429   -44.75   30.57
-126751.906   304.403   -55.96   31.50
-126465.558   291.440   -45.27   28.33
-126179.213   286.174   -18.39   28.27
-125892.871   292.166    20.93   41.80
-125606.531   307.587    53.86   58.31
-125320.194   329.492    76.50   70.36
-125033.859   357.311    97.15   75.84
-124747.527   385.282    97.69   72.29
-124461.197   410.305    87.40   64.57
-124174.870   426.339    56.00   61.42
-123888.545   427.090     2.62   66.87
-123602.223   413.968   -45.83   81.63
-123315.903   387.461   -92.58   97.08
-123029.586   348.921  -134.61  106.28
-122743.272   307.975  -143.01  104.04
-122456.960   267.057  -142.91   92.29
-122170.650   229.129  -132.48   68.85
-121884.344   202.833   -91.85   45.24
-121598.039   185.496   -60.55   24.97
-121311.737   179.693   -20.27   17.10
-121025.438   182.627    10.25   20.83
-120739.141   190.499    27.50   28.10
-120452.847   201.306    37.75   33.86
-120166.555   214.713    46.83   37.41
-119880.266   230.742    55.99   37.29
-119593.980   247.276    57.75   34.20
-119307.695   259.517    42.76   35.96
-119021.414   266.665    24.97   38.11
-118735.135   261.667   -17.46   42.71
-118448.858   255.478   -21.62   44.33
-118162.584   252.045   -11.99   43.75
-117876.313   248.440   -12.59   39.23
-117590.044   243.023   -18.92   36.16
-117303.778   237.142   -20.55   37.50
-117017.514   226.692   -36.50   48.31
-116731.253   212.313   -50.23   60.95
-116444.994   187.073   -88.17   66.80
-116158.738   159.698   -95.63   59.35
-115872.484   134.861   -86.77   40.28
-115586.233   118.861   -55.90   22.84
-115299.984   108.339   -36.76   11.71
-115013.738   103.616   -16.50    8.99
-114727.495   101.411    -7.70    9.13
-114441.254    99.295    -7.39    9.29
-114155.015    97.860    -5.01    9.53
-113868.779    95.866    -6.97    9.96
-113582.546    94.885    -3.43   10.27
-113296.315    93.853    -3.60    8.95
-113010.087    92.439    -4.94    8.47
-112723.861    92.090    -1.22    9.01
-112437.638    92.082    -0.03    9.49
-112151.417    93.603     5.31   11.40
-111865.199    95.619     7.04   12.73
-111578.983    97.489     6.53   14.14
-111292.770   100.343     9.97   15.92
-111006.559   104.251    13.66   17.98
-110720.351   108.579    15.12   19.38
-110434.146   112.251    12.83   19.47
-110147.943   114.599     8.20   19.43
-109861.742   114.707     0.38   18.55
-109575.544   110.790   -13.69   19.70
-109289.349   104.262   -22.81   22.17
-109003.156    94.864   -32.84   22.40
-108716.965    86.030   -30.87   20.67
-108430.778    77.885   -28.46   14.77
-108144.592    73.253   -16.19    9.33
-107858.410    72.045    -4.22    7.70
-107572.229    72.677     2.21   10.43
-107286.052    75.468     9.75   12.81
-106999.876    80.425    17.32   15.33
-106713.704    86.075    19.74   16.61
-106427.534    90.121    14.14   16.45
-106141.366    91.147     3.59   16.06
-105855.201    88.547    -9.09   17.96
-105569.039    83.590   -17.32   20.06
-105282.879    80.141   -12.06   20.51
-104996.721    77.714    -8.48   20.18
-104710.491    73.221   -15.70   21.24
-104423.709    68.825   -15.33   21.53
-104136.930    66.159    -9.29   21.52
-103850.155    62.954   -11.18   20.30
-103563.383    58.626   -15.09   15.07
-103276.614    55.674   -10.29   11.53
-102989.848    57.350     5.85   14.99
-102703.086    66.771    32.85   24.74
-102416.327    78.570    41.15   31.19
-102129.571    92.946    50.13   35.32
-101842.819   111.275    63.92   37.82
-101556.070   126.717    53.85   35.37
-101269.324   141.009    49.84   33.36
-100982.581   150.696    33.78   33.11
-100695.842   157.982    25.41   32.32
-100409.106   164.917    24.19   29.24
-100122.373   168.653    13.03   26.77
 -99835.644   162.575   -21.20   31.81
 -99548.918   149.440   -45.81   42.98
 -99262.195   132.968   -57.45   51.00
 -98975.475   113.530   -67.80   52.13
 -98688.759    93.411   -70.17   45.48
 -98402.045    74.210   -66.97   32.48
 -98115.336    61.385   -44.73   18.74
 -97828.629    53.778   -26.53   12.20
 -97541.926    48.846   -17.20    9.46
 -97255.226    45.359   -12.16    8.54
 -96968.529    42.703    -9.27    7.39
 -96681.836    41.468    -4.31    5.67
 -96395.145    41.711     0.85    5.98
 -96108.459    43.348     5.71    7.45
 -95821.775    46.425    10.73    8.89
 -95535.095    50.525    14.30    8.93
 -95248.417    54.982    15.55    8.70
 -94961.744    58.940    13.81    8.41
 -94675.073    62.405    12.09    7.78
 -94388.406    64.642     7.80    7.28
 -94101.742    65.485     2.94    7.54
 -93815.081    64.833    -2.28    8.61
 -93528.424    62.322    -8.76    9.90
 -93241.769    58.946   -11.78   10.08
 -92955.118    55.010   -13.73    9.42
 -92668.471    51.194   -13.31    7.86
 -92381.826    48.003   -11.13    6.44
 -92095.185    45.884    -7.39    4.98
 -91808.548    44.246    -5.72    4.68
 -91521.913    42.911    -4.66    4.23
 -91235.282    42.003    -3.17    4.09
 -90948.654    41.285    -2.51    4.13
 -90662.029    40.646    -2.23    4.00
 -90375.407    40.072    -2.00    4.05
 -90088.789    39.747    -1.13    4.31
 -89802.174    39.065    -2.38    4.66
 -89515.563    38.482    -2.04    4.63
 -89228.954    38.313    -0.59    4.45
 -88942.349    37.860    -1.58    4.31
 -88655.747    38.209     1.22    4.22
 -88369.149    39.101     3.11    4.19
 -88082.553    39.475     1.31    4.19
 -87795.961    39.509     0.12    4.34
 -87509.373    39.711     0.70    4.40
 -87222.787    40.329     2.16    5.07
 -86936.205    41.210     3.07    5.68
 -86649.626    41.796     2.04    6.00
 -86363.050    42.839     3.64    6.08
 -86076.478    44.092     4.37    5.65
 -85789.909    45.152     3.70    4.65
 -85503.343    44.914    -0.83    4.52
 -85216.780    44.117    -2.78    4.75
 -84930.221    43.082    -3.61    5.11
 -84643.665    41.917    -4.06    4.89
 -84357.112    41.003    -3.19    4.47
 -84070.562    40.655    -1.21    4.04
 -83784.016    40.789     0.47    3.91
 -83497.473    40.996     0.72    3.97
 -83210.933    41.322     1.14    3.82
 -82924.397    42.196     3.05    3.89
 -82637.863    43.413     4.25    3.73
 -82351.333    44.207     2.77    3.48
 -82064.807    44.370     0.57    3.54
 -81778.283    44.947     2.01    3.79
 -81491.763    45.928     3.42    3.82
 -81205.246    46.649     2.52    3.83
 -80918.733    47.872     4.27    4.04
 -80632.222    48.849     3.41    4.45
 -80345.715    50.334     5.18    4.73
 -80059.211    52.365     7.09    5.22
 -79772.711    54.393     7.08    6.09
 -79486.214    56.464     7.23    6.57
 -79199.720    58.640     7.59    6.06
 -78913.229    60.465     6.37    5.31
 -78626.741    62.267     6.29    4.96
 -78340.257    63.932     5.81    4.63
 -78053.776    64.726     2.77    4.33
 -77767.298    65.251     1.83    3.86
 -77480.824    65.287     0.12    4.10
 -77194.353    63.912    -4.80    6.45
 -76907.885    62.331    -5.52    7.22
 -76621.420    61.136    -4.17    7.11
 -76334.959    60.419    -2.50    6.88
 -76048.501    60.820     1.40    7.18
 -75762.046    62.667     6.45    8.29
 -75475.594    65.832    11.05    9.05
 -75189.146    70.630    16.75    9.17
 -74902.701    74.475    13.42   10.64
 -74616.259    78.516    14.11   11.68
 -74329.820    82.954    15.49   11.81
 -74043.385    86.639    12.86   10.81
 -73756.953    89.230     9.05    9.10
 -73470.524    90.038     2.82    7.47
 -73184.099    89.762    -0.97    6.22
 -72897.677    89.287    -1.66    5.50
 -72611.258    88.220    -3.73    4.61
 -72324.842    86.774    -5.05    3.62
 -72038.429    85.492    -4.47    3.09
 -71752.020    84.527    -3.37    3.74
 -71465.614    83.679    -2.96    4.45
 -71179.212    82.563    -3.90    4.68
 -70892.812    81.606    -3.34    4.22
 -70606.416    81.530    -0.26    4.59
 -70320.023    82.955     4.97    5.72
 -70033.633    84.683     6.03    6.13
 -69747.247    86.607     6.72    6.38
 -69460.864    90.239    12.68    6.66
 -69174.484    94.202    13.84    7.12
 -68888.108    97.663    12.09    7.76
 -68601.734   101.599    13.74    8.37
 -68315.364   105.734    14.44    8.25
 -68028.997   108.852    10.89    7.19
 -67742.634   111.207     8.22    7.35
 -67456.273   114.107    10.13    8.42
 -67169.916   118.478    15.26    9.13
 -66883.563   122.443    13.85   10.19
 -66597.212   126.507    14.19    9.91
 -66310.865   130.121    12.62    8.79
 -66024.521   133.582    12.09    6.61
 -65738.180   136.003     8.45    4.95
 -65451.843   137.492     5.20    4.12
 -65165.508   137.665     0.60    4.31
 -64879.177   137.382    -0.99    4.38
 -64592.850   137.325    -0.20    4.30
 -64306.525   137.853     1.85    4.75
 -64020.204   139.098     4.35    6.13
 -63733.886   140.275     4.11    7.10
 -63447.571   142.390     7.39    8.22
 -63161.260   145.482    10.80    8.87
 -62874.952   148.592    10.86    8.98
 -62588.647   151.169     9.00    8.51
 -62302.345   153.867     9.43    7.98
 -62016.047   156.117     7.86    7.14
 -61729.752   157.775     5.79    6.72
 -61443.460   158.492     2.51    6.07
 -61157.171   158.975     1.69    5.13
 -60870.886   159.503     1.84    4.11
 -60584.604   159.639     0.48    3.72
 -60298.325   159.067    -2.00    4.33
 -60012.049   158.116    -3.32    5.04
 -59725.777   156.475    -5.73    5.79
 -59439.508   154.877    -5.58    5.83
 -59153.242   152.920    -6.83    5.73
 -58866.979   150.044   -10.05    5.86
 -58580.720   147.073   -10.38    7.53
 -58294.464   145.095    -6.91    8.00
 -58008.211   143.575    -5.31    7.83
 -57721.961   143.263    -1.09    8.25
 -57435.715   143.045    -0.76    8.79
 -57149.472   143.447     1.40    9.45
 -56863.232   145.078     5.70    9.82
 -56576.996   146.072     3.47    9.53
 -56290.762   145.667    -1.41    9.80
 -56004.532   145.165    -1.75   10.33
 -55718.305   143.790    -4.80   10.10
 -55432.082   143.244    -1.91   10.35
 -55145.862   143.024    -0.77   12.18
 -54859.645   141.373    -5.77   13.30
 -54573.431   139.892    -5.18   14.62
 -54287.220   137.933    -6.84   16.33
 -54001.013   136.096    -6.42   16.74
 -53714.809   136.095    -0.00   17.46
 -53428.608   136.294     0.69   17.76
 -53142.411   138.790     8.72   18.81
 -52856.216   143.350    15.93   19.61
 -52570.025   149.478    21.41   17.84
 -52283.838   156.073    23.04   16.50
 -51997.653   162.669    23.05   17.43
 -51711.472   168.806    21.44   17.98
 -51425.294   172.531    13.02   17.47
 -51139.119   172.982     1.57   17.02
 -50852.947   171.855    -3.94   17.66
 -50566.779   167.393   -15.59   19.74
 -50280.614   160.306   -24.77   20.81
 -49994.452   151.912   -29.33   19.93
 -49708.294   143.541   -29.25   17.91
 -49422.138   136.749   -23.74   15.91
 -49135.986   129.826   -24.20   15.53
 -48849.838   122.812   -24.51   17.16
 -48563.692   115.864   -24.28   19.47
 -48277.550   107.786   -28.23   20.68
 -47991.411    99.870   -27.67   19.81
 -47705.275    92.544   -25.60   17.64
 -47419.143    85.919   -23.16   14.78
 -47133.013    79.489   -22.47   13.59
 -46846.887    73.446   -21.12   12.85
 -46560.764    67.753   -19.90   12.28
 -46274.645    62.779   -17.38   10.58
 -45988.529    58.885   -13.61    9.00
 -45702.416    55.899   -10.44    8.30
 -45416.306    53.399    -8.74    7.69
 -45130.199    50.954    -8.55    6.91
 -44844.096    48.587    -8.27    6.67
 -44557.996    46.194    -8.36    6.78
 -44271.899    43.832    -8.26    6.70
 -43985.806    41.649    -7.63    6.35
 -43699.715    40.354    -4.52    6.65
 -43413.628    38.913    -5.04    7.34
 -43127.544    37.669    -4.35    7.45
 -42841.316    36.917    -2.63    7.38
 -42554.456    35.389    -5.33    8.10
 -42267.599    33.746    -5.73    8.49
 -41980.747    31.649    -7.31    8.77
 -41693.898    26.633   -17.49   12.04
 -41407.053    21.174   -19.03   13.65
 -41120.213    15.317   -20.42   13.64
 -40833.376    10.223   -17.76   12.71
 -40546.544     5.485   -16.52   10.25
 -40259.715     1.911   -12.46    6.09
 -39972.891    -0.011    -6.70    0.00
 -39686.070    -0.011     0.00    0.00
 -39399.253    -0.011     0.00    0.00
 -39112.441    -0.011     0.00    0.00
 -38825.632    -0.011     0.00    0.00
 -38538.828    -0.011     0.00    0.00
 -38252.027    -0.011     0.00    0.00
 -37965.231    -0.011     0.00    0.00
 -37678.438    -0.011     0.00    0.00
 -37391.649    -0.011     0.00    0.00
 -37104.865    -0.011     0.00    0.00
 -36818.084    -0.011     0.00    0.00
 -36531.308    -0.011     0.00    0.00
 -36244.535    -0.011     0.00    0.00
 -35957.767    -0.011     0.00    0.00
 -35671.002    -0.011     0.00    0.00
 -35384.242    -0.011     0.00    0.00
 -35097.485    -0.011     0.00    0.00
 -34810.732    -0.011     0.00    0.00
 -34523.984    -0.011     0.00    0.00
 -34237.239    -0.011     0.00    0.00
 -33950.499    -0.011     0.00    0.00
 -33663.762    -0.011     0.00    0.00
 -33377.030    -0.011     0.00    0.00
 -33090.301    -0.011     0.00    0.00
 -32803.577    -0.011     0.00    0.00
 -32516.856    -0.011     0.00    0.00
 -32230.139    -0.011     0.00    0.00
 -31943.427    -0.011     0.00    0.00
 -31656.718    -0.011     0.00    0.00
 -31370.014    -0.011     0.00    0.00
 -31083.313    -0.011     0.00    0.00
 -30796.616    -0.011     0.00    0.00
 -30509.924    -0.011     0.00    0.00
 -30223.235    -0.011     0.00    0.00
 -29936.551    -0.011     0.00    0.00
 -29649.870    -0.011     0.00    0.00
 -29363.193     0.149     0.56    0.97
 -29076.521     1.635     5.19    4.46
 -28789.852     4.438     9.78    7.68
 -28503.187     8.182    13.06    9.58
 -28216.527    11.593    11.90    9.77
 -27929.870    15.003    11.90    8.63
 -27643.218    18.216    11.21    6.40
 -27356.569    20.161     6.79    3.75
 -27069.924    20.653     1.72    3.55
 -26783.284    20.886     0.81    3.97
 -26496.647    21.600     2.49    4.28
 -26210.014    22.646     3.65    4.55
 -25923.385    23.715     3.73    4.31
 -25636.761    24.537     2.87    4.05
 -25350.140    25.343     2.81    3.50
 -25063.523    25.859     1.80    3.60
 -24776.911    26.108     0.87    3.92
 -24490.302    26.103    -0.02    4.16
 -24203.697    26.061    -0.15    4.42
 -23917.096    26.244     0.64    4.26
 -23630.500    26.315     0.25    4.06
 -23343.907    25.989    -1.14    4.17
 -23057.318    25.572    -1.45    4.14
 -22770.733    25.291    -0.98    3.98
 -22484.152    24.425    -3.02    4.05
 -22197.576    23.613    -2.83    3.68
 -21911.003    23.230    -1.34    3.47
 -21624.434    23.140    -0.32    3.38
 -21337.869    23.071    -0.24    3.18
 -21051.308    22.766    -1.07    3.16
 -20764.751    21.275    -5.20    5.35
 -20478.198    18.636    -9.21    8.59
 -20191.649    14.403   -14.77   10.32
 -19905.105    10.451   -13.79   10.40
 -19618.564     6.407   -14.12    9.00
 -19332.027     2.884   -12.29    6.08
 -19045.494     0.789    -7.31    2.50
 -18758.965     0.039    -2.62    0.30
 -18472.440    -0.011    -0.18    0.00
 -18185.919    -0.011     0.00    0.00
 -17899.402     0.002     0.05    0.16
 -17612.889     0.017     0.05    0.23
 -17326.380     0.046     0.10    0.31
 -17039.875     0.139     0.32    0.48
 -16753.374     0.232     0.32    0.60
 -16466.877     0.283     0.18    0.62
 -16180.383     0.297     0.05    0.62
 -15893.894     0.270    -0.10    0.58
 -15607.409     0.349     0.28    0.65
 -15320.928     0.289    -0.21    0.60
 -15034.451     0.197    -0.32    0.46
 -14747.978     0.313     0.40    0.64
 -14461.509     0.322     0.03    0.66
 -14175.043     0.338     0.06    0.69
 -13888.582     0.269    -0.24    0.60
 -13602.125     0.277     0.03    0.60
 -13315.672     0.349     0.25    0.66
 -13029.222     0.392     0.15    0.80
 -12742.777     0.492     0.35    1.05
 -12456.336     0.533     0.14    1.28
 -12169.898     0.412    -0.42    1.11
 -11883.465     0.262    -0.52    0.51
 -11597.036     0.325     0.22    0.56
 -11310.610     0.360     0.12    0.58
 -11024.189     0.413     0.19    0.61
 -10737.771     0.407    -0.02    0.61
 -10451.358     0.448     0.14    0.62
 -10164.949     0.456     0.03    0.63
  -9878.543     0.375    -0.29    0.57
  -9592.142     0.284    -0.32    0.52
  -9305.744     0.258    -0.09    0.48
  -9019.350     0.322     0.22    0.51
  -8732.961     0.458     0.48    0.57
  -8446.575     0.475     0.06    0.54
  -8160.194     0.608     0.46    0.56
  -7873.816     0.730     0.43    0.52
  -7587.442     0.857     0.44    0.51
  -7301.073     0.962     0.37    0.48
  -7014.707     1.036     0.26    0.38
  -6728.345     1.113     0.27    0.37
  -6441.988     1.197     0.30    0.61
  -6155.634     1.197     0.00    0.62
  -5869.284     1.233     0.13    0.66
  -5582.938     1.244     0.04    0.65
  -5296.596     1.258     0.05    0.72
  -5010.259     1.251    -0.02    0.78
  -4723.925     1.189    -0.22    0.71
  -4437.595     1.161    -0.10    0.62
  -4151.269     1.183     0.08    0.65
  -3864.947     1.172    -0.04    0.57
  -3578.629     1.179     0.02    0.53
  -3292.315     1.152    -0.10    0.50
  -3006.005     1.142    -0.04    0.60
  -2719.699     0.996    -0.51    0.66
  -2433.397     0.895    -0.35    0.68
  -2147.099     0.982     0.30    0.83
  -1860.804     1.064     0.29    0.94
  -1574.514     1.050    -0.05    1.07
  -1288.228     0.934    -0.40    1.11
  -1001.946     0.839    -0.33    1.09
   -715.668     0.703    -0.47    1.00
   -429.393     0.389    -1.10    0.85
   -143.123     0.127    -0.92    0.48
    143.143     0.520     1.37    1.68
    429.406     2.134     5.64    4.62
    715.664     3.741     5.61    6.01
   1001.918     5.219     5.16    6.44
   1288.169     6.773     5.43    6.63
   1574.415     8.619     6.45    6.97
   1860.658    10.309     5.90    6.79
   2146.896    10.853     1.90    6.73
   2433.131    10.892     0.14    6.77
   2719.361    11.327     1.52    6.58
   3005.588    12.715     4.85    6.05
   3291.811    13.820     3.86    5.76
   3578.029    14.448     2.19    5.56
   3864.244    14.927     1.68    5.41
   4150.455    15.385     1.60    4.54
   4436.662    15.133    -0.88    3.69
   4722.864    14.139    -3.47    4.50
   5009.063    12.629    -5.28    5.19
   5295.258    11.579    -3.67    5.62
   5581.449    11.571    -0.03    6.46
   5867.636    10.674    -3.14    6.86
   6153.819     9.102    -5.49    6.97
   6439.998     7.896    -4.22    6.72
   6726.173     7.708    -0.66    6.85
   7012.344     7.996     1.01    6.83
   7298.511     8.152     0.55    6.29
   7584.674     7.866    -1.00    6.13
   7870.833     7.590    -0.97    6.21
   8156.988     6.420    -4.09    5.38
   8443.140     6.003    -1.46    4.82
   8729.287     6.762     2.65    5.95
   9015.430     9.996    11.30    9.64
   9301.569    14.215    14.75   11.24
   9587.705    17.537    11.61   10.77
   9873.836    21.617    14.26    9.04
  10159.964    24.675    10.68    6.74
  10446.087    26.839     7.56    4.60
  10732.207    27.822     3.44    3.36
  11018.322    28.092     0.94    3.42
  11304.434    28.299     0.72    3.22
  11590.541    28.468     0.59    3.01
  11876.645    28.088    -1.33    3.46
  12162.745    27.320    -2.69    3.85
  12448.840    26.355    -3.37    3.73
  12734.932    25.127    -4.29    4.05
  13021.020    24.385    -2.59    4.35
  13307.104    24.506     0.43    4.66
  13593.184    25.080     2.01    4.89
  13879.259    25.353     0.95    4.99
  14165.331    26.024     2.35    4.80
  14451.399    26.885     3.01    4.38
  14737.463    27.199     1.10    3.71
  15023.523    26.176    -3.57    4.55
  15309.580    24.797    -4.82    5.26
  15595.632    24.560    -0.83    5.61
  15881.680    24.783     0.78    5.82
  16167.724    24.707    -0.27    5.86
  16453.764    25.331     2.18    5.85
  16739.801    27.045     5.99    5.42
  17025.833    28.278     4.31    5.00
  17311.861    28.734     1.59    4.89
  17597.886    28.939     0.72    4.50
  17883.906    28.400    -1.88    4.38
  18169.923    27.625    -2.71    5.01
  18455.935    26.912    -2.49    5.49
  18741.944    26.169    -2.60    5.63
  19028.191    25.741    -1.50    5.49
  19315.130    25.634    -0.37    5.39
  19602.065    26.485     2.97    4.76
  19888.996    27.940     5.07    3.52
  20175.921    28.440     1.74    3.15
  20462.842    28.643     0.71    3.13
  20749.758    28.411    -0.81    3.19
  21036.670    27.775    -2.22    3.60
  21323.576    26.892    -3.08    3.88
  21610.478    26.128    -2.66    3.79
  21897.376    25.632    -1.73    3.68
  22184.268    25.094    -1.87    4.00
  22471.156    24.263    -2.90    4.48
  22758.039    23.869    -1.37    4.99
  23044.917    24.080     0.73    5.17
  23331.791    24.614     1.86    5.16
  23618.660    24.710     0.34    4.69
  23905.524    24.932     0.77    4.36
  24192.383    25.173     0.84    4.02
  24479.238    25.267     0.33    3.87
  24766.088    24.051    -4.24    4.76
  25052.933    21.464    -9.02    6.30
  25339.774    18.482   -10.40    7.58
  25626.609    16.982    -5.23    7.53
  25913.440    16.475    -1.77    7.58
  26200.267    16.072    -1.41    7.29
  26487.088    15.604    -1.63    7.48
  26773.905    15.708     0.36    7.73
  27060.717    16.755     3.65    7.45
  27347.525    16.520    -0.82    7.43
  27634.327    14.989    -5.34    7.56
  27921.125    14.472    -1.80    6.51
  28207.919    14.760     1.01    5.70
  28494.707    15.173     1.44    5.24
  28781.491    16.017     2.94    5.76
  29068.270    16.955     3.27    6.33
  29355.044    18.553     5.58    6.07
  29641.814    20.842     7.98    5.42
  29928.579    22.392     5.40    5.06
  30215.339    23.075     2.38    4.60
  30502.095    23.263     0.65    4.00
  30788.845    23.044    -0.76    3.33
  31075.591    23.113     0.24    3.10
  31362.333    23.779     2.32    3.03
  31649.069    23.489    -1.01    3.28
  31935.801    23.534     0.16    3.49
  32222.528    23.948     1.44    3.84
  32509.251    24.730     2.73    4.04
  32795.968    24.910     0.63    4.44
  33082.681    24.212    -2.44    5.17
  33369.390    24.226     0.05    5.21
  33656.093    24.368     0.49    5.19
  33942.792    24.044    -1.13    5.00
  34229.486    23.269    -2.70    4.52
  34516.176    22.715    -1.93    4.05
  34802.860    23.082     1.28    3.77
  35089.540    23.583     1.75    3.19
  35376.216    23.681     0.34    3.39
  35662.886    23.891     0.73    3.96
  35949.552    24.167     0.96    4.53
  36236.213    24.560     1.37    4.80
  36522.870    24.496    -0.22    4.91
  36809.521    24.582     0.30    4.82
  37096.168    25.448     3.02    4.30
  37382.810    26.059     2.13    3.26
  37669.448    25.832    -0.79    2.91
  37956.081    25.296    -1.87    3.62
  38242.709    24.178    -3.90    4.76
  38529.332    23.129    -3.66    5.43
  38815.951    22.271    -2.99    5.85
  39102.565    21.095    -4.10    6.04
  39389.174    20.641    -1.58    6.04
  39675.779    20.324    -1.11    6.34
  39962.379    21.432     3.87    5.68
  40248.974    23.107     5.84    4.74
  40535.564    23.759     2.27    3.66
  40822.150    24.082     1.13    3.21
  41108.731    24.492     1.43    2.93
  41395.307    24.676     0.64    2.88
  41681.879    24.806     0.45    2.65
  41968.446    24.513    -1.02    3.02
  42255.008    24.060    -1.58    3.10
  42541.566    24.194     0.47    3.26
  42828.118    24.771     2.01    3.48
  43114.666    25.786     3.54    3.66
  43401.210    26.548     2.66    3.62
  43687.748    27.310     2.66    3.26
  43974.282    27.996     2.39    2.88
  44260.812    28.535     1.88    2.36
  44547.336    28.844     1.08    2.02
  44833.856    28.499    -1.20    2.66
  45120.371    28.087    -1.44    3.28
  45406.881    28.187     0.35    3.50
  45693.387    28.089    -0.34    3.42
  45979.888    27.625    -1.62    3.66
  46266.384    27.742     0.41    3.29
  46552.876    28.253     1.78    2.96
  46839.363    28.615     1.26    2.68
  47125.845    28.327    -1.00    2.64
  47412.323    27.954    -1.30    2.54
  47698.795    27.968     0.05    2.72
  47985.263    27.403    -1.98    2.90
  48271.727    26.169    -4.31    3.70
  48558.185    24.975    -4.17    4.19
  48844.639    24.153    -2.87    4.63
  49131.089    24.050    -0.36    4.77
  49417.533    24.043    -0.03    4.89
  49703.973    24.336     1.02    4.73
  49990.408    24.981     2.25    4.63
  50276.839    26.454     5.14    3.58
  50563.265    27.793     4.68    2.09
