# NaN NaN NaN ;Mean Elev.(m), Avg Gradient(m/km), RMS Gradient(m/km) - SRTM1     
#   23.606     NaN     NaN ;Mean Elev.(m), Avg Gradient(m/km), RMS Gradient(m/km) - ASTER GDEM
#    3.723   0.075   3.282 ;Mean Elev.(m), Avg Gradient(m/km), RMS Gradient(m/km) - GMTED2010 
   2     9.384 54674.23970070 40.82  65.662688  64.995710   -100  236.53  242.30  234.09
   2     9.018 54674.23970129 37.77  65.668607  64.996500   -100 -100.00 -100.00 -100.00
   2     9.038 54674.23970188 35.21  65.674527  64.997289 21.378 -100.00 -100.00 -100.00
   3    -2.869 54684.15534406 19.87  65.661663  64.997191  4.109 -100.00 -100.00 -100.00
   3    -2.292 54684.15534465 19.73  65.667583  64.997980  3.839 -100.00 -100.00 -100.00
   3    -1.793 54684.15534524 20.14  65.673503  64.998769  3.809 -100.00 -100.00 -100.00
   4     9.075 54694.07098595 35.78  65.660750  64.997665 26.411  243.97  249.50  244.06
   4     9.225 54694.07098654 30.00  65.666669  64.998455 11.456  243.97  249.50  244.06
   4     8.917 54694.07098713 30.66  65.672589  64.999244 11.001  243.97  249.50  244.06
   5    -1.767 54703.98662512 24.72  65.659035  64.996147  3.021  244.25  248.70  244.64
   5    -1.233 54703.98662571 23.22  65.664954  64.996936  3.425 -100.00 -100.00 -100.00
   5    -1.544 54703.98662630 24.06  65.670873  64.997726  2.753 -100.00 -100.00 -100.00
   5    -1.570 54703.98662689 22.66  65.676793  64.998515  3.383 -100.00 -100.00 -100.00
   6     7.865 54713.90227587 34.23  65.664267  64.994642 23.938  240.12  242.20  240.30
   6     8.876 54713.90227646 26.24  65.670186  64.995432  7.982  240.12  242.20  240.30
   6     8.928 54713.90227705 24.50  65.676105  64.996221  5.001 -100.00 -100.00 -100.00
   7     8.215 54723.81792629 30.12  65.663947  64.992825 11.364 -100.00 -100.00 -100.00
   7     8.811 54723.81792688 24.68  65.669866  64.993614  4.759 -100.00 -100.00 -100.00
   7     7.759 54723.81792747 29.49  65.675784  64.994403 10.137 -100.00 -100.00 -100.00
   7     5.786 54723.81792806 34.14  65.681703  64.995192 20.268 -100.00 -100.00 -100.00
   8     8.269 54733.73357487 27.73  65.666486  64.993127 11.751  244.44  247.36  245.35
   8     7.800 54733.73357546 29.57  65.672404  64.993916 15.272  244.44  247.36  245.35
   8     8.560 54733.73357605 25.93  65.678323  64.994705  8.582  244.44  247.36  245.35
   9     7.730 54743.64922148 37.48  65.661700  64.994277   -100  242.99  245.81  243.94
   9     8.660 54743.64922207 25.00  65.667619  64.995066  6.873  242.99  245.81  243.94
   9     8.481 54743.64922266 24.32  65.673538  64.995855  4.810  242.99  245.81  243.94
   9     7.459 54743.64922325 24.46  65.679457  64.996644  5.690  242.99  245.81  243.94
  10     7.401 54753.56486832 37.22  65.662716  64.995802 17.285 -100.00 -100.00 -100.00
  10     5.085 54753.56486891 41.15  65.668636  64.996591   -100 -100.00 -100.00 -100.00
  10     5.095 54753.56486950 43.85  65.674556  64.997380   -100 -100.00 -100.00 -100.00
  11     5.262 54763.48051459 42.31  65.665110  64.995698   -100 -100.00 -100.00 -100.00
  11     5.121 54763.48051518 36.33  65.671029  64.996487 13.036 -100.00 -100.00 -100.00
  11     5.147 54763.48051577 40.42  65.676950  64.997276 29.518 -100.00 -100.00 -100.00
  12     5.272 54773.39615790 38.93  65.665131  64.993536   -100  246.62  245.60  245.38
  12     5.398 54773.39615849 39.86  65.671050  64.994325   -100 -100.00 -100.00 -100.00
  12     5.573 54773.39615908 41.88  65.676970  64.995114   -100 -100.00 -100.00 -100.00
  12     5.165 54773.39615967 47.14  65.682891  64.995903 11.313 -100.00 -100.00 -100.00
  13     6.393 54783.31179892 36.44  65.669502  64.992378   -100  256.05  255.91  254.63
  13     6.585 54783.31179951 37.97  65.675422  64.993167   -100  256.05  255.91  254.63
  13     6.254 54783.31180010 39.02  65.681342  64.993956   -100  256.05  255.91  254.63
  14     5.578 54793.22743755 31.15  65.671263  64.992672 24.495  254.28  252.47  248.50
  14     5.732 54793.22743814 32.79  65.677183  64.993461 26.186  254.28  252.47  248.50
  14     5.526 54793.22743873 35.20  65.683103  64.994250   -100  254.28  252.47  248.50
  15     7.666 54803.14307451 25.82  65.665785  64.993666 13.831  257.37  256.08  249.37
  15     7.602 54803.14307510 25.92  65.671705  64.994455 13.233  257.37  256.08  249.37
  15     7.253 54803.14307569 25.33  65.677625  64.995244 13.327  257.37  256.08  249.37
  16     5.898 54813.05871164 24.22  65.665024  64.994930 11.624  258.07  255.63  248.40
  16     6.690 54813.05871223 23.62  65.670944  64.995720 10.894  258.07  255.63  248.40
  16     5.367 54813.05871282 24.66  65.676864  64.996509 13.346 -100.00 -100.00 -100.00
  17     7.001 54822.97435490 23.84  65.665509  64.995280 13.794 -100.00 -100.00 -100.00
  17     5.531 54822.97435549 24.14  65.671428  64.996069 15.567 -100.00 -100.00 -100.00
  17     5.543 54822.97435608 23.87  65.677348  64.996858 12.957 -100.00 -100.00 -100.00
  18     8.781 54832.88999498 18.40  65.664403  64.994646  6.241  254.13  250.57  236.51
  18     7.736 54832.88999557 19.47  65.670323  64.995435  8.000  254.13  250.57  236.51
  18     6.674 54832.88999616 21.72  65.676242  64.996224 11.395  254.13  250.57  236.51
  19     8.160 54842.80564520 18.36  65.665765  64.995158  5.351 -100.00 -100.00 -100.00
  19     8.736 54842.80564579 18.25  65.671684  64.995947  5.352 -100.00 -100.00 -100.00
  19     8.152 54842.80564638 18.46  65.677604  64.996736  5.825 -100.00 -100.00 -100.00
  20     8.355 54852.72129352 17.23  65.658223  64.995779  4.645  248.41  240.37  217.08
  20     9.067 54852.72129411 17.07  65.664142  64.996568  4.921  248.41  240.37  217.08
  20     8.880 54852.72129470 17.66  65.670062  64.997358  5.635  248.41  240.37  217.08
  20     8.452 54852.72129529 17.12  65.675982  64.998147  4.948  248.41  240.37  217.08
  21     8.961 54862.63694215 17.86  65.656348  64.997645  5.413  248.29  239.46  213.83
  21     8.793 54862.63694274 17.39  65.662268  64.998434  5.104  248.29  239.46  213.83
  21     9.339 54862.63694333 18.08  65.668189  64.999224  6.042  248.29  239.46  213.83
  21     8.612 54862.63694392 17.11  65.674109  65.000013  5.061  248.29  239.46  213.83
  22     9.048 54872.55259074 18.02  65.655423  64.998411  5.188  243.27  232.37  203.17
  22     8.264 54872.55259133 17.52  65.661343  64.999200  5.042  243.27  232.37  203.17
  22     8.732 54872.55259192 17.59  65.667263  64.999989  5.383  243.27  232.37  203.17
  22     9.460 54872.55259251 17.71  65.673185  65.000778  5.312  243.27  232.37  203.17
  23     8.312 54882.46823734 16.94  65.656243  64.997153  5.820  249.61  239.08  211.02
  23     9.296 54882.46823793 16.94  65.662163  64.997942  5.482  249.61  239.08  211.02
  23     9.012 54882.46823852 17.14  65.668084  64.998732  5.887  249.61  239.08  211.02
  23     7.347 54882.46823911 17.11  65.674005  64.999521  5.489  249.61  239.08  211.02
  24     8.537 54892.38388135 17.19  65.665606  64.995475  5.613  250.62  239.07  211.04
  24     7.736 54892.38388194 17.90  65.671527  64.996264  6.417 -100.00 -100.00 -100.00
  24     7.894 54892.38388253 17.31  65.677447  64.997053  5.852 -100.00 -100.00 -100.00
  25     8.733 54902.29952177 17.56  65.666796  64.993368  4.164 -100.00 -100.00 -100.00
  25     7.763 54902.29952236 17.56  65.672715  64.994157  4.492 -100.00 -100.00 -100.00
  25     7.468 54902.29952295 18.31  65.678636  64.994945  5.811 -100.00 -100.00 -100.00
  26     9.263 54912.21516074 17.95  65.666995  64.993543  4.817  248.91  237.14  208.40
  26     8.950 54912.21516133 18.38  65.672915  64.994332  4.661  248.91  237.14  208.40
  26     8.766 54912.21516192 18.63  65.678835  64.995121  6.358  248.91  237.14  208.40
  27     8.153 54922.13079855 16.65  65.664679  64.994928  5.023  249.28  237.63  209.21
  27     8.907 54922.13079914 16.51  65.670599  64.995717  4.625  249.28  237.63  209.21
  27     8.574 54922.13079973 16.60  65.676519  64.996506  5.242  249.28  237.63  209.21
  28     8.872 54932.04643571 16.54  65.663652  64.995834  4.647  242.35  228.40  198.24
  28     8.269 54932.04643630 16.56  65.669572  64.996624  4.588  242.35  228.40  198.24
  28     8.082 54932.04643689 16.54  65.675492  64.997413  4.814  242.35  228.40  198.24
  29    10.262 54941.96207124 13.37  65.664190  64.994708  3.014 -100.00 -100.00 -100.00
  29    10.189 54941.96207183 13.25  65.670109  64.995498  2.778 -100.00 -100.00 -100.00
  29    10.001 54941.96207242 13.09  65.676028  64.996287  3.320 -100.00 -100.00 -100.00
  30     7.117 54951.87770542 13.84  65.669699  64.992841  8.379  229.98  210.72  179.87
  30     7.386 54951.87770601 12.48  65.675618  64.993630  7.657  229.98  210.72  179.87
  30     5.972 54951.87770660 13.95  65.681537  64.994419 10.099  229.98  210.72  179.87
  31     6.900 54961.79334725 31.93  65.668958  64.991013   -100  261.24  255.85  239.05
  31     7.174 54961.79334784 32.93  65.674876  64.991803   -100  261.24  255.85  239.05
  31     6.948 54961.79334843 33.00  65.680794  64.992592   -100  261.24  255.85  239.05
  31     6.968 54961.79334902 33.31  65.686712  64.993381   -100  261.24  255.85  239.05
  32     9.318 54971.70899604 33.65  65.669866  64.992013 23.428  244.08  239.03  223.71
  32     9.330 54971.70899663 33.40  65.675784  64.992802 23.041  244.08  239.03  223.71
  32     9.338 54971.70899722 34.74  65.681703  64.993591 27.737  244.08  239.03  223.71
  33     9.972 54981.62464332 30.20  65.665401  64.993584 16.080  186.23  190.73  190.55
  33     9.941 54981.62464391 31.99  65.671319  64.994373 20.631  186.23  190.73  190.55
  33    10.144 54981.62464450 31.94  65.677238  64.995162 19.433 -100.00 -100.00 -100.00
  34    10.061 54991.54029064 30.52  65.664541  64.995469 17.339  196.00  207.43  199.59
  34    10.029 54991.54029123 32.31  65.670460  64.996258 21.585  196.00  207.43  199.59
  34    10.004 54991.54029182 35.19  65.676380  64.997047   -100  196.00  207.43  199.59
  35    10.189 55001.45593715 46.89  65.661482  64.995560   -100  216.84  227.84  215.09
  35     9.833 55001.45593774 33.63  65.667402  64.996349   -100  216.84  227.84  215.09
  35     9.867 55001.45593833 41.26  65.673321  64.997138  7.072  216.84  227.84  215.09
  36     9.984 55011.37158215 31.50  65.661836  64.995390 23.294 -100.00 -100.00 -100.00
  36     9.601 55011.37158274 32.06  65.667756  64.996180 31.184 -100.00 -100.00 -100.00
  36     9.568 55011.37158333 32.87  65.673675  64.996969   -100 -100.00 -100.00 -100.00
  37     9.785 55021.28722566 41.83  65.662396  64.995047   -100  238.19  247.77  235.18
  37     9.346 55021.28722625 36.39  65.668316  64.995836   -100  238.19  247.77  235.18
  37     9.357 55021.28722684 33.36  65.674236  64.996626   -100  238.19  247.77  235.18
  38     9.076 55031.20286796 36.43  65.660466  64.995651   -100  237.31  243.09  236.53
  38     9.041 55031.20286855 35.92  65.666385  64.996440   -100  237.31  243.09  236.53
  38     9.093 55031.20286914 28.76  65.672305  64.997229 24.368  237.31  243.09  236.53
  38     8.970 55031.20286973 33.51  65.678225  64.998018   -100  237.31  243.09  236.53
  39     8.528 55041.11850953 27.03  65.658142  64.996651 20.806 -100.00 -100.00 -100.00
  39     8.619 55041.11851012 26.91  65.664061  64.997441 20.323 -100.00 -100.00 -100.00
  39     9.423 55041.11851071 25.17  65.669981  64.998230 15.508 -100.00 -100.00 -100.00
  39     8.372 55041.11851130 27.48  65.675901  64.999019 21.757 -100.00 -100.00 -100.00
  40     7.781 55051.03414970 37.17  65.657165  64.996956  8.736  242.30  243.35  240.46
  40     8.026 55051.03415029 29.84  65.663085  64.997746 28.845  242.30  243.35  240.46
  40     8.944 55051.03415088 26.40  65.669004  64.998535 14.283  242.30  243.35  240.46
  40     7.458 55051.03415147 28.50  65.674924  64.999324 23.374 -100.00 -100.00 -100.00
  41     7.974 55060.94978793 34.66  65.659743  64.995725   -100 -100.00 -100.00 -100.00
  41     7.808 55060.94978852 30.53  65.665662  64.996515 20.852 -100.00 -100.00 -100.00
  41     9.089 55060.94978911 23.71  65.671581  64.997304  6.481 -100.00 -100.00 -100.00
  41     7.496 55060.94978970 22.58  65.677501  64.998093  5.151 -100.00 -100.00 -100.00
  42     7.648 55070.86543018 31.16  65.665759  64.993871 19.081  250.38  254.35  249.17
  42     8.604 55070.86543077 24.95  65.671678  64.994661  6.629  250.38  254.35  249.17
  42     7.586 55070.86543136 28.86  65.677597  64.995450 13.337  250.38  254.35  249.17
  43     5.780 55080.78107919 45.97  65.667088  64.992163 12.389  251.62  254.81  250.14
  43     6.578 55080.78107978 43.99  65.673006  64.992952 25.201  251.62  254.81  250.14
  43     6.635 55080.78108037 45.07  65.678925  64.993741 22.900  251.62  254.81  250.14
  43     6.101 55080.78108096 51.43  65.684844  64.994530   -100  251.62  254.81  250.14
  44     9.075 55090.69672646 23.84  65.666932  64.992390  6.939 -100.00 -100.00 -100.00
  44     8.761 55090.69672705 21.88  65.672851  64.993179  4.109 -100.00 -100.00 -100.00
  44     8.822 55090.69672764 21.61  65.678769  64.993968  3.683 -100.00 -100.00 -100.00
  44     8.614 55090.69672823 22.37  65.684689  64.994757  4.571 -100.00 -100.00 -100.00
  45     7.975 55100.61237296 25.46  65.665817  64.994203  7.744  245.27  245.51  245.37
  45     7.833 55100.61237355 25.74  65.671736  64.994992  7.742  245.27  245.51  245.37
  45     7.477 55100.61237414 27.00  65.677655  64.995781  9.846  245.27  245.51  245.37
  46     7.923 55110.52801883 26.48  65.662983  64.995650 11.169  243.17  244.71  243.97
  46     8.884 55110.52801942 27.30  65.668903  64.996439 12.407  243.17  244.71  243.97
  46     7.674 55110.52802001 22.30  65.674823  64.997228  4.162  243.17  244.71  243.97
  47     8.020 55120.44366279 36.75  65.660414  64.994936   -100  247.65  248.94  248.83
  47     7.721 55120.44366338 30.95  65.666334  64.995725 19.776  247.65  248.94  248.83
  47     7.543 55120.44366397 31.81  65.672254  64.996515 26.587  247.65  248.94  248.83
  47     7.322 55120.44366456 28.98  65.678174  64.997303 15.752  247.65  248.94  248.83
  48     8.051 55130.35930448 30.19  65.663331  64.993100 21.915 -100.00 -100.00 -100.00
  48     7.698 55130.35930507 29.82  65.669251  64.993890 20.750 -100.00 -100.00 -100.00
  48     7.586 55130.35930566 27.39  65.675170  64.994679 11.324 -100.00 -100.00 -100.00
  48     7.353 55130.35930625 30.47  65.681090  64.995468 20.929 -100.00 -100.00 -100.00
  49     4.945 55140.27494428 38.99  65.667266  64.991608 31.873  248.98  248.48  247.93
  49     5.207 55140.27494487 39.78  65.673186  64.992397 31.342  248.98  248.48  247.93
  49     5.143 55140.27494546 42.13  65.679105  64.993186   -100  248.98  248.48  247.93
  49     4.952 55140.27494605 45.29  65.685025  64.993975  2.347 -100.00 -100.00 -100.00
  50     3.748 55150.19058294 33.00  65.668113  64.991965 17.259  252.96  252.11  249.08
  50     4.038 55150.19058353 33.72  65.674032  64.992755 18.401  252.96  252.11  249.08
  50     3.950 55150.19058412 33.01  65.679952  64.993544 18.213  252.96  252.11  249.08
  50     3.879 55150.19058471 31.75  65.685872  64.994332 14.940  252.96  252.11  249.08
  51     4.327 55160.10622151 28.79  65.668499  64.994007 12.997  248.45  246.00  240.76
  51     4.077 55160.10622210 30.96  65.674418  64.994797 22.395  248.45  246.00  240.76
  51     4.161 55160.10622269 30.90  65.680338  64.995586 22.946  248.45  246.00  240.76
  52     7.963 55170.02185886 22.18  65.660879  64.994799  9.824 -100.00 -100.00 -100.00
  52     7.447 55170.02185945 21.71  65.666798  64.995589  9.463 -100.00 -100.00 -100.00
  52     6.983 55170.02186004 21.40  65.672718  64.996378  9.662 -100.00 -100.00 -100.00
  52     6.093 55170.02186064 21.95  65.678638  64.997167  9.463 -100.00 -100.00 -100.00
  53     8.066 55179.93749549 19.45  65.659597  64.994984  6.253  248.23  243.52  230.63
  53     7.807 55179.93749608 20.00  65.665516  64.995774  7.625  248.23  243.52  230.63
  53     7.345 55179.93749667 19.78  65.671436  64.996563  7.657  248.23  243.52  230.63
  53     7.023 55179.93749726 20.13  65.677356  64.997353  7.921  248.23  243.52  230.63
  54     8.148 55189.85314283 16.46  65.661125  64.994728  5.380 -100.00 -100.00 -100.00
  54     7.619 55189.85314342 16.91  65.667044  64.995517  5.692 -100.00 -100.00 -100.00
  54     7.237 55189.85314401 16.92  65.672964  64.996307  6.319 -100.00 -100.00 -100.00
  54     8.221 55189.85314460 16.24  65.678883  64.997096  5.618 -100.00 -100.00 -100.00
  55     7.977 55199.76879331 16.63  65.661444  64.995067  6.513  248.88  243.39  223.68
  55     7.220 55199.76879390 16.74  65.667364  64.995856  6.436  248.88  243.39  223.68
  55     8.120 55199.76879449 16.42  65.673283  64.996646  5.708  248.88  243.39  223.68
  55     6.797 55199.76879508 16.65  65.679203  64.997435  5.577  248.88  243.39  223.68
  56     8.134 55209.68444330 16.41  65.663690  64.996400  5.463  249.11  241.73  220.43
  56     7.258 55209.68444389 17.09  65.669610  64.997189  6.766  249.11  241.73  220.43
  56     8.958 55209.68444448 16.71  65.675530  64.997978  6.114  249.11  241.73  220.43
  57     8.274 55219.60009231 15.99  65.660569  64.997194  6.134  249.95  242.13  217.92
  57     7.299 55219.60009290 16.03  65.666489  64.997984  5.164  249.95  242.13  217.92
  57     7.193 55219.60009349 15.46  65.672409  64.998773  4.631 -100.00 -100.00 -100.00
  58     8.625 55229.51574061 15.74  65.660067  64.997070  5.282 -100.00 -100.00 -100.00
  58     8.368 55229.51574120 15.47  65.665987  64.997859  5.353 -100.00 -100.00 -100.00
  58     8.410 55229.51574179 15.23  65.671907  64.998648  5.169 -100.00 -100.00 -100.00
  59     8.919 55239.43138565 15.31  65.659634  64.995695  4.556  246.79  236.28  208.42
  59     8.353 55239.43138624 15.73  65.665554  64.996484  5.924  246.79  236.28  208.42
  59     8.854 55239.43138683 15.07  65.671474  64.997274  4.351  246.79  236.28  208.42
  59     8.682 55239.43138742 15.80  65.677395  64.998063  5.438  246.79  236.28  208.42
  60     8.025 55249.34702763 15.94  65.665184  64.994305  5.024 -100.00 -100.00 -100.00
  60     7.992 55249.34702822 15.80  65.671104  64.995094  5.090 -100.00 -100.00 -100.00
  60     8.897 55249.34702881 15.74  65.677024  64.995883  4.618 -100.00 -100.00 -100.00
  61     8.370 55259.26266678 15.42  65.665633  64.993010  4.160 -100.00 -100.00 -100.00
  61     8.673 55259.26266737 15.01  65.671553  64.993799  3.884 -100.00 -100.00 -100.00
  61     7.872 55259.26266796 15.33  65.677473  64.994588  4.133 -100.00 -100.00 -100.00
  61     7.956 55259.26266855 15.18  65.683393  64.995376  4.541 -100.00 -100.00 -100.00
  62     8.584 55269.17830548 15.62  65.668547  64.993455  4.524 -100.00 -100.00 -100.00
  62     9.011 55269.17830607 15.23  65.674467  64.994244  4.321 -100.00 -100.00 -100.00
  62     7.671 55269.17830666 16.19  65.680387  64.995033  5.346 -100.00 -100.00 -100.00
  63     8.707 55279.09394316 14.77  65.662603  64.993736  3.733  247.81  234.90  208.61
  63     8.671 55279.09394375 14.99  65.668522  64.994526  4.459  247.81  234.90  208.61
  63     8.983 55279.09394434 14.62  65.674442  64.995315  4.589  247.81  234.90  208.61
  63     8.641 55279.09394493 15.14  65.680362  64.996104  4.380  247.81  234.90  208.61
  64     7.656 55289.00958012 17.77  65.662757  64.994277  7.445  238.02  225.64  199.39
  64     7.468 55289.00958071 17.59  65.668676  64.995067  5.955  238.02  225.64  199.39
  64     7.873 55289.00958130 16.85  65.674596  64.995856  5.390  238.02  225.64  199.39
  64     6.911 55289.00958189 17.16  65.680515  64.996645  6.029 -100.00 -100.00 -100.00
  65     3.788 55298.92521461 21.69  65.663044  64.993603 11.344  232.20  217.93  194.10
  65     3.815 55298.92521520 24.15  65.668963  64.994392 17.621  232.20  217.93  194.10
  65     3.638 55298.92521579 23.62  65.674881  64.995182 17.306 -100.00 -100.00 -100.00
  65     3.775 55298.92521638 22.53  65.680801  64.995971 14.651 -100.00 -100.00 -100.00
  66     3.547 55308.84085874 21.70  65.669022  64.992930   -100  257.92  252.14  236.44
  66     3.703 55308.84085933 23.79  65.674940  64.993719   -100  257.92  252.14  236.44
  66     3.662 55308.84085992 24.16  65.680859  64.994508   -100  257.92  252.14  236.44
  67     9.228 55318.75650460 36.89  65.668080  64.991918 25.844  251.29  243.21  220.73
  67     8.874 55318.75650519 37.92  65.673998  64.992707   -100  251.29  243.21  220.73
  67     5.913 55318.75650578 35.56  65.679917  64.993496   -100  251.29  243.21  220.73
  67     5.701 55318.75650637 37.39  65.685835  64.994284   -100  251.29  243.21  220.73
  68     9.230 55328.67214979 43.46  65.669467  64.992649   -100  228.00  235.80  231.35
  68     8.956 55328.67215038 45.13  65.675385  64.993438  1.940 -100.00 -100.00 -100.00
  68     9.071 55328.67215097 46.89  65.681304  64.994227  2.690 -100.00 -100.00 -100.00
  69     9.717 55338.58779378 42.43  65.662780  64.993586   -100  215.55  218.36  217.60
  69     9.475 55338.58779437 32.56  65.668699  64.994375   -100  215.55  218.36  217.60
  69     9.335 55338.58779496 35.79  65.674618  64.995164   -100  215.55  218.36  217.60
  69     9.288 55338.58779555 34.54  65.680537  64.995953   -100  215.55  218.36  217.60
  70     9.642 55348.50343826 38.62  65.665051  64.995566   -100 -100.00 -100.00 -100.00
  70     9.301 55348.50343885 36.12  65.670970  64.996356   -100 -100.00 -100.00 -100.00
  70     9.338 55348.50343944 35.13  65.676890  64.997145   -100 -100.00 -100.00 -100.00
  71     9.554 55358.41908015 39.42  65.660375  64.995629   -100 -100.00 -100.00 -100.00
  71     9.159 55358.41908074 34.04  65.666295  64.996419   -100 -100.00 -100.00 -100.00
  71     9.167 55358.41908133 35.56  65.672214  64.997208   -100 -100.00 -100.00 -100.00
  71     9.161 55358.41908192 33.46  65.678134  64.997997   -100 -100.00 -100.00 -100.00
  72     9.077 55368.33472060 39.36  65.663049  64.995889 12.817  235.42  237.75  233.27
  72     9.042 55368.33472119 34.73  65.668969  64.996679   -100  235.42  237.75  233.27
  72     9.038 55368.33472178 31.33  65.674888  64.997468   -100  235.42  237.75  233.27
  73     9.021 55378.25035944 37.07  65.664636  64.995865   -100  239.00  240.69  235.97
  73     8.972 55378.25036003 33.62  65.670556  64.996655   -100  239.00  240.69  235.97
  73     8.955 55378.25036062 32.27  65.676476  64.997444   -100  239.00  240.69  235.97
  74     9.316 55388.16599736 45.75  65.664758  64.996018   -100  247.68  251.07  242.11
  74     9.323 55388.16599795 43.25  65.670677  64.996807   -100  247.68  251.07  242.11
  74     9.370 55388.16599854 47.19  65.676597  64.997596   -100  247.68  251.07  242.11
  75     8.818 55398.08163430 32.68  65.664672  64.996041 26.286  247.46  251.35  243.57
  75     8.847 55398.08163489 28.17  65.670591  64.996831 11.150  247.46  251.35  243.57
  75     8.766 55398.08163548 31.35  65.676511  64.997620 18.186  247.46  251.35  243.57
  76     8.840 55407.99727834 49.20  65.661028  64.994956   -100  249.13  253.39  247.95
  76     9.015 55407.99727893 51.22  65.666947  64.995746   -100  249.13  253.39  247.95
  76     8.989 55407.99727952 51.22  65.672866  64.996535   -100  249.13  253.39  247.95
  76     8.736 55407.99728011 53.72  65.678785  64.997324 12.686  249.13  253.39  247.95
  77     8.539 55417.91292962 35.85  65.665540  64.994390   -100 -100.00 -100.00 -100.00
  77     8.566 55417.91293021 28.67  65.671458  64.995179 21.180 -100.00 -100.00 -100.00
  77     8.412 55417.91293080 26.07  65.677377  64.995968 15.284 -100.00 -100.00 -100.00
  78     8.297 55427.82857712 34.73  65.666940  64.993168   -100 -100.00 -100.00 -100.00
  78     7.940 55427.82857771 32.84  65.672859  64.993957   -100 -100.00 -100.00 -100.00
  78     7.757 55427.82857830 31.63  65.678777  64.994746   -100 -100.00 -100.00 -100.00
  79     7.940 55437.74422170 37.29  65.665040  64.992511   -100  244.09  243.85  242.44
  79     8.395 55437.74422229 29.52  65.670958  64.993300 18.789  244.09  243.85  242.44
  79     8.495 55437.74422288 26.53  65.676876  64.994089 12.075  244.09  243.85  242.44
  79     8.291 55437.74422347 26.25  65.682795  64.994878 10.279  244.09  243.85  242.44
  80     8.049 55447.65986566 27.39  65.669194  64.993770 14.638  246.73  246.75  245.42
  80     7.738 55447.65986625 30.72  65.675113  64.994559 22.797  246.73  246.75  245.42
  80     8.616 55447.65986684 21.05  65.681032  64.995348  4.092  246.73  246.75  245.42
  81     7.860 55457.57550831 38.69  65.663170  64.993864  0.984  247.40  250.06  250.00
  81     7.822 55457.57550890 32.81  65.669089  64.994653 32.430  247.40  250.06  250.00
  81     8.411 55457.57550949 24.41  65.675008  64.995442  9.919  247.40  250.06  250.00
  81     7.605 55457.57551008 22.48  65.680928  64.996231  6.084  247.40  250.06  250.00
  82     7.945 55467.49115076 40.94  65.662292  64.994057  4.541  244.52  244.59  244.68
  82     7.860 55467.49115135 32.29  65.668211  64.994846 30.745  244.52  244.59  244.68
  82     8.575 55467.49115194 24.67  65.674131  64.995636 10.240 -100.00 -100.00 -100.00
  82     8.311 55467.49115253 21.22  65.680050  64.996425  4.276 -100.00 -100.00 -100.00
  83     7.897 55477.40679007 36.39  65.663449  64.993296   -100 -100.00 -100.00 -100.00
  83     8.070 55477.40679066 32.29  65.669368  64.994086 27.475 -100.00 -100.00 -100.00
  83     7.675 55477.40679125 29.21  65.675287  64.994875 17.199 -100.00 -100.00 -100.00
  83     8.369 55477.40679184 24.50  65.681207  64.995664  8.442 -100.00 -100.00 -100.00
  84     8.287 55487.32242658 29.83  65.668443  64.992651 17.790  244.04  243.26  244.13
  84     8.564 55487.32242717 27.66  65.674363  64.993441 13.590  244.04  243.26  244.13
  84     8.486 55487.32242776 26.36  65.680282  64.994230 12.031  244.04  243.26  244.13
  85     8.094 55497.23806017 34.38  65.666499  64.991590   -100 -100.00 -100.00 -100.00
  85     8.138 55497.23806076 29.83  65.672418  64.992379 19.921 -100.00 -100.00 -100.00
  85     8.053 55497.23806135 28.38  65.678337  64.993169 16.241 -100.00 -100.00 -100.00
  85     8.169 55497.23806194 27.92  65.684257  64.993958 12.090 -100.00 -100.00 -100.00
  86     8.038 55507.15369717 36.14  65.667673  64.992582 27.182  242.06  243.43  244.31
  86     6.071 55507.15369776 39.17  65.673592  64.993371 16.272  242.06  243.43  244.31
  86     4.771 55507.15369835 40.17  65.679512  64.994160 23.849  242.06  243.43  244.31
  87     5.673 55517.06934717 31.65  65.662523  64.993636 21.808  225.22  222.77  210.59
  87     5.701 55517.06934776 35.65  65.668442  64.994425 22.087  225.22  222.77  210.59
  87     5.362 55517.06934835 36.42  65.674362  64.995215   -100  225.22  222.77  210.59
  87     5.449 55517.06934894 49.85  65.680282  64.996004   -100 -100.00 -100.00 -100.00
  88     4.694 55526.98499703 32.23  65.665472  64.995430   -100  220.70  216.62  207.76
  88     4.822 55526.98499762 34.34  65.671391  64.996219   -100  220.70  216.62  207.76
  88     4.631 55526.98499821 35.68  65.677311  64.997008   -100 -100.00 -100.00 -100.00
  89     4.231 55536.90064427 31.04  65.662824  64.995669 31.150 -100.00 -100.00 -100.00
  89     4.387 55536.90064486 33.27  65.668743  64.996458   -100 -100.00 -100.00 -100.00
  89     4.177 55536.90064545 33.24  65.674663  64.997247   -100 -100.00 -100.00 -100.00
  90     4.442 55546.81628968 25.63  65.664135  64.996072 15.437 -100.00 -100.00 -100.00
  90     4.781 55546.81629027 23.04  65.670054  64.996861 10.125 -100.00 -100.00 -100.00
  90     4.589 55546.81629086 23.21  65.675974  64.997651 10.368 -100.00 -100.00 -100.00
  91     4.426 55556.73193300 23.42  65.662032  64.996309 12.300 -100.00 -100.00 -100.00
  91     6.162 55556.73193359 21.14  65.667952  64.997098  7.964 -100.00 -100.00 -100.00
  91     4.503 55556.73193418 21.10  65.673872  64.997887  8.258 -100.00 -100.00 -100.00
  92     6.756 55566.64757567 19.11  65.661951  64.996918  7.433  237.92  233.65  219.08
  92     5.365 55566.64757626 21.05  65.667871  64.997707 11.344  237.92  233.65  219.08
  92     6.283 55566.64757685 19.38  65.673791  64.998497  7.185  237.92  233.65  219.08
  93     6.918 55576.56321734 19.60  65.659132  64.996168  7.292 -100.00 -100.00 -100.00
  93     6.551 55576.56321793 20.16  65.665052  64.996957  7.868 -100.00 -100.00 -100.00
  93     6.318 55576.56321852 19.86  65.670972  64.997747  8.375 -100.00 -100.00 -100.00
  93     8.123 55576.56321912 19.00  65.676892  64.998536  6.273 -100.00 -100.00 -100.00
  94     8.225 55586.47885772 17.49  65.663096  64.994989  5.186  237.53  230.10  211.53
  94     8.060 55586.47885831 17.26  65.669016  64.995779  4.479  237.53  230.10  211.53
  94     7.943 55586.47885890 18.01  65.674936  64.996568  4.961  237.53  230.10  211.53
  95     7.514 55596.39449513 18.25  65.669666  64.993621  6.191 -100.00 -100.00 -100.00
  95     6.408 55596.39449572 18.86  65.675586  64.994411  7.661 -100.00 -100.00 -100.00
  95     7.546 55596.39449631 19.07  65.681506  64.995200  7.121 -100.00 -100.00 -100.00
  96     7.877 55606.31012877 19.84  65.668337  64.992148  6.054  237.38  227.66  205.22
  96     7.496 55606.31012936 19.86  65.674257  64.992937  6.220  237.38  227.66  205.22
  96     7.368 55606.31012995 20.49  65.680176  64.993727  7.253  237.38  227.66  205.22
  97     7.285 55616.22576056 19.54  65.668967  64.992179  5.490 -100.00 -100.00 -100.00
  97     7.059 55616.22576115 20.60  65.674886  64.992969  8.048 -100.00 -100.00 -100.00
  97     7.303 55616.22576174 19.81  65.680806  64.993758  6.958 -100.00 -100.00 -100.00
  98     7.360 55626.14140270 19.97  65.666393  64.993070  7.998  240.48  229.69  203.88
  98     6.387 55626.14140329 19.93  65.672313  64.993860  7.469  240.48  229.69  203.88
  98     7.503 55626.14140388 19.54  65.678232  64.994649  7.505 -100.00 -100.00 -100.00
  99     7.031 55636.05705433 19.02  65.663335  64.993438  6.831 -100.00 -100.00 -100.00
  99     7.683 55636.05705492 18.80  65.669254  64.994228  6.788 -100.00 -100.00 -100.00
  99     6.397 55636.05705551 19.33  65.675173  64.995017  8.235 -100.00 -100.00 -100.00
  99     7.490 55636.05705610 19.77  65.681093  64.995806  8.399 -100.00 -100.00 -100.00
 100     7.351 55645.97270444 15.98  65.666617  64.993632  6.058  243.01  231.10  203.81
 100     6.464 55645.97270503 15.70  65.672536  64.994421  5.412  243.01  231.10  203.81
 100     7.366 55645.97270563 15.55  65.678455  64.995210  5.876  243.01  231.10  203.81
 101    10.385 55655.88835153 13.05  65.667751  64.992835  3.203 -100.00 -100.00 -100.00
 101    10.171 55655.88835212 13.15  65.673670  64.993624  3.456 -100.00 -100.00 -100.00
 101     9.761 55655.88835271 13.27  65.679589  64.994413  4.046 -100.00 -100.00 -100.00
 102     7.947 55665.80399394 20.96  65.666652  64.992175 13.093  262.08  262.23  262.81
 102     7.548 55665.80399453 24.35  65.672571  64.992964 21.160  262.08  262.23  262.81
 102     7.143 55665.80399512 22.62  65.678489  64.993753 16.633  262.08  262.23  262.81
 102     6.829 55665.80399572 24.30  65.684408  64.994542 21.573  262.08  262.23  262.81
 103     9.163 55675.71963385 39.97  65.668805  64.992957 25.433  245.53  245.97  243.14
 103     6.519 55675.71963444 40.04  65.674724  64.993746   -100  245.53  245.97  243.14
 103     6.452 55675.71963503 38.45  65.680643  64.994535   -100  245.53  245.97  243.14
 104     9.552 55685.63527146 42.20  65.664618  64.993687 25.748  235.63  235.89  233.60
 104     9.533 55685.63527205 46.40  65.670537  64.994476 28.229  235.63  235.89  233.60
 104     8.834 55685.63527264 50.69  65.676456  64.995265 13.633  235.63  235.89  233.60
 104     8.723 55685.63527323 54.79  65.682375  64.996054   -100  235.63  235.89  233.60
 105     9.731 55695.55090836 37.54  65.664936  64.994764   -100  212.83  213.70  211.81
 105     9.338 55695.55090895 33.08  65.670855  64.995553   -100  212.83  213.70  211.81
 105     9.392 55695.55090954 31.73  65.676774  64.996342 27.288  212.83  213.70  211.81
 106     9.706 55705.46654373 42.54  65.663093  64.994663   -100  223.31  227.73  223.68
 106     9.343 55705.46654432 38.25  65.669012  64.995453   -100  223.31  227.73  223.68
 106     9.261 55705.46654491 33.08  65.674931  64.996242   -100  223.31  227.73  223.68
 107     9.384 55715.38219233 46.79  65.666175  64.995069  7.390 -100.00 -100.00 -100.00
 107     9.453 55715.38219292 42.00  65.672094  64.995859   -100 -100.00 -100.00 -100.00
 107     9.532 55715.38219351 41.68  65.678014  64.996648   -100 -100.00 -100.00 -100.00
 108     9.372 55725.29784101 34.49  65.663667  64.995150   -100 -100.00 -100.00 -100.00
 108     9.017 55725.29784160 34.94  65.669586  64.995940   -100 -100.00 -100.00 -100.00
 108     9.017 55725.29784219 26.86  65.675506  64.996729 17.864 -100.00 -100.00 -100.00
 109     8.976 55735.21348760 40.96  65.659033  64.995525 30.694 -100.00 -100.00 -100.00
 109     9.012 55735.21348819 31.83  65.664952  64.996315   -100 -100.00 -100.00 -100.00
 109     8.980 55735.21348878 30.58  65.670872  64.997105 32.731 -100.00 -100.00 -100.00
 109     8.905 55735.21348937 32.40  65.676792  64.997894   -100 -100.00 -100.00 -100.00
 110     8.709 55745.12913345 30.78  65.659964  64.996580   -100 -100.00 -100.00 -100.00
 110     8.649 55745.12913404 29.72  65.665883  64.997369 26.651 -100.00 -100.00 -100.00
 110     8.613 55745.12913463 28.02  65.671803  64.998159 24.748 -100.00 -100.00 -100.00
 111     8.221 55755.04477779 30.59  65.663539  64.996723 29.838 -100.00 -100.00 -100.00
 111     8.045 55755.04477838 28.22  65.669459  64.997512 17.976 -100.00 -100.00 -100.00
 111     7.818 55755.04477897 26.96  65.675379  64.998301 18.304 -100.00 -100.00 -100.00
 112     6.970 55764.96041959 38.69  65.666465  64.995029   -100 -100.00 -100.00 -100.00
 112     6.815 55764.96042018 32.48  65.672384  64.995818 12.800 -100.00 -100.00 -100.00
 112     6.983 55764.96042077 38.52  65.678303  64.996607 27.711 -100.00 -100.00 -100.00
 113     8.550 55774.87605822 28.25  65.666298  64.992480 17.936  252.41  253.38  251.42
 113     7.909 55774.87605881 30.84  65.672217  64.993269 25.956  252.41  253.38  251.42
 113     7.739 55774.87605940 24.78  65.678135  64.994058 11.073  252.41  253.38  251.42
 113     8.507 55774.87605999 21.23  65.684054  64.994847  4.856  252.41  253.38  251.42
 114     8.436 55784.79169412 30.51  65.669280  64.991560 12.437  261.50  264.39  262.23
 114     7.604 55784.79169471 30.09  65.675198  64.992349 11.732  261.50  264.39  262.23
 114     8.313 55784.79169530 29.69  65.681116  64.993138 10.223  261.50  264.39  262.23
 115     8.585 55794.70732760 26.97  65.668416  64.992322 15.329  252.50  252.92  252.37
 115     8.326 55794.70732819 26.37  65.674334  64.993112 15.754  252.50  252.92  252.37
 115     8.415 55794.70732878 23.19  65.680253  64.993901  9.279  252.50  252.92  252.37
 116     8.093 55804.62296566 27.90  65.668428  64.993940 21.076  253.95  254.45  254.49
 116     7.691 55804.62296625 30.49  65.674347  64.994729 30.792  253.95  254.45  254.49
 116     7.552 55804.62296684 24.94  65.680266  64.995518 13.202  253.95  254.45  254.49
 117     7.948 55814.53861458 33.85  65.662037  64.993944   -100  255.26  255.00  254.56
 117     7.874 55814.53861517 25.11  65.667956  64.994734 13.196  255.26  255.00  254.56
 117     7.701 55814.53861576 24.95  65.673875  64.995523 12.367  255.26  255.00  254.56
 117     8.167 55814.53861635 20.60  65.679794  64.996313  4.987  255.26  255.00  254.56
 118     7.937 55824.45426228 27.23  65.667358  64.993527 17.930  251.13  251.74  250.78
 118     7.817 55824.45426287 29.15  65.673277  64.994316 22.929  251.13  251.74  250.78
 118     7.595 55824.45426346 27.54  65.679197  64.995106 16.941  251.13  251.74  250.78
 119     7.550 55834.36990518 31.86  65.671499  64.992393 10.110 -100.00 -100.00 -100.00
 119     5.294 55834.36990577 37.08  65.677418  64.993182 25.291 -100.00 -100.00 -100.00
 119     5.147 55834.36990636 40.33  65.683338  64.993971   -100 -100.00 -100.00 -100.00
 120     8.361 55844.28554375 30.98  65.670347  64.991526 15.835  245.78  247.37  246.48
 120     7.729 55844.28554435 29.68  65.676266  64.992315 12.527  245.78  247.37  246.48
 120     7.478 55844.28554494 30.31  65.682185  64.993105 14.892  245.78  247.37  246.48
 121     8.072 55854.20117936 35.59  65.668237  64.992354 23.622  248.69  249.62  248.58
 121     7.717 55854.20117995 34.29  65.674157  64.993144 22.927  248.69  249.62  248.58
 121     4.928 55854.20118054 35.92  65.680076  64.993933 31.089  248.69  249.62  248.58
 122     8.030 55864.11681739 31.00  65.665908  64.994110 20.468  245.90  243.85  243.22
 122     4.753 55864.11681798 36.76  65.671827  64.994900   -100  245.90  243.85  243.22
 122     4.646 55864.11681857 37.04  65.677747  64.995690   -100  245.90  243.85  243.22
 123     4.359 55874.03247077 37.26  65.663407  64.995637   -100  248.93  247.21  245.72
 123     4.427 55874.03247136 38.23  65.669327  64.996426   -100  248.93  247.21  245.72
 123     4.519 55874.03247195 39.53  65.675247  64.997216   -100  248.93  247.21  245.72
 124     3.752 55883.94811864 30.00  65.660681  64.995320 14.227  252.30  250.20  247.78
 124     3.888 55883.94811923 33.58  65.666600  64.996110 26.232  252.30  250.20  247.78
 124     4.067 55883.94811982 34.01  65.672520  64.996899 27.714  252.30  250.20  247.78
 124     3.851 55883.94812041 37.62  65.678440  64.997688   -100  252.30  250.20  247.78
 125     7.403 55893.86376066 24.19  65.661565  64.994787 11.536  255.88  254.75  250.32
 125     3.878 55893.86376125 25.99  65.667484  64.995577 15.831  255.88  254.75  250.32
 125     4.039 55893.86376184 31.59  65.673403  64.996366   -100  255.88  254.75  250.32
 125     4.205 55893.86376243 31.36  65.679323  64.997155 31.471  255.88  254.75  250.32
 126     7.732 55903.77939727 25.09  65.662794  64.994381 10.686 -100.00 -100.00 -100.00
 126     3.960 55903.77939786 28.59  65.668712  64.995171 21.204 -100.00 -100.00 -100.00
 126     4.158 55903.77939845 32.47  65.674631  64.995960   -100 -100.00 -100.00 -100.00
 126     3.952 55903.77939905 32.68  65.680551  64.996749   -100 -100.00 -100.00 -100.00
 127     4.051 55913.69503626 23.31  65.665660  64.995440 10.206 -100.00 -100.00 -100.00
 127     3.907 55913.69503686 30.68  65.671579  64.996230   -100 -100.00 -100.00 -100.00
 127     4.026 55913.69503745 30.80  65.677498  64.997019   -100 -100.00 -100.00 -100.00
 128     5.723 55923.61068975 21.59  65.658700  64.995973  8.498 -100.00 -100.00 -100.00
 128     3.952 55923.61069034 22.98  65.664619  64.996762 11.002 -100.00 -100.00 -100.00
 128     4.017 55923.61069094 28.58  65.670539  64.997552 27.357 -100.00 -100.00 -100.00
 128     4.230 55923.61069153 23.62  65.676459  64.998341 12.534 -100.00 -100.00 -100.00
 129     6.847 55933.52634109 21.81  65.661087  64.996393  8.043 -100.00 -100.00 -100.00
 129     6.390 55933.52634168 22.26  65.667007  64.997183  9.701 -100.00 -100.00 -100.00
 129     4.069 55933.52634227 23.26  65.672927  64.997972 10.965 -100.00 -100.00 -100.00
 130     6.980 55943.44198767 22.37  65.662064  64.994503 12.289 -100.00 -100.00 -100.00
 130     6.583 55943.44198826 21.55  65.667983  64.995293  9.115 -100.00 -100.00 -100.00
 130     5.784 55943.44198885 21.56  65.673903  64.996082 10.863 -100.00 -100.00 -100.00
 130     4.735 55943.44198944 21.24  65.679824  64.996871  9.333 -100.00 -100.00 -100.00
 131     6.867 55953.35763061 19.94  65.670126  64.992916  8.598 -100.00 -100.00 -100.00
 131     6.748 55953.35763120 19.04  65.676046  64.993705  6.649 -100.00 -100.00 -100.00
 131     6.598 55953.35763179 18.58  65.681966  64.994494  6.370 -100.00 -100.00 -100.00
 132     7.791 55963.27326949 18.79  65.667888  64.991499  5.916  249.10  239.65  213.19
 132     7.622 55963.27327008 18.72  65.673807  64.992288  6.523  249.10  239.65  213.19
 132     6.611 55963.27327067 19.82  65.679727  64.993077  8.467  249.10  239.65  213.19
 132     5.875 55963.27327126 19.62  65.685647  64.993866  7.312  249.10  239.65  213.19
 133     7.905 55973.18890692 18.27  65.668371  64.992778  5.550 -100.00 -100.00 -100.00
 133     7.573 55973.18890751 19.05  65.674291  64.993567  6.107 -100.00 -100.00 -100.00
 133     7.357 55973.18890810 18.59  65.680211  64.994356  7.619 -100.00 -100.00 -100.00
 134     7.731 55983.10454267 17.25  65.663936  64.994182  5.216 -100.00 -100.00 -100.00
 134     7.463 55983.10454326 17.39  65.669856  64.994972  5.992 -100.00 -100.00 -100.00
 134     7.149 55983.10454385 17.54  65.675775  64.995761  5.813 -100.00 -100.00 -100.00
 134     5.879 55983.10454444 18.16  65.681695  64.996550  8.196 -100.00 -100.00 -100.00
 135     7.443 55993.02017712 17.37  65.666816  64.994848  6.720 -100.00 -100.00 -100.00
 135     6.938 55993.02017771 17.14  65.672735  64.995638  6.002 -100.00 -100.00 -100.00
 135     6.749 55993.02017830 17.45  65.678655  64.996427  7.286 -100.00 -100.00 -100.00
 136     7.418 56002.93582598 18.60  65.666549  64.993702  5.900 -100.00 -100.00 -100.00
 136     7.232 56002.93582657 17.56  65.672468  64.994492  4.726 -100.00 -100.00 -100.00
 136     6.820 56002.93582716 18.02  65.678387  64.995281  5.371 -100.00 -100.00 -100.00
 137     7.544 56012.85147517 18.55  65.666339  64.991807  5.033 -100.00 -100.00 -100.00
 137     7.523 56012.85147576 18.58  65.672258  64.992596  5.442 -100.00 -100.00 -100.00
 137     7.454 56012.85147635 18.65  65.678176  64.993385  4.847 -100.00 -100.00 -100.00
 137     7.139 56012.85147695 18.31  65.684095  64.994174  4.999 -100.00 -100.00 -100.00
 138     7.946 56022.76712156 13.98  65.670885  64.992053  6.121  238.31  220.19  185.49
 138     8.684 56022.76712215 13.01  65.676804  64.992842  4.708  238.31  220.19  185.49
 138     8.660 56022.76712274 12.13  65.682722  64.993631  3.827 -100.00 -100.00 -100.00
 139     3.669 56032.68276472 15.27  65.668042  64.993499 14.344 -100.00 -100.00 -100.00
 139     3.644 56032.68276531 18.84  65.673961  64.994288 23.899 -100.00 -100.00 -100.00
 139     3.996 56032.68276590 18.90  65.679880  64.995077 24.523 -100.00 -100.00 -100.00
 140     7.555 56042.59840533 27.76  65.659753  64.994970 26.582  245.52  232.40  203.77
 140     4.934 56042.59840592 28.89  65.665672  64.995760 28.639  245.52  232.40  203.77
 140     4.659 56042.59840651 31.26  65.671591  64.996549   -100 -100.00 -100.00 -100.00
 140     4.722 56042.59840710 32.33  65.677511  64.997338   -100 -100.00 -100.00 -100.00
 141     8.009 56052.51404396 34.05  65.657743  64.996074 32.284 -100.00 -100.00 -100.00
 141     7.762 56052.51404455 34.95  65.663662  64.996864   -100 -100.00 -100.00 -100.00
 141     7.676 56052.51404514 33.60  65.669582  64.997653   -100 -100.00 -100.00 -100.00
 141     7.959 56052.51404573 36.09  65.675502  64.998443   -100 -100.00 -100.00 -100.00
 142     9.245 56062.42967976 40.86  65.658733  64.995613 15.559 -100.00 -100.00 -100.00
 142     9.223 56062.42968035 38.06  65.664652  64.996403   -100 -100.00 -100.00 -100.00
 142     9.240 56062.42968094 31.76  65.670572  64.997193 25.912 -100.00 -100.00 -100.00
 142     9.199 56062.42968153 31.87  65.676491  64.997982 28.130 -100.00 -100.00 -100.00
 143     9.084 56072.34532065 31.68  65.665818  64.995051   -100  235.31  237.09  235.53
 143     9.095 56072.34532124 26.85  65.671737  64.995840 17.472  235.31  237.09  235.53
 143     8.970 56072.34532183 27.83  65.677657  64.996629 21.131  235.31  237.09  235.53
 144     8.457 56082.26097055 36.07  65.661867  64.994364   -100  245.15  245.08  244.01
 144     8.539 56082.26097114 28.27  65.667786  64.995154 23.599  245.15  245.08  244.01
 144     7.993 56082.26097173 30.15  65.673706  64.995943   -100 -100.00 -100.00 -100.00
 144     8.275 56082.26097232 27.89  65.679625  64.996733 27.244 -100.00 -100.00 -100.00
 145     7.932 56092.17661833 37.71  65.661556  64.995222  8.115 -100.00 -100.00 -100.00
 145     7.799 56092.17661892 32.80  65.667475  64.996012   -100 -100.00 -100.00 -100.00
 145     9.054 56092.17661951 24.72  65.673395  64.996801 14.367 -100.00 -100.00 -100.00
 145     7.610 56092.17662010 25.99  65.679315  64.997590 17.793 -100.00 -100.00 -100.00
 146     7.764 56102.09226357 39.42  65.658770  64.996018 25.893 -100.00 -100.00 -100.00
 146     8.039 56102.09226416 29.62  65.664689  64.996808 27.476 -100.00 -100.00 -100.00
 146     8.962 56102.09226475 28.49  65.670608  64.997597 25.233 -100.00 -100.00 -100.00
 146     7.605 56102.09226534 24.65  65.676528  64.998387 14.828 -100.00 -100.00 -100.00
 147     7.913 56112.00789482 35.95  65.660641  64.995930   -100 -100.00 -100.00 -100.00
 147     7.833 56112.00789541 34.38  65.666560  64.996720   -100 -100.00 -100.00 -100.00
 147     6.691 56112.00789600 38.53  65.672479  64.997509   -100 -100.00 -100.00 -100.00
 148     7.878 56121.92353442 29.06  65.666855  64.994701 23.273  255.67  257.73  254.75
 148     7.705 56121.92353501 27.42  65.672774  64.995490 20.122  255.67  257.73  254.75
 148     8.480 56121.92353560 22.50  65.678693  64.996279  8.012  255.67  257.73  254.75
 149     8.512 56131.83916958 31.39  65.666891  64.991882 24.265 -100.00 -100.00 -100.00
 149     5.027 56131.83917017 33.88  65.672809  64.992672   -100 -100.00 -100.00 -100.00
 149     7.646 56131.83917076 28.54  65.678728  64.993461 20.228 -100.00 -100.00 -100.00
 149     4.652 56131.83917135 31.39  65.684646  64.994250 29.393 -100.00 -100.00 -100.00
 150     8.374 56141.75480558 30.95  65.669118  64.990937 24.920  258.01  259.13  257.28
 150     7.894 56141.75480617 27.69  65.675035  64.991726 17.273  258.01  259.13  257.28
 150     8.508 56141.75480676 26.03  65.680953  64.992516 10.897  258.01  259.13  257.28
 150     4.568 56141.75480735 29.14  65.686872  64.993304 17.983  258.01  259.13  257.28
 151     8.290 56151.67045633 29.00  65.666312  64.992240 22.228  260.60  261.86  261.18
 151     4.059 56151.67045692 34.10  65.672230  64.993030   -100  260.60  261.86  261.18
 151     4.337 56151.67045751 37.79  65.678148  64.993819  0.011  260.60  261.86  261.18
 151     4.336 56151.67045810 37.10  65.684067  64.994608   -100 -100.00 -100.00 -100.00
 152     8.175 56161.58610572 22.38  65.666547  64.994670 10.772 -100.00 -100.00 -100.00
 152     7.831 56161.58610631 25.47  65.672466  64.995460 16.465 -100.00 -100.00 -100.00
 152     7.413 56161.58610690 24.32  65.678385  64.996249 12.809 -100.00 -100.00 -100.00
 153     7.990 56171.50175276 29.97  65.662287  64.995152   -100  259.97  260.08  259.73
 153     7.710 56171.50175335 27.70  65.668206  64.995942 26.768  259.97  260.08  259.73
 153     7.567 56171.50175394 26.01  65.674126  64.996731 20.148  259.97  260.08  259.73
 154     7.513 56181.41739613 27.60  65.667074  64.994616 23.742 -100.00 -100.00 -100.00
 154     7.624 56181.41739672 27.94  65.672994  64.995406 18.175 -100.00 -100.00 -100.00
 154     3.703 56181.41739731 36.05  65.678913  64.996195   -100 -100.00 -100.00 -100.00
 155     8.177 56191.33303497 30.03  65.665620  64.992481 30.685 -100.00 -100.00 -100.00
 155     7.743 56191.33303556 29.80  65.671539  64.993271 31.161 -100.00 -100.00 -100.00
 155     7.654 56191.33303615 24.56  65.677459  64.994060 13.891 -100.00 -100.00 -100.00
 155     7.349 56191.33303674 25.85  65.683378  64.994849 13.513 -100.00 -100.00 -100.00
 156     8.185 56201.24867162 27.86  65.669283  64.992096 20.757  249.31  248.76  249.67
 156     7.819 56201.24867221 22.36  65.675202  64.992885  9.203 -100.00 -100.00 -100.00
 156     7.376 56201.24867280 24.38  65.681122  64.993675 12.774 -100.00 -100.00 -100.00
 157     7.851 56211.16430587 25.21  65.669598  64.993370 17.524  248.91  250.60  249.78
 157     7.604 56211.16430646 30.30  65.675517  64.994160   -100 -100.00 -100.00 -100.00
 157     7.294 56211.16430705 26.19  65.681437  64.994949 17.944 -100.00 -100.00 -100.00
 158     7.976 56221.07993766 24.81  65.664007  64.994655 16.475 -100.00 -100.00 -100.00
 158     7.824 56221.07993825 25.07  65.669926  64.995444 13.670 -100.00 -100.00 -100.00
 158     7.329 56221.07993884 26.59  65.675845  64.996234 16.727 -100.00 -100.00 -100.00
 159     7.616 56230.99558940 26.58  65.659993  64.996163 13.767  253.05  251.70  251.63
 159     7.455 56230.99558999 26.34  65.665912  64.996953 14.684  253.05  251.70  251.63
 159     8.912 56230.99559058 26.98  65.671831  64.997743 17.469  253.05  251.70  251.63
 159     8.787 56230.99559118 26.35  65.677751  64.998532 16.312  253.05  251.70  251.63
 160     4.056 56240.91124244 38.47  65.661916  64.996532   -100  257.98  256.86  256.51
 160     3.998 56240.91124303 38.72  65.667835  64.997322 25.551  257.98  256.86  256.51
 160     3.884 56240.91124362 43.44  65.673755  64.998111 13.514  257.98  256.86  256.51
 161     3.778 56250.82689131 35.05  65.663277  64.995890 26.729 -100.00 -100.00 -100.00
 161     3.571 56250.82689190 34.96  65.669196  64.996680   -100 -100.00 -100.00 -100.00
 161     3.506 56250.82689249 34.02  65.675116  64.997469   -100 -100.00 -100.00 -100.00
 162     4.047 56260.74253541 22.48  65.664188  64.995118  8.087  253.43  251.17  246.77
 162     3.847 56260.74253600 29.74  65.670107  64.995908 25.514  253.43  251.17  246.77
 162     4.110 56260.74253659 29.92  65.676027  64.996697 21.633  253.43  251.17  246.77
 163     3.820 56270.65817686 22.13  65.661247  64.994895 11.498  258.27  255.44  248.04
 163     3.936 56270.65817745 28.78  65.667166  64.995684 30.465 -100.00 -100.00 -100.00
 163     4.715 56270.65817804 28.69  65.673086  64.996473 17.569 -100.00 -100.00 -100.00
 163     4.095 56270.65817863 29.76  65.679006  64.997262 32.494 -100.00 -100.00 -100.00
 164     7.601 56280.57381678 20.59  65.659956  64.995100  9.126 -100.00 -100.00 -100.00
 164     6.226 56280.57381737 20.08  65.665875  64.995890  9.243 -100.00 -100.00 -100.00
 164     4.150 56280.57381796 23.30  65.671795  64.996680 14.499 -100.00 -100.00 -100.00
 164     3.798 56280.57381856 25.36  65.677715  64.997469 21.791 -100.00 -100.00 -100.00
 165     7.557 56290.48946939 19.03  65.663432  64.995924  7.000  252.65  247.97  230.54
 165     4.963 56290.48946998 22.11  65.669352  64.996714 12.142  252.65  247.97  230.54
 165     4.024 56290.48947057 22.97  65.675272  64.997503 12.134 -100.00 -100.00 -100.00
 166     6.592 56300.40511721 22.70  65.661982  64.994435 13.944  251.03  245.10  224.02
 166     6.386 56300.40511780 21.27  65.667902  64.995224  9.149  251.03  245.10  224.02
 166     6.481 56300.40511840 20.96  65.673822  64.996014 10.523  251.03  245.10  224.02
 166     5.251 56300.40511899 21.41  65.679742  64.996803 11.529 -100.00 -100.00 -100.00
 167     7.698 56310.32076179 17.84  65.669483  64.993499  6.134  249.25  240.86  215.69
 167     7.154 56310.32076238 19.00  65.675403  64.994288  8.562  249.25  240.86  215.69
 167     6.933 56310.32076297 18.77  65.681323  64.995077  8.151 -100.00 -100.00 -100.00
 168     7.630 56320.23640344 18.85  65.670424  64.992685  7.246 -100.00 -100.00 -100.00
 168     7.549 56320.23640403 18.54  65.676344  64.993474  7.178 -100.00 -100.00 -100.00
 168     7.032 56320.23640462 18.43  65.682264  64.994263  7.232 -100.00 -100.00 -100.00
 169     7.693 56330.15204374 18.98  65.664472  64.992902  7.779  250.79  241.17  211.86
 169     7.452 56330.15204433 17.78  65.670392  64.993691  6.396  250.79  241.17  211.86
 169     6.415 56330.15204492 19.20  65.676311  64.994480  9.344  250.79  241.17  211.86
 169     6.501 56330.15204551 18.01  65.682231  64.995269  6.542  250.79  241.17  211.86
 170     7.986 56340.06768392 15.15  65.663931  64.994403  5.253  250.78  239.86  209.11
 170     7.868 56340.06768451 15.36  65.669850  64.995192  5.776 -100.00 -100.00 -100.00
 170     8.083 56340.06768510 14.40  65.675770  64.995981  5.290 -100.00 -100.00 -100.00
 171     8.285 56349.98332205 15.42  65.665602  64.995168  5.083  246.29  234.32  203.39
 171     8.177 56349.98332264 15.50  65.671521  64.995958  5.600  246.29  234.32  203.39
 171     8.146 56349.98332323 16.03  65.677441  64.996747  6.475 -100.00 -100.00 -100.00
 172     8.063 56359.89895861 15.52  65.662498  64.993514  5.197  243.60  228.21  193.88
 172     8.053 56359.89895920 14.83  65.668417  64.994304  5.339  243.60  228.21  193.88
 172     8.578 56359.89895980 14.45  65.674336  64.995093  4.468 -100.00 -100.00 -100.00
 172     8.398 56359.89896039 14.99  65.680255  64.995882  5.868 -100.00 -100.00 -100.00
 173     8.360 56369.81460912 13.84  65.667577  64.993135  4.343  243.34  226.58  194.42
 173     8.171 56369.81460971 14.46  65.673495  64.993925  5.792  243.34  226.58  194.42
 173     8.472 56369.81461030 14.45  65.679414  64.994714  5.636  243.34  226.58  194.42
 175     9.453 56389.64590135 14.82  65.663378  64.994526  3.971 -100.00 -100.00 -100.00
 175     9.587 56389.64590194 14.43  65.669297  64.995315  3.558 -100.00 -100.00 -100.00
 175     9.779 56389.64590253 14.22  65.675216  64.996104  3.747 -100.00 -100.00 -100.00
 176     9.751 56399.56154434  9.16  65.658480  64.995879  5.754  251.11  245.36  235.78
 176     9.876 56399.56154493  8.08  65.664399  64.996669  3.631  251.11  245.36  235.78
 176    10.006 56399.56154552  7.54  65.670319  64.997458  3.163  251.11  245.36  235.78
 176    10.081 56399.56154611  7.32  65.676239  64.998247  3.114  251.11  245.36  235.78
 177     3.463 56409.47718549 32.81  65.661608  64.997233   -100  263.71  263.05  263.19
 177     3.478 56409.47718608 35.20  65.667528  64.998023   -100  263.71  263.05  263.19
 177     3.453 56409.47718667 35.26  65.673448  64.998812   -100  263.71  263.05  263.19
 178     9.154 56419.39282180 35.13  65.663278  64.996750 31.639 -100.00 -100.00 -100.00
 178     9.490 56419.39282239 29.68  65.669198  64.997540 12.580 -100.00 -100.00 -100.00
 178     9.521 56419.39282298 30.33  65.675118  64.998329 15.722 -100.00 -100.00 -100.00
 179     9.995 56429.30845640 47.29  65.662148  64.995226   -100  220.05  221.41  219.91
 179     9.615 56429.30845700 37.27  65.668067  64.996016   -100  220.05  221.41  219.91
 179     9.628 56429.30845759 36.35  65.673987  64.996805   -100  220.05  221.41  219.91
 180     9.533 56439.22411010 38.85  65.664358  64.995550   -100  226.40  230.86  228.86
 180     9.244 56439.22411069 35.93  65.670277  64.996340   -100  226.40  230.86  228.86
 180     9.258 56439.22411128 31.10  65.676197  64.997129 29.571  226.40  230.86  228.86
 181     9.171 56449.13976110 38.59  65.664541  64.995937  8.003  230.05  233.54  228.29
 181     9.177 56449.13976169 32.66  65.670461  64.996726   -100  230.05  233.54  228.29
 181     9.164 56449.13976228 31.39  65.676381  64.997515   -100  230.05  233.54  228.29
 182     9.126 56459.05540955 41.71  65.661293  64.995717 24.274 -100.00 -100.00 -100.00
 182     9.091 56459.05541014 38.29  65.667213  64.996506 14.967 -100.00 -100.00 -100.00
 182     9.081 56459.05541073 32.32  65.673132  64.997295   -100 -100.00 -100.00 -100.00
 183     9.085 56468.97105523 39.80  65.664332  64.995376 20.587 -100.00 -100.00 -100.00
 183     9.054 56468.97105582 36.89  65.670251  64.996165 12.566 -100.00 -100.00 -100.00
 183     9.046 56468.97105641 29.99  65.676171  64.996954   -100 -100.00 -100.00 -100.00
 184     8.979 56478.88669675 35.08  65.665535  64.994381   -100  242.79  248.89  240.00
 184     9.033 56478.88669734 28.45  65.671454  64.995170 23.704  242.79  248.89  240.00
 184     8.964 56478.88669793 28.73  65.677373  64.995959 19.456  242.79  248.89  240.00
 185     8.869 56488.80233465 31.85  65.669649  64.993614   -100  242.33  247.38  243.24
 185     8.878 56488.80233524 27.64  65.675567  64.994403 15.929  242.33  247.38  243.24
 185     8.825 56488.80233583 26.25  65.681486  64.995192 13.594  242.33  247.38  243.24
 186     9.315 56498.71796932 46.71  65.665610  64.992670   -100 -100.00 -100.00 -100.00
 186     9.004 56498.71796991 50.04  65.671528  64.993459 21.035 -100.00 -100.00 -100.00
 186     9.170 56498.71797050 42.64  65.677447  64.994248   -100 -100.00 -100.00 -100.00
 186     9.237 56498.71797109 44.15  65.683366  64.995037   -100 -100.00 -100.00 -100.00
 187     8.752 56508.63360326 35.10  65.665855  64.992868   -100  249.83  253.29  246.75
 187     8.734 56508.63360385 31.21  65.671773  64.993658 29.031  249.83  253.29  246.75
 187     8.631 56508.63360444 27.90  65.677692  64.994447 15.773  249.83  253.29  246.75
 187     8.653 56508.63360503 25.19  65.683611  64.995236  8.572  249.83  253.29  246.75
 188     8.559 56518.54924300 30.95  65.666268  64.993629   -100  252.01  253.52  248.95
 188     8.602 56518.54924359 25.49  65.672186  64.994419 14.345  252.01  253.52  248.95
 188     8.372 56518.54924418 27.29  65.678105  64.995208 18.634  252.01  253.52  248.95
 189     8.478 56528.46489726 26.41  65.667524  64.994491 19.516 -100.00 -100.00 -100.00
 189     8.521 56528.46489785 23.99  65.673443  64.995280 11.418 -100.00 -100.00 -100.00
 189     8.507 56528.46489844 22.65  65.679362  64.996069 10.029 -100.00 -100.00 -100.00
 190     7.713 56538.38054662 36.76  65.662436  64.993751 10.840  258.57  258.30  257.88
 190     8.427 56538.38054721 24.28  65.668355  64.994541 14.821  258.57  258.30  257.88
 190     8.598 56538.38054780 20.46  65.674274  64.995330  6.140  258.57  258.30  257.88
 190     8.300 56538.38054839 21.38  65.680194  64.996119  7.301  258.57  258.30  257.88
 191     8.354 56548.29619266 29.32  65.665340  64.993766 29.973  257.92  258.46  258.21
 191     8.217 56548.29619325 26.64  65.671260  64.994555 22.289  257.92  258.46  258.21
 191     7.751 56548.29619384 27.75  65.677180  64.995344 27.080  257.92  258.46  258.21
 192     8.078 56558.21183615 26.36  65.667597  64.994601 21.854 -100.00 -100.00 -100.00
 192     8.149 56558.21183674 24.27  65.673516  64.995390 14.491 -100.00 -100.00 -100.00
 192     7.570 56558.21183733 27.07  65.679436  64.996179 19.540 -100.00 -100.00 -100.00
 193     7.844 56568.12747825 31.64  65.664865  64.995423   -100  252.59  251.69  249.66
 193     7.896 56568.12747884 22.59  65.670785  64.996212 15.898 -100.00 -100.00 -100.00
 193     7.661 56568.12747943 21.40  65.676705  64.997001 12.541 -100.00 -100.00 -100.00
 194     8.259 56578.04311880 30.28  65.659589  64.996101 18.491  246.75  244.67  241.83
 194     7.754 56578.04311939 32.79  65.665509  64.996891 23.729  246.75  244.67  241.83
 194     8.617 56578.04311998 28.92  65.671429  64.997680 14.534  246.75  244.67  241.83
 194     7.224 56578.04312057 29.35  65.677349  64.998469 18.386  246.75  244.67  241.83
 195     4.656 56587.95875620 39.96  65.660268  64.996379 32.606 -100.00 -100.00 -100.00
 195     4.899 56587.95875679 40.82  65.666187  64.997169 31.373 -100.00 -100.00 -100.00
 195     4.598 56587.95875738 43.91  65.672107  64.997959   -100 -100.00 -100.00 -100.00
 196     6.089 56597.87439831 40.03  65.661385  64.995942   -100  247.38  244.27  239.38
 196     6.696 56597.87439890 41.08  65.667304  64.996732 20.075  247.38  244.27  239.38
 196     5.791 56597.87439949 45.17  65.673223  64.997522  9.971  247.38  244.27  239.38
 197     6.063 56607.79004950 32.69  65.659766  64.995310 30.722  257.53  255.43  249.42
 197     5.975 56607.79005010 34.96  65.665685  64.996099   -100  257.53  255.43  249.42
 197     6.005 56607.79005069 36.25  65.671605  64.996889   -100  257.53  255.43  249.42
 197     6.032 56607.79005128 36.26  65.677525  64.997678   -100  257.53  255.43  249.42
 198     6.105 56617.70569604 26.64  65.660154  64.995361 13.960 -100.00 -100.00 -100.00
 198     6.074 56617.70569663 30.13  65.666073  64.996150 24.192 -100.00 -100.00 -100.00
 198     6.010 56617.70569722 33.15  65.671993  64.996940   -100 -100.00 -100.00 -100.00
 198     6.032 56617.70569781 31.37  65.677913  64.997729 30.453 -100.00 -100.00 -100.00
 199     5.480 56627.62133966 27.89  65.664697  64.995997 17.410 -100.00 -100.00 -100.00
 199     5.597 56627.62134025 32.27  65.670616  64.996786   -100 -100.00 -100.00 -100.00
 199     5.503 56627.62134084 29.89  65.676536  64.997575 24.746 -100.00 -100.00 -100.00
 200     4.983 56637.53697983 24.64  65.662935  64.995274 12.185  249.66  246.15  235.98
 200     4.919 56637.53698042 25.69  65.668855  64.996064 15.083 -100.00 -100.00 -100.00
 200     4.822 56637.53698101 26.86  65.674775  64.996853 19.714 -100.00 -100.00 -100.00
 201     7.810 56647.45262206 22.42  65.663101  64.994015 11.546 -100.00 -100.00 -100.00
 201     6.600 56647.45262265 23.24  65.669021  64.994804 13.554 -100.00 -100.00 -100.00
 201     6.424 56647.45262324 22.07  65.674941  64.995594 11.409 -100.00 -100.00 -100.00
 201     6.417 56647.45262384 21.68  65.680861  64.996383 10.085 -100.00 -100.00 -100.00
 202     7.956 56657.36827430 25.76  65.666163  64.993534 18.778  254.74  250.80  237.21
 202     4.994 56657.36827489 27.13  65.672083  64.994324 23.594 -100.00 -100.00 -100.00
 202     5.141 56657.36827548 24.62  65.678003  64.995113 16.805 -100.00 -100.00 -100.00
 203     4.856 56667.28392228 23.91  65.669709  64.993579 16.515 -100.00 -100.00 -100.00
 203     7.663 56667.28392287 21.84  65.675629  64.994368 10.858 -100.00 -100.00 -100.00
 203     4.818 56667.28392346 25.88  65.681549  64.995157 23.689 -100.00 -100.00 -100.00
 204     7.793 56677.19956709 22.68  65.666919  64.993993 16.308  251.00  243.13  222.81
 204     4.854 56677.19956768 24.94  65.672839  64.994783 22.796  251.00  243.13  222.81
 204     5.111 56677.19956827 23.35  65.678759  64.995572 15.943  251.00  243.13  222.81
 205     8.049 56687.11521040 18.71  65.661229  64.994291  8.648  247.46  238.01  214.36
 205     8.165 56687.11521099 18.22  65.667149  64.995080  7.135  247.46  238.01  214.36
 205     4.511 56687.11521158 24.88  65.673069  64.995869 23.715  247.46  238.01  214.36
 205     4.663 56687.11521217 26.79  65.678989  64.996658 31.038  247.46  238.01  214.36
 206     5.189 56697.03085258 22.29  65.665521  64.995166 16.094  247.64  237.13  209.76
 206     5.876 56697.03085317 23.30  65.671441  64.995956 15.906  247.64  237.13  209.76
 206     4.681 56697.03085376 25.56  65.677361  64.996745 25.044  247.64  237.13  209.76
 207     5.838 56706.94648972 21.65  65.666177  64.994408 13.408  245.89  232.93  203.87
 207     4.485 56706.94649032 25.21  65.672096  64.995197 24.179  245.89  232.93  203.87
 207     4.413 56706.94649091 27.90  65.678015  64.995986   -100  245.89  232.93  203.87
 208     4.110 56716.86212464 25.62  65.667535  64.993504 24.488  250.91  238.95  212.14
 208     4.281 56716.86212523 26.24  65.673453  64.994294 25.823  250.91  238.95  212.14
 208     4.211 56716.86212582 29.07  65.679372  64.995083   -100  250.91  238.95  212.14
 209     7.757 56726.77777766 18.22  65.667117  64.994172  8.251  251.44  239.14  209.76
 209     7.431 56726.77777825 18.66  65.673036  64.994961 10.325  251.44  239.14  209.76
 209     7.229 56726.77777884 19.40  65.678955  64.995750 10.132  251.44  239.14  209.76
 210     4.029 56736.69342637 30.50  65.662120  64.995223   -100  242.97  229.55  199.58
 210     4.194 56736.69342696 26.15  65.668040  64.996012 27.531  242.97  229.55  199.58
 210     4.297 56736.69342755 26.18  65.673959  64.996801 24.569  242.97  229.55  199.58
 211     9.564 56746.60907204 13.98  65.660937  64.996968  6.328  230.48  212.31  183.57
 211     8.975 56746.60907263 14.93  65.666857  64.997758  7.317  230.48  212.31  183.57
 211     9.846 56746.60907322 13.24  65.672777  64.998547  5.176  230.48  212.31  183.57
 212     9.438 56756.52471299 14.08  65.656736  64.996847  5.254 -100.00 -100.00 -100.00
 212     9.452 56756.52471358 14.22  65.662656  64.997637  6.339 -100.00 -100.00 -100.00
 212     7.927 56756.52471417 14.35  65.668575  64.998426  5.892 -100.00 -100.00 -100.00
 212     8.653 56756.52471476 14.05  65.674496  64.999215  5.951 -100.00 -100.00 -100.00
 213     4.034 56766.44034882 36.57  65.660064  64.996242   -100 -100.00 -100.00 -100.00
 213     4.040 56766.44034941 38.70  65.665983  64.997032   -100 -100.00 -100.00 -100.00
 213     4.184 56766.44035000 38.13  65.671903  64.997822   -100 -100.00 -100.00 -100.00
 214     4.781 56776.35599037 28.62  65.659559  64.995031 29.524  252.70  242.68  227.95
 214     4.768 56776.35599096 28.70  65.665478  64.995821 27.606  252.70  242.68  227.95
 214     4.716 56776.35599155 31.99  65.671398  64.996610   -100  252.70  242.68  227.95
 214     4.789 56776.35599214 31.24  65.677318  64.997399   -100  252.70  242.68  227.95
 215     8.099 56786.27164682 33.29  65.659147  64.995371 27.711  251.08  249.37  246.23
 215     8.009 56786.27164741 33.00  65.665067  64.996161 25.942  251.08  249.37  246.23
 215     9.242 56786.27164800 30.27  65.670987  64.996950 18.658  251.08  249.37  246.23
 215     7.046 56786.27164859 35.20  65.676907  64.997739   -100  251.08  249.37  246.23
 216     9.837 56796.18730008 43.44  65.662932  64.996839 11.411  208.61  216.68  214.26
 216     9.759 56796.18730067 33.69  65.668852  64.997628   -100 -100.00 -100.00 -100.00
 216     9.787 56796.18730126 33.77  65.674773  64.998417   -100 -100.00 -100.00 -100.00
 217    10.052 56806.10294771 45.60  65.656553  64.996532  6.990  204.39  208.76  203.89
 217     9.858 56806.10294830 38.38  65.662473  64.997321   -100  204.39  208.76  203.89
 217     9.840 56806.10294889 34.35  65.668393  64.998111   -100  204.39  208.76  203.89
 217     9.875 56806.10294948 38.55  65.674313  64.998899   -100  204.39  208.76  203.89
 218    10.089 56816.01858965 46.43  65.659648  64.995860  5.919  197.19  202.88  201.13
 218     9.847 56816.01859024 34.26  65.665567  64.996649   -100 -100.00 -100.00 -100.00
 218     9.873 56816.01859083 30.56  65.671487  64.997438 24.615 -100.00 -100.00 -100.00
 218     9.859 56816.01859142 34.74  65.677407  64.998227   -100 -100.00 -100.00 -100.00
 219     9.828 56825.93422828 33.83  65.665060  64.994542   -100 -100.00 -100.00 -100.00
 219     9.851 56825.93422888 32.97  65.670979  64.995331 30.824 -100.00 -100.00 -100.00
 219     9.792 56825.93422947 32.66  65.676898  64.996120 32.370 -100.00 -100.00 -100.00
 220     9.893 56835.84986337 37.96  65.670210  64.993373   -100  207.83  217.34  209.66
 220     9.891 56835.84986396 35.34  65.676128  64.994162   -100  207.83  217.34  209.66
 220     9.750 56835.84986455 36.88  65.682047  64.994951   -100  207.83  217.34  209.66
 221     9.963 56845.76549466 40.58  65.668363  64.992762   -100  209.95  216.91  211.53
 221     9.903 56845.76549525 35.41  65.674281  64.993551   -100  209.95  216.91  211.53
 221     9.898 56845.76549584 31.54  65.680200  64.994340 19.499  209.95  216.91  211.53
 222    10.027 56855.68114209 35.08  65.665616  64.993808   -100 -100.00 -100.00 -100.00
 222     9.787 56855.68114268 34.23  65.671534  64.994597 32.701 -100.00 -100.00 -100.00
 222     9.742 56855.68114327 34.23  65.677453  64.995387 30.612 -100.00 -100.00 -100.00
 223    10.031 56865.59679545 39.16  65.662756  64.995030   -100 -100.00 -100.00 -100.00
 223     9.648 56865.59679604 32.77  65.668675  64.995820 29.008 -100.00 -100.00 -100.00
 223     9.701 56865.59679663 30.85  65.674594  64.996609 21.533 -100.00 -100.00 -100.00
 224     9.546 56875.51244791 41.72  65.661349  64.995110  3.528 -100.00 -100.00 -100.00
 224     9.432 56875.51244850 37.90  65.667268  64.995899  1.932 -100.00 -100.00 -100.00
 224     9.451 56875.51244909 31.87  65.673188  64.996688 30.300 -100.00 -100.00 -100.00
 224     9.450 56875.51244968 28.82  65.679108  64.997477 16.447 -100.00 -100.00 -100.00
 225     8.923 56885.42809778 37.34  65.665816  64.995202   -100  245.66  249.80  242.04
 225     8.920 56885.42809837 31.88  65.671735  64.995991 32.283  245.66  249.80  242.04
 225     8.633 56885.42809896 28.91  65.677655  64.996780 27.698  245.66  249.80  242.04
 226     7.675 56895.34374404 38.49  65.663611  64.994275  8.219 -100.00 -100.00 -100.00
 226     8.995 56895.34374463 26.70  65.669530  64.995064 17.408 -100.00 -100.00 -100.00
 226     8.978 56895.34374522 23.53  65.675450  64.995853  9.993 -100.00 -100.00 -100.00
 226     8.531 56895.34374581 22.61  65.681370  64.996642  8.678 -100.00 -100.00 -100.00
 227     7.130 56905.25938773 39.34  65.666077  64.995245  0.298 -100.00 -100.00 -100.00
 227     8.783 56905.25938832 23.70  65.671997  64.996034  9.051 -100.00 -100.00 -100.00
 227     7.255 56905.25938891 25.63  65.677917  64.996823 13.714 -100.00 -100.00 -100.00
 228     7.801 56915.17502833 35.46  65.658829  64.996046   -100 -100.00 -100.00 -100.00
 228     8.130 56915.17502892 26.91  65.664749  64.996835 14.336 -100.00 -100.00 -100.00
 228     7.849 56915.17502951 25.33  65.670669  64.997625 11.510 -100.00 -100.00 -100.00
 228     7.688 56915.17503011 24.01  65.676589  64.998414  9.042 -100.00 -100.00 -100.00
 229     7.947 56925.09066778 31.26  65.658613  64.997565 30.045 -100.00 -100.00 -100.00
 229     8.029 56925.09066837 26.07  65.664533  64.998354 15.580 -100.00 -100.00 -100.00
 229     7.781 56925.09066896 24.48  65.670454  64.999143 11.398 -100.00 -100.00 -100.00
 230     7.767 56935.00630423 36.04  65.658874  64.997656   -100 -100.00 -100.00 -100.00
 230     7.936 56935.00630482 27.16  65.664793  64.998446 15.059 -100.00 -100.00 -100.00
 230     7.326 56935.00630541 29.12  65.670713  64.999235 19.957 -100.00 -100.00 -100.00
 231     6.548 56944.92193555 41.08  65.661912  64.996302   -100  242.88  240.21  234.17
 231     6.584 56944.92193614 39.80  65.667832  64.997092   -100  242.88  240.21  234.17
 231     6.371 56944.92193673 46.12  65.673751  64.997881   -100  242.88  240.21  234.17
 232     6.070 56954.83758537 40.07  65.662427  64.994907   -100  245.10  241.61  236.54
 232     6.377 56954.83758596 41.25  65.668345  64.995696   -100  245.10  241.61  236.54
 232     6.207 56954.83758656 42.21  65.674265  64.996486   -100  245.10  241.61  236.54
 232     6.144 56954.83758715 44.43  65.680184  64.997275 15.682  245.10  241.61  236.54
 233     5.706 56964.75323529 35.77  65.665252  64.994969   -100  252.01  249.86  244.07
 233     5.922 56964.75323589 37.23  65.671171  64.995758   -100 -100.00 -100.00 -100.00
 233     5.832 56964.75323648 38.29  65.677090  64.996547   -100 -100.00 -100.00 -100.00
 234     8.458 56974.66888033 21.24  65.663797  64.995797  6.343  241.03  236.42  226.28
 234     7.409 56974.66888092 21.27  65.669716  64.996586  6.682 -100.00 -100.00 -100.00
 234     7.173 56974.66888151 21.68  65.675636  64.997375  7.671 -100.00 -100.00 -100.00
 235     8.684 56984.58452057 18.79  65.658603  64.996020  5.238  237.96  232.58  222.40
 235     8.284 56984.58452116 19.71  65.664523  64.996810  6.232  237.96  232.58  222.40
 235     8.656 56984.58452175 20.23  65.670442  64.997599  7.636 -100.00 -100.00 -100.00
 235     8.680 56984.58452234 19.17  65.676362  64.998388  5.580 -100.00 -100.00 -100.00
 236     8.705 56994.50015651 18.97  65.662720  64.995599  6.282  237.22  231.06  218.69
 236     8.778 56994.50015710 18.80  65.668639  64.996388  5.810  237.22  231.06  218.69
 236     8.731 56994.50015769 17.97  65.674559  64.997178  6.128  237.22  231.06  218.69
 237     8.189 57004.41579621 17.97  65.665214  64.993428  5.708  247.80  243.83  230.93
 237     8.288 57004.41579680 18.05  65.671133  64.994218  5.831  247.80  243.83  230.93
 237     8.444 57004.41579739 17.74  65.677053  64.995007  5.459  247.80  243.83  230.93
 237     8.169 57004.41579798 17.20  65.682973  64.995796  5.051  247.80  243.83  230.93
 238     7.729 57014.33145205 19.03  65.666127  64.992023  6.176 -100.00 -100.00 -100.00
 238     7.838 57014.33145264 18.20  65.672046  64.992813  5.742 -100.00 -100.00 -100.00
 238     8.282 57014.33145323 17.39  65.677966  64.993602  4.750 -100.00 -100.00 -100.00
 238     7.399 57014.33145382 17.44  65.683886  64.994391  4.962 -100.00 -100.00 -100.00
 239     8.412 57024.24710299 19.08  65.665631  64.992281  6.501  240.84  233.13  214.66
 239     7.934 57024.24710358 18.68  65.671550  64.993071  5.452  240.84  233.13  214.66
 239     8.182 57024.24710417 18.64  65.677470  64.993860  5.742  240.84  233.13  214.66
 239     8.228 57024.24710476 17.97  65.683390  64.994649  4.977  240.84  233.13  214.66
 240     8.428 57034.16275163 18.57  65.665238  64.994546  6.651  243.46  236.55  216.88
 240     8.838 57034.16275222 17.87  65.671158  64.995335  4.789  243.46  236.55  216.88
 240     8.596 57034.16275281 18.27  65.677079  64.996124  5.369  243.46  236.55  216.88
 241     9.075 57044.07839755 16.08  65.662490  64.996073  5.608 -100.00 -100.00 -100.00
 241     8.717 57044.07839814 16.03  65.668410  64.996863  5.786 -100.00 -100.00 -100.00
 241     8.318 57044.07839873 15.83  65.674330  64.997652  5.839 -100.00 -100.00 -100.00
 242     9.198 57053.99404098 17.46  65.663017  64.996143  4.824 -100.00 -100.00 -100.00
 242     9.480 57053.99404157 17.58  65.668937  64.996933  4.634 -100.00 -100.00 -100.00
 242     9.273 57053.99404216 18.17  65.674857  64.997722  5.908 -100.00 -100.00 -100.00
 243     7.862 57063.90967972 17.01  65.664403  64.994503  7.098  246.54  237.31  214.51
 243     7.771 57063.90968031 16.62  65.670322  64.995292  6.052  246.54  237.31  214.51
 243     7.309 57063.90968090 17.77  65.676241  64.996082  6.949  246.54  237.31  214.51
 244     8.746 57073.82531333 14.39  65.663732  64.993028  4.506  247.88  238.95  216.04
 244     8.348 57073.82531392 14.23  65.669651  64.993817  4.465  247.88  238.95  216.04
 244     7.588 57073.82531451 15.07  65.675570  64.994606  6.042  247.88  238.95  216.04
 244     8.433 57073.82531510 14.05  65.681489  64.995395  4.976  247.88  238.95  216.04
 245     8.363 57083.74094395 14.15  65.667508  64.993801  4.348 -100.00 -100.00 -100.00
 245     7.558 57083.74094455 15.26  65.673427  64.994591  5.958 -100.00 -100.00 -100.00
 245     7.079 57083.74094514 15.30  65.679346  64.995380  6.495 -100.00 -100.00 -100.00
 246     9.053 57093.65659391 14.00  65.660502  64.995570  4.926  248.83  238.00  214.10
 246     8.817 57093.65659450 14.26  65.666421  64.996360  5.024  248.83  238.00  214.10
 246     8.945 57093.65659509 14.70  65.672341  64.997149  5.199  248.83  238.00  214.10
 246     8.852 57093.65659568 14.64  65.678260  64.997938  6.083  248.83  238.00  214.10
 247    10.213 57103.57225090 12.02  65.659878  64.998037  4.098  237.99  225.81  201.14
 247    10.133 57103.57225149 11.78  65.665798  64.998827  4.047  237.99  225.81  201.14
 247    10.045 57103.57225208 12.31  65.671718  64.999616  5.132  237.99  225.81  201.14
 248    10.302 57113.48790341 11.62  65.655344  64.997811  3.981 -100.00 -100.00 -100.00
 248    10.241 57113.48790400 11.46  65.661263  64.998600  3.683 -100.00 -100.00 -100.00
 248    10.096 57113.48790459 11.47  65.667184  64.999390  3.592 -100.00 -100.00 -100.00
 248    10.225 57113.48790519 11.19  65.673104  65.000179  3.374 -100.00 -100.00 -100.00
 249     9.400 57123.40355090 11.18  65.662810  64.997031  7.961  261.59  261.10  261.01
 249     9.857 57123.40355149 10.10  65.668730  64.997820  7.164  261.59  261.10  261.01
 249     5.885 57123.40355208 12.40  65.674650  64.998609 10.479  261.59  261.10  261.01
 250     8.192 57133.31919247 11.38  65.665384  64.995424  7.180  233.47  220.76  192.10
 250     9.513 57133.31919307 10.48  65.671304  64.996213  6.501  233.47  220.76  192.10
 250     7.333 57133.31919366 11.07  65.677224  64.997002  7.203  233.47  220.76  192.10
 251     5.280 57143.23482929 24.32  65.666194  64.994729 25.038  257.68  258.74  259.49
 251     5.046 57143.23482988 24.05  65.672114  64.995518 27.743  257.68  258.74  259.49
 251     5.141 57143.23483047 25.87  65.678033  64.996308   -100  257.68  258.74  259.49
 252     9.150 57153.15046269 37.59  65.660352  64.994602 32.760 -100.00 -100.00 -100.00
 252     9.079 57153.15046328 40.05  65.666271  64.995392   -100 -100.00 -100.00 -100.00
 252     8.246 57153.15046387 39.66  65.672191  64.996181  1.180 -100.00 -100.00 -100.00
 252     8.234 57153.15046446 37.90  65.678110  64.996970   -100 -100.00 -100.00 -100.00
 253    10.045 57163.06609649 38.23  65.659634  64.994997   -100  194.07  197.78  194.68
 253    10.068 57163.06609708 31.60  65.665553  64.995787 19.948  194.07  197.78  194.68
 253    10.029 57163.06609767 33.69  65.671472  64.996576 27.586  194.07  197.78  194.68
 253    10.199 57163.06609826 35.66  65.677392  64.997366   -100  194.07  197.78  194.68
 254    10.030 57172.98175352 39.84  65.659797  64.995181  1.418  209.01  223.77  217.52
 254    10.060 57172.98175411 33.44  65.665716  64.995971   -100  209.01  223.77  217.52
 254    10.029 57172.98175470 34.68  65.671635  64.996760   -100  209.01  223.77  217.52
 254    10.076 57172.98175529 34.20  65.677554  64.997550 32.225  209.01  223.77  217.52
 255     9.951 57182.89740796 33.74  65.666227  64.994465 29.448 -100.00 -100.00 -100.00
 255     9.907 57182.89740855 33.01  65.672146  64.995255 27.502 -100.00 -100.00 -100.00
 255     9.844 57182.89740914 36.17  65.678065  64.996044   -100 -100.00 -100.00 -100.00
 256    10.130 57192.81305786 37.83  65.666030  64.992731 30.118  205.64  210.65  206.60
 256     9.936 57192.81305845 35.64  65.671949  64.993520 25.081 -100.00 -100.00 -100.00
 256     9.886 57192.81305904 31.77  65.677867  64.994309 12.533 -100.00 -100.00 -100.00
 256     9.835 57192.81305963 32.17  65.683786  64.995098 13.079 -100.00 -100.00 -100.00
 257     9.858 57202.72870565 37.37  65.668606  64.993098   -100 -100.00 -100.00 -100.00
 257     9.913 57202.72870624 32.31  65.674524  64.993887 27.429 -100.00 -100.00 -100.00
 257     9.839 57202.72870683 31.98  65.680443  64.994676 22.107 -100.00 -100.00 -100.00
 258     9.904 57212.64433939 36.05  65.663995  64.994272   -100  215.28  223.43  219.48
 258     9.913 57212.64433998 35.06  65.669914  64.995061   -100  215.28  223.43  219.48
 258     9.851 57212.64434057 36.81  65.675833  64.995850   -100  215.28  223.43  219.48
 259    10.090 57222.55998314 34.61  65.661813  64.995862 27.556 -100.00 -100.00 -100.00
 259    10.087 57222.55998373 32.33  65.667732  64.996652 19.632 -100.00 -100.00 -100.00
 259    10.020 57222.55998432 35.52  65.673651  64.997441 29.551 -100.00 -100.00 -100.00
 260    10.312 57232.47562558 33.48  65.662967  64.996324 23.631 -100.00 -100.00 -100.00
 260    10.226 57232.47562617 32.49  65.668887  64.997113 16.961 -100.00 -100.00 -100.00
 260    10.475 57232.47562676 35.67  65.674807  64.997902 27.245 -100.00 -100.00 -100.00
 261    10.396 57242.39126484 37.98  65.660472  64.994877   -100  206.77  218.13  211.21
 261    10.403 57242.39126543 33.87  65.666391  64.995667 23.273  206.77  218.13  211.21
 261    10.346 57242.39126603 33.80  65.672311  64.996456 22.810  206.77  218.13  211.21
 261    10.658 57242.39126662 35.80  65.678230  64.997246 25.263  206.77  218.13  211.21
 262    10.400 57252.30690223 37.32  65.665182  64.994047   -100 -100.00 -100.00 -100.00
 262    10.423 57252.30690282 34.99  65.671101  64.994836   -100 -100.00 -100.00 -100.00
 262    10.389 57252.30690341 33.79  65.677021  64.995626 26.495 -100.00 -100.00 -100.00
 263    10.453 57262.22253740 39.80  65.663960  64.993979   -100 -100.00 -100.00 -100.00
 263    10.159 57262.22253799 34.66  65.669879  64.994769   -100 -100.00 -100.00 -100.00
 263    10.177 57262.22253858 31.58  65.675798  64.995558 22.364 -100.00 -100.00 -100.00
 263    10.161 57262.22253917 32.21  65.681718  64.996347 21.280 -100.00 -100.00 -100.00
 264     9.471 57272.13817215 40.73  65.663319  64.995478   -100  224.57  229.27  223.21
 264     9.366 57272.13817274 37.14  65.669238  64.996268 30.632  224.57  229.27  223.21
 264     9.640 57272.13817333 39.13  65.675158  64.997057   -100  224.57  229.27  223.21
 265     7.955 57282.05382900 47.23  65.656181  64.996967 32.189  230.23  231.67  230.61
 265     7.961 57282.05382959 50.67  65.662101  64.997757 10.836 -100.00 -100.00 -100.00
 265     8.067 57282.05383018 39.82  65.668020  64.998546   -100 -100.00 -100.00 -100.00
 265     7.844 57282.05383077 48.09  65.673940  64.999336   -100 -100.00 -100.00 -100.00
 266     7.837 57291.96948396 35.02  65.656280  64.997530   -100  239.23  243.97  241.86
 266     9.454 57291.96948455 28.70  65.662200  64.998320 14.884  239.23  243.97  241.86
 266     9.438 57291.96948514 25.50  65.668119  64.999109  9.017  239.23  243.97  241.86
 266     7.575 57291.96948573 27.25  65.674040  64.999898 12.619  239.23  243.97  241.86
 267     7.902 57301.88513576 33.41  65.658350  64.996377   -100  238.42  238.19  237.70
 267     7.717 57301.88513635 31.89  65.664269  64.997167 31.071  238.42  238.19  237.70
 267     9.047 57301.88513694 27.88  65.670189  64.997956 16.609  238.42  238.19  237.70
 267     9.227 57301.88513753 23.10  65.676109  64.998746  8.678 -100.00 -100.00 -100.00
 268     7.735 57311.80078406 25.84  65.663365  64.995017 14.438  242.54  241.09  240.22
 268     7.652 57311.80078465 25.77  65.669284  64.995806 16.672 -100.00 -100.00 -100.00
 268     6.107 57311.80078524 30.60  65.675204  64.996595 32.405 -100.00 -100.00 -100.00
 269     7.441 57321.71642893 27.99  65.665867  64.994617 19.228  243.07  239.96  234.34
 269     6.706 57321.71642952 29.70  65.671786  64.995406 25.897  243.07  239.96  234.34
 269     6.627 57321.71643011 29.51  65.677706  64.996195 26.437  243.07  239.96  234.34
 270     8.310 57331.63207119 38.32  65.663934  64.995229 28.602 -100.00 -100.00 -100.00
 270     8.440 57331.63207178 40.23  65.669853  64.996019 26.152 -100.00 -100.00 -100.00
 270     7.729 57331.63207237 44.62  65.675773  64.996808 14.344 -100.00 -100.00 -100.00
 271     7.876 57341.54771116 28.59  65.659446  64.995833 15.403  242.12  239.05  231.20
 271     8.035 57341.54771175 34.48  65.665365  64.996623   -100  242.12  239.05  231.20
 271     7.800 57341.54771234 32.04  65.671285  64.997412 26.412  242.12  239.05  231.20
 271     8.121 57341.54771293 36.69  65.677205  64.998201   -100  242.12  239.05  231.20
 272     7.432 57351.46336242 24.75  65.658362  64.995811 10.762  247.80  244.97  235.09
 272     7.100 57351.46336301 27.40  65.664282  64.996600 16.084  247.80  244.97  235.09
 272     6.892 57351.46336360 27.88  65.670202  64.997390 18.478  247.80  244.97  235.09
 272     7.045 57351.46336419 27.04  65.676123  64.998179 14.633  247.80  244.97  235.09
 273     6.674 57361.37900768 26.18  65.665029  64.994914 15.556 -100.00 -100.00 -100.00
 273     6.804 57361.37900828 25.18  65.670949  64.995703 12.043 -100.00 -100.00 -100.00
 273     6.940 57361.37900887 24.73  65.676870  64.996492 11.898 -100.00 -100.00 -100.00
 274     8.029 57371.29464908 21.85  65.665476  64.992787  6.720  241.93  236.04  222.28
 274     7.453 57371.29464967 21.74  65.671396  64.993577  5.947  241.93  236.04  222.28
 274     7.627 57371.29465026 22.10  65.677316  64.994366  6.795  241.93  236.04  222.28
 274     7.364 57371.29465085 21.46  65.683236  64.995155  5.844  241.93  236.04  222.28
 275     8.089 57381.21028854 21.52  65.666180  64.992558  6.489  242.18  234.59  216.94
 275     7.380 57381.21028913 21.70  65.672099  64.993347  6.920  242.18  234.59  216.94
 275     7.253 57381.21028972 21.03  65.678019  64.994137  5.940 -100.00 -100.00 -100.00
 275     7.287 57381.21029031 20.65  65.683940  64.994925  5.898 -100.00 -100.00 -100.00
 276     7.887 57391.12592701 20.74  65.663912  64.993673  6.313 -100.00 -100.00 -100.00
 276     7.340 57391.12592760 21.53  65.669832  64.994462  7.161 -100.00 -100.00 -100.00
 276     7.023 57391.12592819 21.04  65.675752  64.995252  6.725 -100.00 -100.00 -100.00
 276     6.941 57391.12592878 19.98  65.681672  64.996041  5.167 -100.00 -100.00 -100.00
 277     7.952 57401.04156494 21.06  65.666039  64.995476  5.983 -100.00 -100.00 -100.00
 277     7.678 57401.04156554 21.02  65.671958  64.996266  5.697 -100.00 -100.00 -100.00
 277     7.218 57401.04156613 20.74  65.677878  64.997055  5.908 -100.00 -100.00 -100.00
 278     8.192 57410.95720550 19.21  65.664243  64.995556  7.525 -100.00 -100.00 -100.00
 278     7.953 57410.95720609 18.36  65.670163  64.996345  6.094 -100.00 -100.00 -100.00
 278     7.198 57410.95720668 18.63  65.676082  64.997135  6.206 -100.00 -100.00 -100.00
 279     8.267 57420.87285729 17.22  65.661703  64.994793  5.808  246.03  236.50  211.19
 279     8.012 57420.87285789 17.52  65.667622  64.995583  5.740 -100.00 -100.00 -100.00
 279     7.533 57420.87285848 17.34  65.673541  64.996372  6.390 -100.00 -100.00 -100.00
 279     7.363 57420.87285907 17.22  65.679461  64.997162  5.980 -100.00 -100.00 -100.00
 280     8.688 57430.78850725 17.56  65.666443  64.995244  4.502 -100.00 -100.00 -100.00
 280     7.589 57430.78850784 18.10  65.672362  64.996034  5.143 -100.00 -100.00 -100.00
 280     6.724 57430.78850843 20.25  65.678282  64.996823  9.400 -100.00 -100.00 -100.00
 281     8.486 57440.70415450 17.66  65.663089  64.995677  4.803 -100.00 -100.00 -100.00
 281     8.082 57440.70415509 16.87  65.669009  64.996467  4.242 -100.00 -100.00 -100.00
 281     7.582 57440.70415568 17.25  65.674928  64.997256  5.040 -100.00 -100.00 -100.00
 282     8.469 57450.61980102 17.56  65.660844  64.996984  5.602  241.61  228.62  201.10
 282     9.053 57450.61980161 17.36  65.666764  64.997774  5.742  241.61  228.62  201.10
 282     8.337 57450.61980220 16.78  65.672684  64.998563  5.256  241.61  228.62  201.10
 283     9.477 57460.53544622 19.03  65.660620  64.997969  5.608  232.30  218.04  192.69
 283     9.638 57460.53544681 19.13  65.666540  64.998758  5.750  232.30  218.04  192.69
 283     9.754 57460.53544740 19.03  65.672461  64.999547  5.525  232.30  218.04  192.69
 284     9.747 57470.45108813 16.31  65.661528  64.997591  5.014  236.91  224.04  199.48
 284     9.956 57470.45108872 15.88  65.667448  64.998381  3.665  236.91  224.04  199.48
 284     9.608 57470.45108931 16.24  65.673369  64.999170  4.467  236.91  224.04  199.48
 285    10.289 57480.36672584  9.41  65.661763  64.995833  2.450 -100.00 -100.00 -100.00
 285    10.371 57480.36672643  9.44  65.667683  64.996623  2.878 -100.00 -100.00 -100.00
 285    10.252 57480.36672702  9.45  65.673603  64.997412  2.491 -100.00 -100.00 -100.00
 286     8.709 57490.28236062 15.66  65.663375  64.994227 10.730  238.78  225.03  194.76
 286     8.486 57490.28236121 17.79  65.669295  64.995017 17.394  238.78  225.03  194.76
 286     4.710 57490.28236180 22.44  65.675214  64.995806   -100  238.78  225.03  194.76
 286     5.038 57490.28236239 18.29  65.681134  64.996595 18.017  238.78  225.03  194.76
 287     8.083 57500.19799337 24.89  65.664522  64.993373 24.587 -100.00 -100.00 -100.00
 287     7.750 57500.19799396 25.78  65.670441  64.994162 31.321 -100.00 -100.00 -100.00
 287     7.622 57500.19799455 25.43  65.676360  64.994952 28.989 -100.00 -100.00 -100.00
 287     5.382 57500.19799514 28.91  65.682280  64.995741   -100 -100.00 -100.00 -100.00
 288     8.486 57510.11363909 34.22  65.667006  64.994245 27.923 -100.00 -100.00 -100.00
 288     8.499 57510.11363968 36.00  65.672925  64.995035   -100 -100.00 -100.00 -100.00
 288     8.503 57510.11364027 30.62  65.678845  64.995824 15.473 -100.00 -100.00 -100.00
 289    10.895 57520.02929422 50.64  65.660883  64.994432   -100  196.93  199.40  199.40
 289    10.536 57520.02929481 39.85  65.666802  64.995222   -100  196.93  199.40  199.40
 289    10.520 57520.02929540 35.16  65.672722  64.996011 17.171  196.93  199.40  199.40
 289    10.568 57520.02929599 39.88  65.678641  64.996800 32.539  196.93  199.40  199.40
 290    10.118 57529.94494763 37.39  65.664823  64.995222   -100  189.49  198.31  191.35
 290    10.157 57529.94494822 34.83  65.670742  64.996011 31.010  189.49  198.31  191.35
 290    10.124 57529.94494881 35.20  65.676661  64.996800 30.202  189.49  198.31  191.35
 291    10.033 57539.86059741 37.48  65.665367  64.994417   -100  191.39  195.10  193.98
 291    10.015 57539.86059800 34.37  65.671285  64.995207 31.706  191.39  195.10  193.98
 291    10.012 57539.86059859 35.60  65.677204  64.995996   -100  191.39  195.10  193.98
 292    10.356 57549.77624432 45.06  65.664537  64.993288   -100  201.48  213.33  206.18
 292    10.036 57549.77624491 38.68  65.670456  64.994077   -100  201.48  213.33  206.18
 292    10.069 57549.77624550 32.66  65.676374  64.994866 26.318  201.48  213.33  206.18
 292    10.100 57549.77624609 34.14  65.682294  64.995655 30.434 -100.00 -100.00 -100.00
 293    10.369 57559.69189018 48.63  65.665797  64.993367   -100 -100.00 -100.00 -100.00
 293     9.991 57559.69189077 41.40  65.671715  64.994156  0.117 -100.00 -100.00 -100.00
 293    10.061 57559.69189136 51.34  65.677634  64.994945 30.309 -100.00 -100.00 -100.00
 294    10.209 57569.60753507 40.88  65.662466  64.994101   -100 -100.00 -100.00 -100.00
 294     9.897 57569.60753566 34.56  65.668385  64.994890   -100 -100.00 -100.00 -100.00
 294     9.915 57569.60753625 32.11  65.674304  64.995679 18.739 -100.00 -100.00 -100.00
 294     9.937 57569.60753685 34.26  65.680223  64.996468 26.076 -100.00 -100.00 -100.00
 295     9.778 57579.52318020 38.64  65.664773  64.995730   -100  225.98  235.59  222.81
 295     9.827 57579.52318079 34.99  65.670692  64.996519   -100  225.98  235.59  222.81
 295     9.798 57579.52318138 32.91  65.676612  64.997308 25.813  225.98  235.59  222.81
 296     9.669 57589.43882318 42.18  65.662282  64.995960   -100 -100.00 -100.00 -100.00
 296     9.639 57589.43882377 38.11  65.668201  64.996750 25.872 -100.00 -100.00 -100.00
 296     9.640 57589.43882436 37.22  65.674121  64.997539 22.421 -100.00 -100.00 -100.00
 297     9.300 57599.35446356 41.40  65.661465  64.995562  9.530  232.16  235.51  228.86
 297     9.265 57599.35446416 36.97  65.667385  64.996352   -100  232.16  235.51  228.86
 297     9.287 57599.35446475 31.06  65.673304  64.997141 23.425  232.16  235.51  228.86
