-141069.503   174.879     0.00   17.20
-140784.515   175.508     2.21   17.50
-140499.510   175.704     0.69   17.22
-140214.488   173.536    -7.60   18.49
-139929.450   169.463   -14.29   19.84
-139644.396   163.578   -20.65   19.91
-139359.325   156.347   -25.36   18.12
-139074.237   151.697   -16.31   14.96
-138789.133   147.744   -13.86   10.74
-138504.013   146.215    -5.36    7.94
-138218.876   146.705     1.72    7.68
-137933.722   148.546     6.45    7.67
-137648.552   151.008     8.64    5.93
-137363.366   151.847     2.94    4.21
-137078.163   151.271    -2.02    4.49
-136792.943   149.073    -7.70    5.86
-136507.707   146.927    -7.52    6.70
-136222.454   143.935   -10.49    8.02
-135937.185   140.658   -11.48    8.66
-135651.900   137.161   -12.26    9.07
-135366.597   133.629   -12.38    8.99
-135081.279   130.435   -11.19    8.62
-134795.943   127.117   -11.63    7.85
-134510.592   124.146   -10.41    7.13
-134225.223   121.376    -9.71    5.87
-133939.838   119.152    -7.79    3.88
-133654.437   118.000    -4.04    2.78
-133369.019   117.855    -0.51    2.62
-133083.584   117.733    -0.43    2.64
-132798.133   117.132    -2.11    2.73
-132512.665   116.386    -2.61    3.78
-132227.181   115.131    -4.40    5.32
-131941.680   113.738    -4.88    6.32
-131656.163   111.830    -6.68    6.75
-131370.629   110.447    -4.84    6.27
-131085.078   109.825    -2.18    5.74
-130799.511   110.252     1.49    6.13
-130513.927   110.990     2.59    6.94
-130228.327   112.191     4.20    7.04
-129942.710   114.015     6.39    6.43
-129657.076   115.997     6.94    5.24
-129371.426   117.487     5.21    4.33
-129085.759   118.894     4.93    4.09
-128800.075   119.732     2.93    4.82
-128514.375   120.414     2.39    4.85
-128228.659   121.112     2.44    4.62
-127942.925   121.927     2.85    4.17
-127657.175   122.814     3.10    3.73
-127371.409   123.179     1.28    3.77
-127085.626   123.439     0.91    3.99
-126799.826   123.927     1.71    4.18
-126514.009   124.105     0.63    4.54
-126228.176   124.390     1.00    4.65
-125942.326   124.847     1.60    4.59
-125656.460   125.630     2.74    4.29
-125370.577   126.164     1.87    3.83
-125084.677   126.958     2.78    3.78
-124798.761   127.228     0.94    4.17
-124512.827   127.374     0.51    5.14
-124226.878   128.601     4.29    6.95
-123940.911   130.447     6.45    8.66
-123654.928   132.894     8.56    9.48
-123368.928   135.216     8.12    9.67
-123082.912   136.738     5.32    9.27
-122796.879   138.439     5.95    8.86
-122510.829   140.202     6.17    8.17
-122224.762   140.943     2.59    6.58
-121938.679   141.458     1.80    5.53
-121652.579   141.181    -0.97    4.44
-121366.462   140.371    -2.83    4.73
-121080.329   139.446    -3.23    5.16
-120794.179   138.244    -4.20    6.02
-120508.012   136.053    -7.66    7.45
-120221.829   133.943    -7.37    8.01
-119935.628   131.814    -7.44    8.52
-119649.411   130.084    -6.04    8.14
-119363.178   128.304    -6.22    7.55
-119076.927   127.257    -3.65    6.45
-118790.660   127.683     1.49    5.94
-118504.376   127.572    -0.39    5.10
-118218.075   127.671     0.35    4.85
-117931.758   127.435    -0.83    4.91
-117645.424   127.443     0.03    5.43
-117359.073   127.097    -1.21    5.54
-117072.705   126.618    -1.68    5.17
-116786.321   126.065    -1.93    4.86
-116499.920   125.383    -2.38    4.60
-116213.502   124.669    -2.50    4.39
-115927.067   123.975    -2.42    3.66
-115640.615   123.727    -0.87    3.59
-115354.147   123.483    -0.85    3.95
-115067.662   123.725     0.85    4.01
-114781.160   124.146     1.47    4.00
-114494.641   124.878     2.56    4.45
-114208.106   126.035     4.04    5.44
-113921.554   127.366     4.64    5.98
-113634.985   128.887     5.31    6.56
-113348.399   130.694     6.31    7.01
-113061.796   132.689     6.96    7.34
-112775.177   134.911     7.75    7.45
-112488.540   136.279     4.77    7.58
-112201.887   138.443     7.55    7.91
-111915.217   141.006     8.94    6.73
-111628.531   143.341     8.15    5.49
-111341.827   144.879     5.36    6.09
-111055.107   146.005     3.93    6.21
-110768.369   146.467     1.61    6.26
-110481.615   147.364     3.13    6.24
-110194.844   148.399     3.61    5.54
-109908.056   149.217     2.85    4.04
-109621.252   148.665    -1.92    4.18
-109334.430   147.309    -4.73    5.29
-109047.592   144.815    -8.69    6.38
-108760.737   142.292    -8.79    6.83
-108473.865   138.894   -11.84    6.73
-108186.976   136.431    -8.58    6.58
-107900.070   134.435    -6.96    7.02
-107613.147   132.685    -6.10    8.00
-107326.207   131.169    -5.28    8.82
-107039.251   129.910    -4.39    9.22
-106752.278   129.741    -0.59    9.26
-106465.287   128.966    -2.70    9.29
-106178.280   127.620    -4.69    8.81
-105891.256   125.403    -7.72    8.61
-105604.215   123.263    -7.46    8.90
-105317.157   120.862    -8.36    9.74
-105030.083   118.888    -6.88   10.34
-104742.991   117.612    -4.44   10.97
-104455.882   117.685     0.25   12.05
-104168.757   118.214     1.84   12.39
-103881.614   118.609     1.38   11.83
-103594.455   118.959     1.22   10.31
-103307.279   119.508     1.91    8.01
-103020.086   119.263    -0.86    5.64
-102732.875   118.335    -3.23    4.64
-102445.648   118.300    -0.12    4.31
-102158.404   119.249     3.31    5.89
-101871.143   121.069     6.33    8.54
-101583.865   123.927     9.95   10.45
-101296.571   127.715    13.19   11.89
-101009.259   131.625    13.61   11.96
-100721.930   134.879    11.32   12.01
-100434.584   137.427     8.87   11.38
-100147.221   140.408    10.37   10.59
 -99859.842   142.015     5.59    9.53
 -99572.445   142.310     1.02    8.58
 -99285.031   142.499     0.66    7.75
 -98997.601   140.749    -6.09    8.57
 -98710.153   138.620    -7.41    9.44
 -98422.688   135.146   -12.08   10.19
 -98135.207   131.498   -12.69   10.39
 -97847.708   128.284   -11.18   10.91
 -97560.192   124.894   -11.79   11.06
 -97272.660   120.912   -13.85   10.27
 -96985.110   117.022   -13.53    9.06
 -96697.543   113.265   -13.06    8.74
 -96409.960   109.764   -12.17    8.52
 -96122.359   105.887   -13.48    8.21
 -95834.741   102.179   -12.89    7.05
 -95547.107    99.210   -10.32    6.65
 -95259.455    95.935   -11.39    6.68
 -94971.786    92.351   -12.46    7.45
 -94684.100    88.706   -12.67    7.55
 -94396.397    85.056   -12.69    7.11
 -94108.677    82.099   -10.28    6.85
 -93820.940    79.567    -8.80    6.60
 -93533.186    77.707    -6.46    6.52
 -93245.415    76.818    -3.09    6.50
 -92957.627    77.354     1.86    7.38
 -92669.822    79.617     7.86    9.30
 -92381.999    81.427     6.29    9.57
 -92094.160    82.634     4.19    9.08
 -91806.304    84.093     5.07    8.18
 -91518.430    85.565     5.11    7.34
 -91230.539    86.623     3.68    7.07
 -90942.632    84.628    -6.93    8.10
 -90654.707    82.406    -7.71    8.36
 -90366.765    81.588    -2.84    8.55
 -90078.806    79.849    -6.04    8.90
 -89790.830    77.336    -8.72    8.85
 -89502.837    74.036   -11.46    8.18
 -89214.827    70.407   -12.60    7.73
 -88926.799    67.290   -10.82    8.26
 -88638.755    63.066   -14.66    8.60
 -88350.693    59.519   -12.32    7.87
 -88062.614    56.435   -10.70    6.65
 -87774.519    53.338   -10.75    6.84
 -87486.406    50.951    -8.28    7.39
 -87198.275    47.506   -11.95    7.90
 -86910.128    45.074    -8.44    7.81
 -86621.964    42.636    -8.46    7.12
 -86333.782    41.943    -2.41    7.34
 -86045.583    41.331    -2.12    7.13
 -85757.368    40.394    -3.25    6.99
 -85469.135    39.591    -2.79    6.50
 -85180.884    39.367    -0.78    6.49
 -84892.617    40.414     3.63    6.99
 -84604.333    41.811     4.84    7.95
 -84316.031    42.935     3.90    8.96
 -84027.712    44.855     6.66    9.49
 -83739.376    46.388     5.31    8.76
 -83451.023    47.701     4.55    7.04
 -83162.652    47.919     0.76    5.84
 -82875.284    47.242    -2.35    5.42
 -82590.464    46.306    -3.29    4.99
 -82305.628    45.700    -2.13    4.65
 -82020.777    45.626    -0.26    4.63
 -81735.909    46.265     2.25    5.09
 -81451.026    46.878     2.15    4.88
 -81166.126    47.265     1.36    4.27
 -80881.211    46.873    -1.38    4.20
 -80596.279    46.410    -1.62    3.97
 -80311.332    45.363    -3.68    4.16
 -80026.369    44.204    -4.07    4.18
 -79741.390    43.548    -2.30    3.94
 -79456.394    42.716    -2.92    4.28
 -79171.383    41.730    -3.46    4.85
 -78886.356    40.515    -4.26    5.08
 -78601.313    40.100    -1.46    5.36
 -78316.254    40.015    -0.30    6.07
 -78031.179    39.950    -0.23    6.61
 -77746.088    39.580    -1.30    6.58
 -77460.980    39.331    -0.87    6.20
 -77175.857    38.325    -3.53    6.57
 -76890.718    37.709    -2.16    6.74
 -76605.563    36.229    -5.19    6.49
 -76320.392    35.193    -3.63    5.56
 -76035.205    33.853    -4.70    4.37
 -75750.002    32.718    -3.98    3.47
 -75464.783    31.991    -2.55    3.04
 -75179.548    31.856    -0.47    2.33
 -74894.297    31.991     0.47    2.47
 -74609.029    32.500     1.78    3.07
 -74323.746    32.708     0.73    4.04
 -74038.447    32.863     0.54    4.86
 -73753.132    32.989     0.44    5.53
 -73467.800    32.609    -1.33    6.11
 -73182.453    32.306    -1.06    6.45
 -72897.090    30.803    -5.27    6.86
 -72611.710    29.031    -6.21    6.79
 -72326.315    26.831    -7.71    6.47
 -72040.903    25.368    -5.13    5.86
 -71755.476    24.378    -3.47    4.92
 -71470.032    23.146    -4.32    3.49
 -71184.572    22.152    -3.48    2.93
 -70899.097    21.250    -3.16    2.77
 -70613.605    20.863    -1.36    2.95
 -70328.097    20.620    -0.85    3.13
 -70042.573    20.181    -1.54    3.17
 -69757.033    19.527    -2.29    3.06
 -69471.477    19.055    -1.65    3.14
 -69185.904    18.981    -0.26    3.44
 -68900.316    19.104     0.43    3.60
 -68614.712    19.497     1.38    3.99
 -68329.091    19.847     1.22    3.87
 -68043.454    20.427     2.03    3.33
 -67757.802    20.950     1.83    2.84
 -67472.133    20.741    -0.73    2.67
 -67186.448    20.563    -0.62    2.62
 -66900.747    20.439    -0.43    2.58
 -66615.030    20.167    -0.95    2.73
 -66329.297    20.265     0.35    2.94
 -66043.547    20.675     1.43    3.24
 -65757.782    21.454     2.73    3.35
 -65472.000    22.069     2.15    3.22
 -65186.202    22.531     1.62    2.96
 -64900.388    23.053     1.82    2.60
 -64614.558    23.257     0.72    2.30
 -64328.712    23.052    -0.72    2.26
 -64042.850    22.463    -2.06    2.64
 -63756.971    21.707    -2.64    2.74
 -63471.076    21.415    -1.02    2.64
 -63185.166    21.491     0.27    2.63
 -62899.239    21.544     0.19    2.40
 -62613.295    21.656     0.39    2.17
 -62327.336    22.007     1.23    1.91
 -62041.361    22.317     1.09    1.65
 -61755.369    22.349     0.11    1.55
 -61469.361    22.095    -0.89    1.67
 -61183.337    21.403    -2.42    2.11
 -60897.297    20.741    -2.32    2.55
 -60611.241    20.195    -1.91    2.44
 -60325.168    19.572    -2.18    2.36
 -60039.079    19.284    -1.00    2.20
 -59752.975    19.092    -0.67    2.11
 -59466.853    19.394     1.06    2.08
 -59180.716    19.873     1.67    2.22
 -58894.563    20.193     1.12    2.78
 -58608.393    20.179    -0.05    2.98
 -58322.207    20.072    -0.37    2.93
 -58036.005    20.000    -0.25    3.08
 -57749.786    20.127     0.44    3.01
 -57463.552    20.020    -0.37    3.01
 -57177.301    19.679    -1.19    2.86
 -56891.034    19.208    -1.64    2.49
 -56604.750    19.479     0.95    2.72
 -56318.451    19.824     1.21    2.92
 -56032.135    20.135     1.08    2.81
 -55745.803    20.435     1.05    2.60
 -55459.455    20.739     1.06    2.33
 -55173.090    20.765     0.09    1.97
 -54886.710    20.888     0.43    1.82
 -54600.313    21.528     2.24    2.12
 -54313.899    22.072     1.90    2.53
 -54027.470    22.950     3.07    3.63
 -53741.024    24.181     4.30    4.93
 -53454.562    26.064     6.57    5.75
 -53168.084    27.516     5.07    5.73
 -52881.589    29.209     5.91    5.04
 -52595.078    30.471     4.40    4.11
 -52308.551    31.331     3.00    3.03
 -52022.007    31.626     1.03    2.61
 -51735.448    30.927    -2.44    2.99
 -51448.872    30.346    -2.03    3.18
 -51162.279    29.535    -2.83    3.28
 -50875.671    28.439    -3.82    3.25
 -50589.046    27.447    -3.46    3.00
 -50302.404    26.232    -4.24    3.14
 -50015.747    25.306    -3.23    2.89
 -49729.073    24.927    -1.32    2.81
 -49442.383    24.759    -0.58    2.63
 -49155.676    24.935     0.61    2.87
 -48868.954    25.702     2.68    3.73
 -48582.214    27.361     5.78    5.25
 -48295.459    29.201     6.42    6.46
 -48008.687    31.330     7.42    7.24
 -47721.899    33.281     6.80    7.32
 -47435.095    35.013     6.04    6.50
 -47148.274    35.735     2.52    5.89
 -46861.437    34.885    -2.96    6.00
 -46574.583    33.037    -6.44    6.48
 -46287.713    30.330    -9.44    6.05
 -46000.827    27.692    -9.19    5.80
 -45713.924    25.903    -6.24    4.86
 -45427.005    25.407    -1.73    4.50
 -45140.070    25.484     0.27    4.65
 -44853.118    25.894     1.43    4.99
 -44566.150    26.816     3.21    4.84
 -44279.166    27.604     2.75    4.26
 -43992.165    28.225     2.16    4.01
 -43705.148    27.501    -2.52    4.10
 -43418.114    26.738    -2.66    3.40
 -43131.064    26.455    -0.99    2.83
 -42843.998    27.066     2.13    3.06
 -42556.915    27.701     2.21    3.27
 -42269.816    28.771     3.73    3.68
 -41982.700    30.292     5.30    3.52
 -41695.568    31.853     5.44    3.54
 -41408.420    33.281     4.97    3.95
 -41121.255    34.151     3.03    4.19
 -40834.074    35.171     3.55    4.37
 -40546.876    35.958     2.74    4.28
 -40259.662    36.311     1.23    3.85
 -39972.432    36.660     1.22    3.58
 -39685.185    36.701     0.14    3.58
 -39397.922    37.228     1.84    3.24
 -39110.642    37.109    -0.42    3.28
 -38823.346    36.487    -2.17    3.30
 -38536.033    35.865    -2.16    3.17
 -38248.704    34.749    -3.88    3.49
 -37961.358    33.431    -4.59    3.53
 -37673.996    32.066    -4.75    4.07
 -37386.618    30.886    -4.11    4.87
 -37099.223    29.462    -4.95    5.39
 -36811.811    28.736    -2.53    5.45
 -36524.383    29.007     0.94    5.97
 -36236.939    30.435     4.97    6.14
 -35949.478    31.319     3.08    5.95
 -35662.001    32.981     5.78    5.01
 -35374.507    34.671     5.88    3.59
 -35086.997    36.103     4.98    2.46
 -34799.470    36.736     2.20    2.14
 -34511.927    36.983     0.86    2.34
 -34224.367    36.855    -0.44    2.83
 -33936.791    36.665    -0.66    3.33
 -33649.198    35.943    -2.51    3.80
 -33361.589    35.013    -3.23    3.90
 -33073.963    34.169    -2.93    3.68
 -32786.321    34.209     0.14    4.32
 -32498.662    36.020     6.30    5.86
 -32210.987    37.636     5.62    6.44
 -31923.295    39.663     7.04    6.15
 -31635.586    41.237     5.47    5.20
 -31347.862    42.279     3.62    4.04
 -31060.120    42.771     1.71    2.69
 -30772.362    42.287    -1.68    2.58
 -30484.588    41.669    -2.15    2.37
 -30196.797    41.347    -1.12    2.16
 -29908.989    40.951    -1.38    2.21
 -29621.165    40.617    -1.16    2.15
 -29333.324    40.578    -0.14    1.99
 -29045.467    40.362    -0.75    2.10
 -28757.593    40.153    -0.72    2.32
 -28469.703    39.511    -2.23    2.42
 -28181.796    39.094    -1.45    2.35
 -27893.872    38.809    -0.99    2.23
 -27605.932    38.415    -1.37    2.02
 -27317.975    38.225    -0.66    2.08
 -27030.002    38.079    -0.51    2.15
 -26742.012    38.316     0.82    2.36
 -26454.006    38.739     1.47    2.34
 -26165.983    39.639     3.12    2.28
 -25877.943    40.307     2.32    2.22
 -25589.887    40.564     0.89    2.60
 -25301.814    40.709     0.50    3.00
 -25013.725    40.570    -0.48    3.31
 -24725.619    40.346    -0.78    3.59
 -24437.496    39.991    -1.23    3.82
 -24149.357    39.754    -0.82    3.81
 -23861.201    39.120    -2.20    3.58
 -23573.028    38.399    -2.50    3.39
 -23284.839    37.824    -2.00    3.16
 -22996.634    38.152     1.14    3.64
 -22708.411    38.157     0.02    3.79
 -22420.172    37.330    -2.87    3.64
 -22131.916    35.835    -5.19    4.02
 -21843.644    34.379    -5.05    4.49
 -21555.355    33.047    -4.62    4.55
 -21267.050    31.787    -4.37    4.49
 -20979.997    30.370    -4.94    3.95
 -20695.118    29.639    -2.57    3.48
 -20410.223    29.570    -0.24    3.33
 -20125.313    29.943     1.31    3.33
 -19840.388    30.179     0.83    3.48
 -19555.447    30.135    -0.16    3.72
 -19270.491    30.159     0.09    3.17
 -18985.519    29.975    -0.65    2.58
 -18700.532    29.411    -1.98    2.53
 -18415.530    28.411    -3.51    2.39
 -18130.512    27.677    -2.58    2.32
 -17845.478    27.060    -2.16    2.27
 -17560.429    26.503    -1.95    2.41
 -17275.365    25.596    -3.18    2.59
 -16990.285    24.522    -3.77    2.92
 -16705.190    22.927    -5.60    4.07
 -16420.079    20.342    -9.06    6.82
 -16134.952    16.522   -13.40    9.13
 -15849.811    12.658   -13.55   10.09
 -15564.653     9.212   -12.08    9.56
 -15279.481     6.014   -11.22    8.22
 -14994.292     3.694    -8.13    6.28
 -14709.089     1.816    -6.59    3.12
 -14423.870     0.973    -2.95    0.32
 -14138.635     0.935    -0.13    0.00
 -13853.385     0.935     0.00    0.00
 -13568.119     0.935     0.00    0.00
 -13282.838     0.935     0.00    0.00
 -12997.541     0.935     0.00    0.00
 -12712.229     0.935     0.00    0.00
 -12426.901     0.935     0.00    0.00
 -12141.558     0.935     0.00    0.00
 -11856.199     0.935     0.00    0.00
 -11570.825     0.935     0.00    0.00
 -11285.435     0.935     0.00    0.00
 -11000.030     0.935     0.00    0.00
 -10714.609     0.935     0.00    0.00
 -10429.172     0.935     0.00    0.00
 -10143.720     0.935     0.00    0.00
  -9858.253     0.935     0.00    0.00
  -9572.770     0.935     0.00    0.00
  -9287.271     0.935     0.00    0.00
  -9001.757     0.935     0.00    0.00
  -8716.228     0.935     0.00    0.00
  -8430.682     0.935     0.00    0.00
  -8145.122     0.935     0.00    0.00
  -7859.545     0.935     0.00    0.00
  -7573.953     0.935     0.00    0.00
  -7288.346     0.935     0.00    0.00
  -7002.723     0.935     0.00    0.00
  -6717.084     0.935     0.00    0.00
  -6431.430     0.935     0.00    0.00
  -6145.760     0.935     0.00    0.00
  -5860.075     0.935     0.00    0.00
  -5574.374     0.935     0.00    0.00
  -5288.657     0.935     0.00    0.00
  -5002.925     0.935     0.00    0.00
  -4717.177     0.935     0.00    0.00
  -4431.414     0.935     0.00    0.00
  -4145.635     0.935     0.00    0.00
  -3859.840     0.935     0.00    0.00
  -3574.030     0.935     0.00    0.00
  -3288.204     0.935     0.00    0.00
  -3002.363     0.935     0.00    0.00
  -2716.506     0.935     0.00    0.00
  -2430.633     0.935     0.00    0.00
  -2144.745     0.935     0.00    0.00
  -1858.841     0.817    -0.41    0.45
  -1572.922     0.503    -1.10    0.81
  -1286.986     0.156    -1.21    1.01
  -1001.036    -0.162    -1.11    1.09
   -715.069    -0.414    -0.88    1.09
   -429.087    -0.690    -0.97    1.05
   -143.089    -0.700    -0.03    1.18
    142.924    -0.249     1.58    1.73
    428.953     1.466     6.00    4.68
    714.998     6.051    16.03   11.81
   1001.058    14.330    28.94   19.12
   1287.134    23.959    33.66   22.28
   1573.226    33.604    33.71   22.38
   1859.333    42.271    30.29   20.39
   2145.456    52.716    36.51   16.02
   2431.595    59.593    24.04   13.06
   2717.749    65.958    22.24   11.55
   3003.919    69.966    14.00   11.80
   3290.105    72.701     9.56   11.97
   3576.307    77.312    16.11   12.60
   3862.524    81.451    14.46   12.65
   4148.757    85.245    13.26   12.20
   4435.005    88.990    13.08   11.53
   4721.269    93.127    14.45   12.26
   5007.549    98.377    18.34   12.16
   5293.845   103.175    16.76   10.90
   5580.156   106.281    10.85    9.44
   5866.483   108.187     6.66    7.84
   6152.826   108.439     0.88    8.35
   6439.184   107.774    -2.32    9.26
   6725.559   105.466    -8.06    9.46
   7011.949   102.896    -8.98    8.75
   7298.354    99.208   -12.88    8.22
   7584.776    96.273   -10.25    8.76
   7871.213    92.329   -13.77   10.62
   8157.666    88.776   -12.40   11.21
   8444.134    84.966   -13.30   10.70
   8730.619    82.057   -10.15   10.34
   9017.119    80.281    -6.20   11.29
   9303.634    77.896    -8.33   12.06
   9590.166    75.451    -8.53   12.96
   9876.713    73.317    -7.44   12.86
  10163.277    69.943   -11.78   13.57
  10449.855    65.060   -17.04   12.97
  10736.450    61.022   -14.09   11.15
  11023.060    58.056   -10.35    9.29
  11309.687    57.570    -1.69   10.02
  11596.329    57.754     0.64   11.27
  11882.986    60.215     8.59   12.48
  12169.660    63.357    10.96   11.96
  12456.349    66.427    10.71    9.31
  12743.054    65.912    -1.80    8.95
  13029.775    66.070     0.55    7.87
  13316.512    65.115    -3.33    7.30
  13603.264    63.419    -5.92    7.66
  13890.033    60.538   -10.05    8.94
  14176.817    56.571   -13.83   10.14
  14463.617    53.657   -10.16   11.46
  14750.432    51.286    -8.27   12.62
  15037.264    47.435   -13.43   12.75
  15324.111    45.076    -8.22   13.70
  15610.974    42.768    -8.05   13.24
  15897.853    42.344    -1.48   12.41
  16184.748    41.581    -2.66   10.93
  16471.659    42.319     2.57   11.42
  16758.585    44.489     7.57   13.84
  17045.528    49.435    17.23   16.29
  17332.486    55.777    22.10   18.49
  17619.460    63.364    26.44   18.12
  17906.449    69.346    20.84   15.36
  18193.455    73.691    15.14   10.94
  18480.477    75.415     6.01    8.40
  18767.514    75.279    -0.48    8.90
  19054.567    73.130    -7.49    9.98
  19341.636    70.087   -10.60    9.86
  19628.721    64.912   -18.03   11.00
  19915.822    61.006   -13.61   12.55
  20202.939    58.033   -10.35   13.43
  20490.072    55.712    -8.08   13.97
  20777.220    55.070    -2.24   14.73
  21064.384    56.573     5.24   16.09
  21351.565    58.887     8.06   16.45
  21638.761    62.895    13.95   15.47
  21925.973    64.431     5.35   15.45
  22213.201    65.864     4.99   13.95
  22500.444    65.966     0.35   13.35
  22787.704    65.711    -0.89   13.33
  23074.980    66.478     2.67   13.88
  23362.271    66.358    -0.42   16.05
  23649.579    67.022     2.31   17.55
  23936.902    66.271    -2.62   19.72
  24224.241    66.320     0.17   20.47
  24511.596    67.328     3.51   21.14
  24798.968    67.213    -0.40   21.38
  25086.355    66.379    -2.90   20.40
  25373.758    63.309   -10.68   19.92
  25661.176    60.228   -10.72   18.22
  25948.611    57.320   -10.12   16.27
  26236.062    56.559    -2.65   15.06
  26523.529    55.490    -3.72   13.70
  26811.011    55.858     1.28   14.62
  27098.510    56.839     3.41   15.57
  27386.024    60.117    11.40   16.07
  27673.555    62.565     8.51   15.69
  27961.101    66.297    12.98   16.22
  28248.664    69.324    10.53   17.60
  28536.242    73.346    13.99   17.40
  28823.837    78.276    17.14   16.79
  29111.447    84.749    22.51   15.04
  29399.073    91.649    23.99   12.26
  29686.715    95.396    13.03   11.35
  29974.374    98.741    11.63    9.74
  30262.048   101.725    10.37    8.43
  30549.738   104.466     9.53    6.85
  30837.444   106.363     6.59    6.41
  31125.167   105.710    -2.27    6.56
  31412.905   103.298    -8.38    8.93
  31700.659    98.997   -14.95   11.70
  31988.429    94.667   -15.05   13.14
  32276.215    91.232   -11.94   11.93
  32564.018    89.239    -6.92    9.96
  32851.836    87.975    -4.39    7.71
  33139.670    87.789    -0.65    8.33
  33427.520    86.466    -4.59    9.53
  33715.387    85.248    -4.23   12.56
  34003.269    82.958    -7.95   14.74
  34291.167    78.022   -17.15   16.02
  34579.082    74.545   -12.08   14.81
  34867.012    72.228    -8.05   13.02
  35154.959    73.706     5.13   13.54
  35442.921    74.974     4.40   13.26
  35730.900    76.809     6.37   13.47
  36018.894    78.591     6.19   12.77
  36306.905    80.311     5.97   12.86
  36594.932    79.223    -3.78   14.63
  36882.974    80.247     3.56   16.31
  37171.033    84.919    16.22   20.59
  37459.108    89.316    15.27   22.73
  37747.199    91.117     6.25   23.57
  38035.306    93.579     8.54   24.72
  38323.429    98.780    18.05   24.67
  38611.568   102.817    14.01   24.51
  38899.724   105.683     9.95   23.98
  39187.895   108.228     8.83   23.55
  39476.082   111.637    11.83   24.37
  39764.286   113.710     7.19   24.28
  40052.506   119.879    21.41   23.37
  40340.741   126.141    21.72   21.30
  40628.993   133.132    24.25   16.49
  40915.734   137.019    13.56   12.05
  41200.664   138.628     5.64    9.89
  41485.609   138.643     0.06    8.92
  41770.569   137.664    -3.44    8.65
  42055.543   137.689     0.09    8.99
  42340.533   137.744     0.19    8.65
  42625.537   138.141     1.39    8.39
  42910.556   138.227     0.30    9.97
  43195.591   138.495     0.94    9.65
  43480.640   138.517     0.08    8.61
  43765.704   138.671     0.54    7.64
  44050.783   138.570    -0.36    6.54
  44335.877   137.235    -4.68    6.68
  44620.986   137.515     0.98    6.88
  44906.109   138.342     2.90    8.50
  45191.248   139.643     4.56    9.74
  45476.402   142.446     9.83   10.58
  45761.570   145.216     9.71   10.24
  46046.754   147.839     9.20    9.63
  46331.952   148.935     3.84    9.46
  46617.166   148.391    -1.90    9.44
  46902.394   147.408    -3.45    9.68
  47187.637   143.800   -12.65   10.94
  47472.896   140.709   -10.83   13.90
  47758.169   138.872    -6.44   14.94
  48043.457   137.242    -5.72   16.20
  48328.760   137.260     0.07   16.27
  48614.078   137.030    -0.81   15.56
  48899.411   136.530    -1.75   13.78
  49184.759   134.927    -5.62   11.90
  49470.122   133.161    -6.19   10.23
  49755.500   131.463    -5.95    9.51
  50040.893   129.570    -6.63    8.94
  50326.301   128.859    -2.49    9.48
  50611.724   129.604     2.61    9.58
  50897.162   130.019     1.45    9.46
  51182.615   129.959    -0.21    9.54
  51468.083   129.539    -1.47    9.40
  51753.566   128.895    -2.26    8.97
  52039.064   126.990    -6.67    9.74
  52324.577   125.671    -4.62    9.62
  52610.105   125.411    -0.91    9.34
  52895.648   125.849     1.54    8.45
  53181.206   125.604    -0.86    6.66
  53466.779   123.214    -8.37    7.70
  53752.367   121.092    -7.43    8.30
  54037.970   119.110    -6.94    7.95
  54323.588   117.338    -6.21    6.58
  54609.222   115.760    -5.52    5.23
  54894.870   115.284    -1.67    4.59
  55180.533   114.935    -1.22    4.22
  55466.211   114.677    -0.90    4.04
  55751.904   114.078    -2.10    4.67
  56037.613   113.822    -0.89    5.39
  56323.336   113.396    -1.49    6.18
  56609.075   113.078    -1.11    7.05
  56894.828   113.690     2.14    8.08
  57180.597   114.943     4.38    9.27
  57466.380   116.858     6.70    9.83
  57752.179   117.919     3.71    9.50
  58037.992   119.232     4.60    8.97
  58323.821   120.232     3.50    7.36
  58609.665   118.982    -4.37    8.35
  58895.524   115.679   -11.56   10.06
  59181.398   111.171   -15.77   11.62
  59467.287   106.576   -16.07   12.03
  59753.191   102.549   -14.09   12.03
  60039.110    98.114   -15.51   11.17
  60325.045    94.505   -12.62   10.29
  60610.994    90.785   -13.01    8.59
  60896.959    89.162    -5.68    8.59
  61182.938    88.091    -3.75    9.42
  61468.933    87.049    -3.64   10.27
  61754.943    85.023    -7.09   11.06
  62040.968    83.935    -3.80   11.76
  62327.008    81.801    -7.46   12.99
  62613.063    79.198    -9.10   13.59
  62899.133    76.242   -10.33   13.19
  63185.218    75.633    -2.13   12.79
  63471.319    77.501     6.53   13.77
  63757.434    81.967    15.61   14.62
  64043.565    84.873    10.16   14.19
  64329.711    85.839     3.38   13.61
  64615.872    87.369     5.34   11.83
  64902.048    86.232    -3.97   11.44
  65188.239    82.491   -13.07   12.67
  65474.446    77.812   -16.35   13.11
  65760.667    72.824   -17.43   11.61
  66046.904    69.194   -12.68    9.53
  66333.156    65.502   -12.90    8.79
  66619.423    62.355   -10.99    9.03
  66905.705    58.565   -13.24   10.07
  67192.002    54.244   -15.09   11.66
  67478.314    49.874   -15.27   11.48
  67764.642    46.021   -13.45   10.13
  68050.985    43.071   -10.30    8.52
  68337.343    40.387    -9.37    5.81
  68623.716    38.790    -5.58    3.60
  68910.104    37.599    -4.16    2.48
  69196.508    36.817    -2.73    2.40
  69482.926    36.359    -1.60    2.10
  69769.360    36.091    -0.94    2.00
  70055.809    36.173     0.29    2.55
  70342.273    36.181     0.03    3.02
  70628.753    35.927    -0.89    3.47
  70915.247    35.431    -1.73    3.91
  71201.757    34.643    -2.75    3.90
  71488.282    35.147     1.76    5.56
  71774.822    37.234     7.28    9.21
  72061.378    40.715    12.15   12.32
  72347.948    44.092    11.79   13.04
  72634.534    49.081    17.41   12.38
  72921.135    53.512    15.46   10.30
  73207.752    58.344    16.86    8.08
  73494.383    61.377    10.58    9.85
  73781.030    64.113     9.54   11.54
  74067.692    68.813    16.40   12.53
  74354.369    72.179    11.74   11.75
  74641.061    77.396    18.20   12.66
  74927.769    82.291    17.07   14.43
  75214.492    86.974    16.33   15.45
  75501.230    91.526    15.87   16.27
  75787.983    96.903    18.75   17.85
  76074.752   104.683    27.13   16.84
  76361.536   109.736    17.62   13.49
  76648.335   111.669     6.74   11.68
  76935.150   113.514     6.43   11.12
  77221.979   115.974     8.58   10.88
  77508.824   118.442     8.60   11.28
  77795.684   118.935     1.72   11.36
  78082.560   118.522    -1.44   12.45
  78369.451   116.451    -7.22   13.77
  78656.357   111.570   -17.01   16.74
  78943.278   103.980   -26.46   17.08
  79230.214    97.250   -23.46   14.36
  79517.166    92.904   -15.14   11.69
  79804.133    90.612    -7.99   10.63
  80091.116    90.252    -1.25   10.51
  80378.114    90.903     2.27   10.92
  80665.127    92.773     6.52   10.19
  80952.155    94.935     7.53    9.15
  81239.199    95.612     2.36    9.04
  81526.258    95.776     0.57    8.21
  81813.332    95.228    -1.91    7.61
  82100.421    93.516    -5.96    7.57
  82387.526    92.533    -3.42    7.46
  82674.646    88.950   -12.48    9.40
  82961.782    83.589   -18.67   11.97
  83248.933    79.557   -14.04   11.53
  83536.099    77.132    -8.45   10.32
  83823.280    77.506     1.30   10.44
  84110.477    79.219     5.97   12.57
  84397.689    82.458    11.28   15.02
  84684.917    87.588    17.86   15.29
  84972.160    93.371    20.13   14.29
  85259.418    98.580    18.14   13.99
  85546.692   103.240    16.22   14.18
  85833.980   107.427    14.57   14.45
  86121.285   110.881    12.02   15.65
  86408.604   114.161    11.42   14.69
  86695.939   119.761    19.49   13.50
  86983.290   125.124    18.66   13.40
  87270.655   129.513    15.27   12.94
  87558.036   132.545    10.55   11.98
  87845.433   134.252     5.94   10.87
  88132.845   136.181     6.71    7.53
  88420.272   135.842    -1.18    7.49
  88707.714   132.848   -10.41   10.60
  88995.172   128.321   -15.75   12.84
  89282.646   125.224   -10.77   12.99
  89570.134   122.255   -10.33   12.62
  89857.638   119.871    -8.29   11.28
  90145.158   119.330    -1.88   11.02
  90432.693   120.637     4.55   11.81
  90720.243   123.242     9.06   11.59
  91007.809   126.438    11.12   12.50
  91295.390   130.659    14.68   12.50
  91582.987   134.232    12.43   10.95
  91870.599   136.863     9.15    9.71
  92158.226   139.657     9.71    7.31
  92445.869   141.217     5.42    4.80
  92733.527   141.986     2.68    3.11
  93021.201   142.268     0.98    3.14
