-169436.337    81.124     0.00    3.62
-169150.097    80.899    -0.79    3.39
-168863.836    80.569    -1.15    2.91
-168577.553    80.328    -0.84    2.36
-168291.250    80.093    -0.82    1.55
-168004.925    80.119     0.09    1.29
-167718.579    80.176     0.20    1.26
-167432.212    80.326     0.53    1.24
-167145.824    80.339     0.04    1.42
-166859.415    80.307    -0.11    1.60
-166572.985    80.092    -0.75    1.73
-166286.534    80.012    -0.28    1.70
-166000.061    79.910    -0.36    1.63
-165713.567    80.160     0.87    2.32
-165427.053    80.548     1.35    2.93
-165140.517    80.641     0.32    2.88
-164853.960    80.441    -0.70    2.75
-164567.381    80.182    -0.90    2.41
-164280.782    80.012    -0.59    2.42
-163994.161    79.889    -0.43    2.41
-163707.519    79.802    -0.30    2.25
-163420.856    79.535    -0.93    2.17
-163134.172    79.210    -1.13    1.74
-162847.467    78.920    -1.01    1.44
-162560.740    78.809    -0.39    1.74
-162273.992    78.813     0.01    2.24
-161987.223    78.566    -0.86    2.56
-161700.433    78.260    -1.07    2.67
-161413.622    77.984    -0.96    2.76
-161126.789    77.628    -1.24    2.68
-160839.935    77.499    -0.45    2.66
-160553.060    77.253    -0.86    2.22
-160266.163    76.857    -1.38    1.15
-159979.246    76.752    -0.37    0.87
-159692.307    76.489    -0.92    1.05
-159405.346    76.146    -1.19    1.19
-159118.365    75.753    -1.37    1.23
-158831.362    75.369    -1.34    1.41
-158544.338    75.250    -0.41    2.07
-158257.293    75.067    -0.64    2.31
-157970.226    75.075     0.03    2.40
-157683.138    75.267     0.67    2.91
-157396.029    75.143    -0.43    2.67
-157108.899    75.159     0.05    2.54
-156821.747    74.843    -1.10    1.95
-156534.574    74.894     0.18    1.80
-156247.380    75.144     0.87    1.82
-155960.164    75.465     1.12    1.85
-155672.927    75.837     1.30    1.77
-155385.668    76.200     1.26    1.68
-155098.389    76.535     1.17    1.48
-154811.087    76.726     0.66    1.35
-154523.765    76.758     0.11    1.09
-154236.421    76.625    -0.46    1.02
-153949.056    76.539    -0.30    1.04
-153661.669    76.345    -0.68    1.05
-153374.262    76.313    -0.11    0.95
-153086.832    76.455     0.49    0.97
-152799.382    76.664     0.73    0.93
-152511.909    77.030     1.27    1.13
-152224.416    77.521     1.71    1.13
-151936.901    77.941     1.46    1.08
-151649.365    78.269     1.14    0.97
-151361.807    78.280     0.04    1.04
-151074.228    78.093    -0.65    1.40
-150786.628    77.799    -1.02    1.75
-150499.006    77.526    -0.95    2.24
-150211.362    77.411    -0.40    2.73
-149923.697    76.950    -1.60    3.08
-149636.011    76.402    -1.90    3.35
-149348.304    75.938    -1.61    3.43
-149060.574    75.379    -1.94    3.12
-148772.824    75.049    -1.15    2.74
-148485.052    74.758    -1.01    2.32
-148197.258    75.030     0.94    2.53
-147909.443    75.607     2.00    2.82
-147621.607    76.405     2.77    2.94
-147333.749    77.401     3.46    3.04
-147045.869    78.172     2.68    2.95
-146757.968    78.743     1.98    2.81
-146470.046    79.325     2.02    2.62
-146182.102    79.155    -0.59    2.47
-145894.136    78.021    -3.94    2.90
-145606.149    77.048    -3.38    3.13
-145318.141    76.491    -1.93    3.06
-145030.111    75.762    -2.53    2.91
-144742.059    75.480    -0.98    2.58
-144453.986    75.278    -0.70    2.50
-144165.891    75.628     1.22    2.57
-143877.775    75.653     0.09    2.73
-143589.637    75.287    -1.27    2.90
-143301.478    74.874    -1.43    3.12
-143013.297    74.385    -1.70    3.26
-142725.094    73.367    -3.53    3.46
-142436.870    72.092    -4.42    3.62
-142148.625    70.834    -4.36    3.18
-141860.357    70.066    -2.66    2.87
-141572.068    69.782    -0.98    2.82
-141283.758    69.567    -0.75    2.93
-140995.426    69.553    -0.05    3.08
-140707.072    69.923     1.28    3.15
-140418.697    69.880    -0.15    3.25
-140130.300    69.694    -0.64    3.32
-139841.882    69.168    -1.82    3.34
-139553.441    68.232    -3.24    3.05
-139264.980    66.691    -5.34    3.52
-138976.496    65.434    -4.36    4.24
-138687.991    64.827    -2.10    4.18
-138399.464    64.303    -1.82    4.02
-138110.916    63.914    -1.35    3.95
-137822.346    63.296    -2.14    4.41
-137533.754    63.101    -0.68    4.55
-137245.141    63.013    -0.31    5.05
-136956.506    62.932    -0.28    5.01
-136667.849    62.878    -0.19    4.54
-136379.170    62.476    -1.40    4.11
-136090.470    61.676    -2.77    4.41
-135801.748    61.639    -0.13    4.55
-135513.005    61.285    -1.23    5.00
-135224.239    60.847    -1.52    5.43
-134935.452    60.557    -1.00    5.53
-134646.644    60.289    -0.93    5.38
-134357.813    60.608     1.10    4.53
-134068.961    60.588    -0.07    4.43
-133780.087    60.185    -1.39    4.27
-133491.191    59.174    -3.50    5.48
-133202.274    58.526    -2.24    5.61
-132913.335    57.778    -2.59    5.71
-132624.374    57.118    -2.28    5.60
-132335.391    56.057    -3.67    5.67
-132046.386    55.636    -1.46    5.13
-131757.360    54.771    -2.99    5.22
-131470.846    53.650    -3.91    5.44
-131186.333    52.925    -2.55    5.71
-130901.801    52.646    -0.98    5.68
-130617.248    51.883    -2.68    5.97
-130332.674    51.278    -2.13    6.32
-130048.081    50.234    -3.67    6.81
-129763.466    49.307    -3.26    7.05
-129478.832    49.396     0.31    7.17
-129194.176    48.507    -3.12    7.36
-128909.501    47.867    -2.25    7.28
-128624.805    47.384    -1.69    7.25
-128340.088    47.526     0.50    7.46
-128055.351    48.248     2.54    7.84
-127770.594    48.480     0.81    8.45
-127485.816    49.067     2.06    9.42
-127201.017    49.565     1.75    9.97
-126916.198    49.959     1.38   10.46
-126631.359    50.403     1.56   10.96
-126346.499    51.456     3.70   10.96
-126061.618    52.566     3.90   10.67
-125776.717    53.346     2.74   10.46
-125491.796    54.503     4.06    9.74
-125206.854    56.755     7.90    7.89
-124921.891    57.388     2.22    6.83
-124636.908    57.326    -0.22    6.15
-124351.904    57.272    -0.19    5.53
-124066.880    56.932    -1.19    5.26
-123781.836    56.557    -1.31    5.53
-123496.770    55.168    -4.87    7.35
-123211.685    54.128    -3.65    7.48
-122926.578    53.256    -3.06    7.28
-122641.451    52.932    -1.14    6.46
-122356.304    53.119     0.66    5.99
-122071.136    52.929    -0.67    5.41
-121785.947    53.504     2.02    5.10
-121500.738    54.220     2.51    4.75
-121215.508    55.414     4.19    3.99
-120930.258    55.691     0.97    3.85
-120644.987    54.975    -2.51    3.89
-120359.695    55.116     0.50    3.79
-120074.383    55.425     1.08    3.60
-119789.050    55.787     1.27    3.61
-119503.696    56.450     2.32    3.38
-119218.322    56.694     0.85    3.38
-118932.927    57.099     1.42    3.74
-118647.512    58.056     3.35    3.58
-118362.076    58.623     1.98    3.88
-118076.619    59.343     2.52    3.45
-117791.142    59.616     0.96    3.32
-117505.644    59.302    -1.10    3.43
-117220.125    58.832    -1.65    3.54
-116934.586    58.682    -0.53    3.40
-116649.026    57.977    -2.47    3.68
-116363.446    57.691    -1.00    3.78
-116077.844    56.865    -2.89    4.35
-115792.222    55.891    -3.41    4.82
-115506.579    54.773    -3.91    5.07
-115220.916    53.369    -4.91    4.93
-114935.232    52.093    -4.47    4.28
-114649.527    51.213    -3.08    3.42
-114363.802    51.216     0.01    3.21
-114078.055    51.503     1.00    3.26
-113792.288    51.949     1.56    3.14
-113506.501    51.896    -0.18    3.14
-113220.692    51.621    -0.96    2.81
-112934.863    51.597    -0.09    2.76
-112649.013    52.057     1.61    3.22
-112363.143    52.212     0.54    3.48
-112077.251    52.251     0.14    3.74
-111791.339    51.866    -1.35    4.11
-111505.406    51.352    -1.80    4.27
-111219.452    50.250    -3.85    4.21
-110933.478    49.058    -4.17    4.10
-110647.483    48.021    -3.62    4.24
-110361.467    47.648    -1.31    4.28
-110075.430    47.216    -1.51    4.38
-109789.372    46.562    -2.29    4.19
-109503.294    45.391    -4.09    4.14
-109217.195    44.646    -2.60    4.47
-108931.075    43.897    -2.62    4.36
-108644.934    43.128    -2.69    4.45
-108358.772    41.919    -4.22    4.50
-108072.590    41.192    -2.54    4.78
-107786.386    40.331    -3.01    4.85
-107500.162    39.614    -2.50    4.95
-107213.917    39.548    -0.23    4.82
-106927.651    39.123    -1.49    5.01
-106641.365    38.905    -0.76    5.14
-106355.057    38.767    -0.48    5.28
-106068.729    38.181    -2.05    5.12
-105782.379    37.544    -2.22    5.09
-105496.009    36.780    -2.67    5.02
-105209.618    35.818    -3.36    5.26
-104923.206    34.662    -4.04    5.41
-104636.774    33.387    -4.45    5.95
-104350.320    31.993    -4.87    6.16
-104063.845    30.076    -6.69    6.48
-103777.350    29.021    -3.68    6.32
-103490.834    27.944    -3.76    6.26
-103204.296    26.605    -4.67    6.19
-102917.738    25.794    -2.83    6.07
-102631.159    25.348    -1.55    5.08
-102344.559    25.291    -0.20    4.48
-102057.938    25.409     0.41    4.39
-101771.296    26.331     3.21    4.60
-101484.633    27.312     3.42    4.33
-101197.949    28.239     3.23    4.73
-100911.245    29.448     4.21    5.35
-100624.519    31.082     5.70    6.01
-100337.772    32.673     5.55    6.30
-100051.005    34.485     6.32    5.77
 -99764.216    36.467     6.91    5.11
 -99477.406    37.934     5.12    4.68
 -99190.576    39.560     5.67    4.43
 -98903.724    40.978     4.94    4.20
 -98616.852    42.102     3.92    3.46
 -98329.958    43.048     3.30    2.93
 -98043.043    43.260     0.74    3.09
 -97756.108    43.560     1.04    3.18
 -97469.151    43.300    -0.91    3.43
 -97182.174    42.803    -1.73    3.36
 -96895.175    42.655    -0.51    2.82
 -96608.155    42.727     0.25    2.58
 -96321.115    42.815     0.31    1.91
 -96034.053    42.882     0.24    1.52
 -95746.970    43.130     0.86    1.42
 -95459.866    43.762     2.20    1.11
 -95172.741    44.066     1.06    0.85
 -94885.595    44.239     0.60    0.83
 -94598.428    44.311     0.25    0.96
 -94311.240    44.336     0.09    1.03
 -94024.031    44.476     0.48    1.14
 -93736.801    44.381    -0.33    1.46
 -93449.549    44.223    -0.55    1.74
 -93162.277    44.169    -0.19    1.75
 -92874.983    44.039    -0.45    1.78
 -92587.669    43.832    -0.72    1.75
 -92300.333    43.387    -1.55    1.69
 -92012.976    43.173    -0.75    1.60
 -91725.598    43.004    -0.59    1.78
 -91438.199    42.857    -0.51    1.92
 -91150.779    42.801    -0.20    2.39
 -90863.337    43.066     0.92    2.95
 -90575.875    43.771     2.45    3.74
 -90288.391    44.744     3.39    4.11
 -90000.886    45.923     4.10    4.23
 -89713.360    46.739     2.84    4.01
 -89425.813    47.747     3.50    4.19
 -89138.245    48.880     3.94    4.25
 -88850.655    49.862     3.42    3.93
 -88563.044    50.239     1.31    3.83
 -88275.413    50.434     0.68    3.48
 -87987.760    50.248    -0.65    3.22
 -87700.085    50.091    -0.55    2.93
 -87412.390    50.189     0.34    2.89
 -87124.673    50.294     0.36    3.10
 -86836.935    50.183    -0.38    3.16
 -86549.176    50.569     1.34    3.16
 -86261.396    50.874     1.06    3.03
 -85973.595    50.889     0.05    3.08
 -85685.772    50.803    -0.30    3.18
 -85397.928    50.861     0.20    3.24
 -85110.063    50.749    -0.39    3.10
 -84822.176    50.509    -0.84    3.23
 -84534.268    49.882    -2.18    3.43
 -84246.339    49.645    -0.82    3.31
 -83958.389    49.209    -1.51    3.32
 -83670.418    48.352    -2.98    3.46
 -83382.425    47.289    -3.69    3.45
 -83094.411    46.332    -3.32    3.24
 -82806.376    45.877    -1.58    3.14
 -82518.319    45.557    -1.11    2.94
 -82230.241    45.517    -0.14    2.89
 -81942.142    45.552     0.12    2.74
 -81654.021    45.754     0.70    2.67
 -81365.879    46.189     1.51    2.73
 -81077.716    46.234     0.15    2.80
 -80789.532    46.104    -0.45    2.90
 -80501.326    45.933    -0.59    2.93
 -80213.099    45.561    -1.29    2.73
 -79924.850    45.179    -1.32    2.62
 -79636.581    45.131    -0.17    2.73
 -79348.289    45.003    -0.44    2.98
 -79059.977    44.632    -1.29    3.00
 -78771.643    43.774    -2.98    3.72
 -78483.288    42.530    -4.31    4.67
 -78194.911    41.140    -4.82    5.61
 -77906.513    39.289    -6.42    6.89
 -77618.094    37.163    -7.37    7.86
 -77329.653    35.744    -4.92    8.27
 -77041.191    34.673    -3.71    8.20
 -76752.708    33.634    -3.60    8.07
 -76464.203    34.130     1.72    8.77
 -76175.676    35.470     4.64    9.13
 -75887.129    36.916     5.01    9.41
 -75598.559    38.785     6.47    9.18
 -75309.969    40.976     7.59    7.71
 -75021.357    43.264     7.93    4.72
 -74732.723    43.723     1.59    2.83
 -74444.069    43.604    -0.41    2.70
 -74155.392    43.602    -0.01    2.41
 -73866.694    43.085    -1.79    2.20
 -73577.975    41.409    -5.81    3.45
 -73289.235    40.855    -1.92    3.88
 -73000.472    40.774    -0.28    3.82
 -72711.689    40.517    -0.89    3.80
 -72422.884    40.803     0.99    3.91
 -72134.057    41.771     3.35    3.82
 -71845.209    42.530     2.63    3.59
 -71556.339    43.630     3.81    2.82
 -71267.448    44.124     1.71    2.83
 -70978.536    44.771     2.24    2.66
 -70689.602    45.227     1.58    2.85
 -70400.646    45.140    -0.30    3.04
 -70111.669    45.153     0.04    2.90
 -69822.670    45.135    -0.06    2.72
 -69536.737    44.597    -1.88    3.09
 -69252.206    44.057    -1.89    3.11
 -68967.655    43.751    -1.08    3.25
 -68683.084    43.557    -0.68    3.17
 -68398.492    43.720     0.57    3.14
 -68113.881    43.760     0.14    3.04
 -67829.249    44.012     0.89    3.26
 -67544.597    43.996    -0.06    3.38
 -67259.925    43.874    -0.43    3.36
 -66975.233    43.481    -1.38    3.24
 -66690.520    43.316    -0.58    3.04
 -66405.788    43.434     0.41    3.04
 -66121.035    43.876     1.55    3.00
 -65836.262    44.168     1.02    3.03
 -65551.468    44.787     2.17    2.54
 -65266.655    45.607     2.88    2.15
 -64981.821    45.782     0.62    2.02
 -64696.967    45.743    -0.14    2.34
 -64412.093    44.811    -3.27    3.50
 -64127.198    43.122    -5.93    5.28
 -63842.283    40.646    -8.69    7.17
 -63557.348    37.818    -9.93    8.13
 -63272.393    34.782   -10.65    7.89
 -62987.417    32.886    -6.65    6.97
 -62702.422    31.012    -6.57    5.43
 -62417.405    30.608    -1.42    4.76
 -62132.369    31.004     1.39    4.80
 -61847.312    32.057     3.69    4.49
 -61562.235    32.325     0.94    3.92
 -61277.138    31.852    -1.66    3.90
 -60992.021    30.901    -3.33    3.97
 -60706.883    29.962    -3.29    3.74
 -60421.725    29.345    -2.16    3.28
 -60136.546    28.148    -4.20    5.08
 -59851.347    24.539   -12.66    8.83
 -59566.128    21.711    -9.91   10.10
 -59280.889    18.749   -10.38   10.28
 -58995.629    15.641   -10.90    9.78
 -58710.349    12.782   -10.02    7.70
 -58425.048    10.668    -7.41    4.54
 -58139.728    10.021    -2.27    2.61
 -57854.386    10.625     2.11    2.77
 -57569.025    11.769     4.01    4.17
 -57283.643    13.935     7.59    6.41
 -56998.241    17.064    10.97    8.26
 -56712.818    20.570    12.28    8.81
 -56427.375    23.602    10.62    8.39
 -56141.912    27.076    12.17    6.43
 -55856.428    28.821     6.11    5.03
 -55570.924    29.711     3.12    3.96
 -55285.399    29.922     0.74    4.00
 -54999.854    29.291    -2.21    4.24
 -54714.289    28.907    -1.34    4.32
 -54428.703    28.361    -1.91    4.71
 -54143.097    27.411    -3.33    4.81
 -53857.470    26.084    -4.64    5.01
 -53571.823    25.210    -3.06    5.57
 -53286.156    24.392    -2.86    5.67
 -53000.468    23.395    -3.49    5.47
 -52714.759    22.535    -3.01    5.10
 -52429.030    21.539    -3.48    4.61
 -52143.281    20.924    -2.15    4.10
 -51857.511    20.793    -0.46    4.20
 -51571.721    20.943     0.53    4.24
 -51285.911    21.733     2.76    4.96
 -51000.079    23.130     4.89    5.96
 -50714.228    24.434     4.56    6.37
 -50428.356    25.465     3.61    6.11
 -50142.463    26.399     3.27    5.50
 -49856.550    27.641     4.35    4.62
 -49570.616    28.455     2.85    3.73
 -49284.662    28.306    -0.52    3.12
 -48998.688    28.092    -0.75    2.57
 -48712.693    27.589    -1.76    2.19
 -48426.677    27.218    -1.30    1.75
 -48140.641    27.142    -0.26    1.66
 -47854.584    26.979    -0.57    1.41
 -47568.507    26.776    -0.71    0.77
 -47282.409    26.800     0.08    1.09
 -46996.291    26.803     0.01    1.19
 -46710.152    26.809     0.02    1.16
 -46423.993    26.674    -0.47    1.19
 -46137.813    26.575    -0.35    1.21
 -45851.612    26.562    -0.04    1.34
 -45565.391    26.583     0.07    1.45
 -45279.150    26.630     0.17    1.77
 -44992.887    26.697     0.23    1.77
 -44706.605    26.727     0.10    1.78
 -44420.301    26.396    -1.15    2.08
 -44133.977    25.936    -1.61    2.42
 -43847.633    25.352    -2.04    2.57
 -43561.267    24.673    -2.37    2.10
 -43274.882    24.432    -0.84    2.09
 -42988.475    24.512     0.28    2.14
 -42702.048    24.508    -0.01    2.07
 -42415.601    24.487    -0.07    2.03
 -42129.132    24.637     0.52    1.95
 -41842.643    24.372    -0.92    1.72
 -41556.134    24.021    -1.23    1.64
 -41269.604    23.771    -0.87    2.02
 -40983.053    23.579    -0.67    2.05
 -40696.481    23.441    -0.48    2.09
 -40409.889    23.503     0.22    2.11
 -40123.276    23.987     1.69    2.37
 -39836.643    24.384     1.38    2.49
 -39549.989    24.579     0.68    2.46
 -39263.314    24.834     0.89    2.32
 -38976.618    24.941     0.37    2.24
 -38689.902    24.987     0.16    2.15
 -38403.165    25.332     1.20    2.14
 -38116.408    25.544     0.74    2.04
 -37829.629    25.643     0.35    1.81
 -37542.830    25.635    -0.03    1.77
 -37256.010    25.414    -0.77    1.74
 -36969.170    25.442     0.10    1.77
 -36682.309    25.244    -0.69    1.96
 -36395.427    25.021    -0.78    1.77
 -36108.524    24.740    -0.98    1.63
 -35821.601    24.703    -0.13    1.59
 -35534.657    24.685    -0.06    1.52
 -35247.692    24.530    -0.54    1.29
 -34960.706    24.602     0.25    1.21
 -34673.700    25.030     1.49    1.49
 -34386.673    25.185     0.54    1.60
 -34099.625    25.494     1.08    1.60
 -33812.556    25.780     1.00    1.60
 -33525.467    26.127     1.21    1.50
 -33238.356    26.441     1.09    1.55
 -32951.225    26.635     0.68    1.51
 -32664.073    26.780     0.50    1.26
 -32376.901    26.986     0.72    1.03
 -32089.707    27.355     1.29    1.04
 -31802.493    27.694     1.18    1.04
 -31515.258    28.163     1.63    1.61
 -31228.002    29.075     3.17    2.53
 -30940.725    30.703     5.67    4.07
 -30653.428    32.413     5.95    4.99
 -30366.109    34.358     6.77    5.66
 -30078.770    36.253     6.60    5.72
 -29791.410    38.391     7.44    5.47
 -29504.029    40.535     7.46    4.66
 -29216.627    42.039     5.23    3.81
 -28929.204    43.109     3.72    2.98
 -28641.761    43.744     2.21    2.43
 -28354.296    44.137     1.37    2.08
 -28066.811    44.218     0.28    1.88
 -27779.305    44.030    -0.65    2.06
 -27491.778    43.539    -1.71    2.39
 -27204.230    43.039    -1.74    2.65
 -26916.661    42.448    -2.05    2.73
 -26629.071    41.802    -2.25    2.81
 -26341.461    41.201    -2.09    2.73
 -26053.829    40.618    -2.03    2.50
 -25766.177    40.232    -1.34    2.09
 -25478.503    40.552     1.11    2.54
 -25190.809    41.530     3.40    3.66
 -24903.093    42.995     5.09    4.53
 -24615.357    44.575     5.49    4.99
 -24327.600    46.566     6.92    4.90
 -24039.822    48.213     5.72    4.37
 -23752.023    49.238     3.56    3.55
 -23464.203    50.125     3.08    2.87
 -23176.362    50.712     2.04    2.54
 -22888.500    50.778     0.23    2.44
 -22600.617    50.706    -0.25    2.41
 -22312.713    50.625    -0.28    2.37
 -22024.788    50.856     0.80    2.28
 -21736.842    50.782    -0.26    2.15
 -21448.875    50.512    -0.94    2.09
 -21160.887    50.221    -1.01    1.94
 -20872.878    50.352     0.45    2.01
 -20584.848    50.585     0.81    2.58
 -20296.797    50.618     0.12    2.87
 -20008.725    50.793     0.61    3.15
 -19720.632    51.090     1.03    3.35
 -19432.518    51.577     1.69    3.52
 -19144.383    51.994     1.45    3.65
 -18856.227    52.618     2.16    3.53
 -18568.050    52.995     1.31    3.18
 -18279.852    53.241     0.85    2.76
 -17991.632    53.416     0.61    2.47
 -17703.392    53.173    -0.84    2.11
 -17415.131    52.922    -0.87    2.09
 -17126.848    52.599    -1.12    2.17
 -16838.544    51.995    -2.09    2.56
 -16550.220    51.337    -2.28    2.85
 -16261.874    50.628    -2.46    2.94
 -15973.507    49.986    -2.23    3.03
 -15685.119    49.677    -1.07    3.47
 -15396.710    49.386    -1.01    3.93
 -15108.280    49.116    -0.94    4.60
 -14819.829    48.825    -1.01    4.83
 -14531.356    48.110    -2.48    5.07
 -14242.863    47.556    -1.92    5.10
 -13954.348    46.384    -4.07    5.22
 -13665.812    44.823    -5.41    5.30
 -13377.255    42.407    -8.37    6.19
 -13088.677    39.039   -11.67    7.82
 -12800.078    37.184    -6.43    7.36
 -12511.457    36.030    -4.00    7.66
 -12222.816    35.343    -2.38    8.77
 -11934.153    34.691    -2.26    9.32
 -11645.469    34.552    -0.48    9.74
 -11356.764    34.500    -0.18   10.49
 -11068.038    33.711    -2.73   10.67
 -10779.290    32.030    -5.82   10.62
 -10490.521    30.816    -4.21   10.38
 -10201.732    30.677    -0.48   10.41
  -9912.920    29.978    -2.42   10.49
  -9624.088    28.793    -4.10   11.71
  -9335.235    26.914    -6.51   13.27
  -9046.360    23.611   -11.44   14.36
  -8757.464    19.651   -13.71   14.65
  -8468.547    15.632   -13.91   13.23
  -8179.608    11.496   -14.32   10.53
  -7890.649     7.450   -14.00    7.06
  -7605.233     4.623    -9.90    4.67
  -7320.669     3.434    -4.18    4.48
  -7036.084     2.328    -3.88    4.05
  -6751.480     2.004    -1.14    3.85
  -6466.856     1.637    -1.29    3.26
  -6182.213     1.945     1.08    2.88
  -5897.549     2.936     3.48    2.74
  -5612.865     3.905     3.40    2.18
  -5328.162     4.521     2.16    1.46
  -5043.438     4.618     0.34    1.27
  -4758.695     4.605    -0.04    1.31
  -4473.931     4.641     0.12    1.25
  -4189.148     4.565    -0.27    1.61
  -3904.345     4.116    -1.58    2.22
  -3619.522     3.459    -2.31    2.68
  -3334.678     2.735    -2.54    2.96
  -3049.815     2.013    -2.53    3.03
  -2764.932     1.535    -1.68    3.01
  -2480.029     1.204    -1.16    3.00
  -2195.106     0.899    -1.07    2.87
  -1910.163     0.718    -0.63    2.80
  -1625.201     0.753     0.13    2.75
  -1340.218     0.816     0.22    2.65
  -1055.215     0.818     0.01    2.57
   -770.192     0.827     0.03    2.57
   -485.149     0.809    -0.06    2.60
   -200.086     0.855     0.16    2.78
     84.997     1.013     0.55    3.29
    370.100     1.136     0.43    3.76
    655.223     1.328     0.67    4.08
    940.365     1.697     1.29    4.34
   1225.528     1.971     0.96    4.74
   1510.711     2.220     0.87    4.81
   1795.914     2.092    -0.45    4.56
   2081.137     1.967    -0.44    4.49
   2366.381     1.625    -1.20    4.21
   2651.644     1.435    -0.66    4.07
   2936.927     1.128    -1.08    3.59
   3222.230     0.968    -0.56    2.94
   3507.554     0.731    -0.83    2.42
   3792.897     0.912     0.63    2.19
   4078.260     1.296     1.35    2.19
   4363.644     1.782     1.71    2.12
   4649.048     2.372     2.07    1.84
   4934.471     2.839     1.63    1.47
   5219.915     3.223     1.35    0.99
   5505.379     3.307     0.29    0.80
   5790.863     3.404     0.34    0.77
   6076.367     3.479     0.26    0.77
   6361.891     3.625     0.51    0.73
   6647.436     3.712     0.30    0.78
   6933.000     3.778     0.23    0.79
   7218.585     3.793     0.05    0.77
   7504.190     3.865     0.25    0.78
   7789.815     3.942     0.27    0.76
   8075.460     3.895    -0.16    0.88
   8361.125     3.787    -0.38    0.92
   8646.810     3.767    -0.07    0.86
   8932.516     3.924     0.55    1.02
   9218.241     4.241     1.11    1.29
   9503.987     4.641     1.40    1.54
   9789.753     5.439     2.79    2.76
  10075.539     7.144     5.97    4.49
  10361.345     9.066     6.72    5.37
  10647.172    10.968     6.66    5.56
  10933.019    12.552     5.54    5.56
  11218.886    14.201     5.77    5.12
  11504.773    15.349     4.01    4.11
  11790.680    15.758     1.43    3.84
  12076.607    14.890    -3.04    4.27
  12362.555    14.256    -2.22    4.55
  12648.523    13.451    -2.82    4.77
  12934.511    12.846    -2.12    4.93
  13220.520    12.569    -0.97    5.14
  13506.548    12.928     1.26    5.32
  13792.597    13.254     1.14    5.45
  14078.666    14.216     3.36    5.59
  14364.756    14.664     1.57    5.33
  14650.865    15.239     2.01    5.05
  14936.995    15.306     0.23    4.66
  15223.145    14.889    -1.46    4.31
  15509.316    14.200    -2.41    3.88
  15795.507    13.504    -2.43    3.53
  16081.717    12.742    -2.66    2.74
  16367.949    12.074    -2.34    2.03
  16654.200    11.469    -2.11    1.38
  16940.472    10.942    -1.84    1.69
  17226.764    10.526    -1.45    1.82
  17513.077    10.361    -0.58    1.80
  17799.409    10.583     0.78    2.38
  18085.762    10.835     0.88    2.57
  18372.136    11.235     1.40    2.62
  18658.530    11.919     2.39    2.48
  18944.944    12.623     2.46    2.17
  19231.378    13.145     1.82    1.91
  19517.833    13.656     1.78    1.63
  19804.308    13.682     0.09    1.30
  20090.803    13.968     1.00    1.18
  20377.319    14.214     0.86    1.16
  20663.855    14.706     1.71    1.95
  20950.411    15.157     1.58    2.52
  21236.988    15.338     0.63    2.26
  21523.585    15.602     0.92    2.06
  21810.203    15.747     0.51    1.83
  22096.841    15.825     0.27    1.28
  22383.499    15.978     0.54    0.94
  22670.178    16.039     0.21    0.94
  22956.877    16.366     1.14    1.70
  23243.597    16.735     1.28    2.45
  23530.337    17.013     0.97    3.07
  23817.097    17.375     1.26    3.64
  24103.878    17.639     0.92    4.05
  24390.679    17.030    -2.12    4.19
  24677.501    16.107    -3.22    4.14
  24964.343    15.444    -2.31    3.95
  25251.205    14.968    -1.66    3.58
  25538.088    14.932    -0.12    3.71
  25824.991    15.237     1.06    3.93
  26111.915    15.401     0.57    3.83
  26398.859    15.743     1.19    3.80
  26685.824    16.156     1.44    3.62
  26972.809    16.358     0.70    3.42
  27259.815    16.299    -0.20    3.26
  27546.841    15.634    -2.32    1.74
  27833.888    15.635     0.01    1.65
  28120.955    15.816     0.63    1.64
  28408.043    15.935     0.41    1.53
  28695.151    16.289     1.23    1.62
  28982.279    16.641     1.23    1.71
  29269.428    17.119     1.67    1.82
  29556.598    17.517     1.39    2.26
  29843.788    18.063     1.90    2.61
  30130.999    18.674     2.13    2.81
  30418.230    19.048     1.30    2.70
  30705.482    19.311     0.92    2.64
  30992.754    19.851     1.88    2.84
  31280.047    20.004     0.53    2.44
  31567.360    20.535     1.85    2.58
  31854.694    20.942     1.42    2.44
  32142.049    21.263     1.12    2.33
  32429.424    21.660     1.38    2.18
  32716.819    21.953     1.02    1.86
  33004.235    22.127     0.60    1.63
  33291.672    22.214     0.31    1.39
  33579.130    22.418     0.71    1.46
  33866.607    22.735     1.10    1.59
  34154.106    23.021     1.00    1.64
  34441.625    23.363     1.19    1.69
  34729.165    23.637     0.95    1.85
  35016.725    24.097     1.60    2.09
  35304.306    24.496     1.38    2.36
  35591.908    24.762     0.92    2.52
  35879.530    24.856     0.33    2.26
  36167.172    24.945     0.31    2.06
  36454.836    24.885    -0.21    1.67
  36742.520    24.767    -0.41    1.16
  37030.225    24.584    -0.64    1.62
  37317.950    24.369    -0.75    1.99
  37605.696    24.013    -1.24    2.30
  37893.463    23.504    -1.77    2.44
  38181.250    22.793    -2.47    2.33
  38469.058    22.389    -1.40    1.96
  38756.887    22.576     0.65    1.99
  39044.736    22.893     1.10    2.00
  39332.606    23.340     1.55    2.04
  39620.497    23.942     2.09    1.91
  39908.408    24.508     1.97    1.60
  40196.340    24.945     1.52    1.24
  40484.293    25.293     1.21    1.10
  40772.266    25.627     1.16    1.05
  41060.261    25.813     0.65    0.97
  41348.276    26.383     1.98    1.93
  41636.311    27.338     3.31    3.16
  41924.368    28.136     2.77    3.65
  42212.445    29.623     5.16    4.21
  42500.543    30.167     1.89    4.23
  42788.661    30.300     0.46    4.13
  43076.801    30.066    -0.81    4.05
  43364.961    28.827    -4.30    3.73
  43653.142    27.752    -3.73    3.21
  43941.343    26.892    -2.98    2.51
  44229.566    26.256    -2.21    1.75
  44517.809    25.897    -1.24    1.37
  44806.073    25.828    -0.24    1.29
  45094.358    26.030     0.70    1.35
  45382.663    26.378     1.21    1.77
  45670.989    26.906     1.83    1.93
  45959.337    27.425     1.80    1.96
  46247.705    27.746     1.11    1.73
  46536.093    27.901     0.54    1.59
  46824.503    27.987     0.30    1.53
  47112.933    27.916    -0.25    1.39
  47401.384    27.756    -0.56    1.21
  47689.856    27.569    -0.65    0.86
  47978.349    27.423    -0.50    0.90
  48266.863    27.434     0.04    0.92
  48555.398    27.375    -0.20    1.02
  48843.953    27.522     0.51    1.24
  49132.529    27.578     0.20    1.28
  49421.126    27.746     0.58    1.34
  49709.744    27.878     0.46    1.24
  49998.383    27.968     0.31    1.11
  50287.043    27.903    -0.23    1.12
  50575.724    27.750    -0.53    1.05
  50864.425    27.676    -0.26    1.13
  51153.148    27.664    -0.04    1.13
  51441.891    27.671     0.02    1.26
  51730.655    27.997     1.13    1.96
  52019.440    28.573     2.00    2.68
  52308.246    29.083     1.77    2.88
  52597.073    29.597     1.78    2.83
  52885.921    29.969     1.29    2.55
  53174.790    30.272     1.05    2.42
  53463.680    30.504     0.80    2.34
  53752.590    30.495    -0.03    2.15
  54041.522    30.366    -0.45    1.75
  54326.409    31.408     3.66    3.27
  54610.997    32.278     3.06    3.54
  54895.604    32.959     2.39    3.49
  55180.231    33.151     0.68    3.11
  55464.877    33.234     0.29    2.81
  55749.543    33.395     0.57    2.51
  56034.229    33.539     0.50    2.19
  56318.934    33.197    -1.20    1.78
  56603.659    33.418     0.78    1.91
  56888.404    33.821     1.42    1.98
  57173.168    34.355     1.87    1.92
  57457.952    34.953     2.10    2.00
  57742.755    35.341     1.36    1.94
  58027.578    35.654     1.10    1.93
  58312.421    36.003     1.23    1.92
  58597.283    36.116     0.40    2.10
  58882.165    35.776    -1.20    2.50
  59167.067    35.772    -0.02    2.47
  59451.988    35.688    -0.29    2.45
  59736.929    35.767     0.28    2.59
  60021.890    36.039     0.95    2.53
  60306.870    36.427     1.36    2.55
  60591.870    37.249     2.89    1.84
  60876.890    37.526     0.97    1.60
  61161.929    37.375    -0.53    1.66
  61446.988    37.254    -0.42    1.69
  61732.067    37.163    -0.32    1.68
  62017.165    36.908    -0.89    1.62
  62302.284    36.501    -1.43    1.66
  62587.421    36.358    -0.50    1.50
  62872.579    36.399     0.14    1.43
  63157.756    36.428     0.10    1.58
  63442.953    36.496     0.24    1.53
  63728.170    36.522     0.09    1.47
  64013.407    36.592     0.25    1.43
  64298.663    36.605     0.05    1.34
  64583.939    36.812     0.72    1.32
  64869.235    37.150     1.19    1.39
  65154.550    37.570     1.47    1.45
  65439.886    37.969     1.40    1.50
  65725.241    38.225     0.90    1.47
  66010.615    38.586     1.26    1.53
  66296.010    38.933     1.22    1.60
  66581.424    39.473     1.89    1.83
  66866.858    39.688     0.76    1.98
  67152.312    39.804     0.41    2.15
  67437.786    39.685    -0.42    2.22
  67723.280    39.508    -0.62    2.34
  68008.793    39.341    -0.59    2.50
  68294.326    38.861    -1.68    2.55
  68579.879    38.535    -1.14    2.49
  68865.452    38.100    -1.52    2.26
  69151.044    37.893    -0.72    2.10
  69436.657    37.680    -0.75    1.83
  69722.289    37.340    -1.19    1.92
  70007.941    37.251    -0.31    2.25
  70293.613    37.261     0.03    2.28
  70579.305    37.232    -0.10    2.43
  70865.016    37.304     0.25    2.53
  71150.748    36.959    -1.21    2.47
  71436.499    36.778    -0.63    3.00
  71722.270    36.642    -0.48    3.61
  72008.061    36.355    -1.01    4.03
  72293.872    35.951    -1.41    4.59
  72579.703    35.513    -1.53    5.08
  72865.554    34.674    -2.94    5.24
  73151.424    33.767    -3.17    5.11
  73437.315    32.782    -3.44    4.76
  73723.225    31.893    -3.11    4.55
  74009.155    30.997    -3.14    3.89
  74295.105    30.366    -2.20    3.26
  74581.075    29.785    -2.03    3.23
  74867.065    29.789     0.01    3.20
  75153.075    29.318    -1.65    3.12
  75439.105    29.056    -0.92    2.82
  75725.155    28.679    -1.32    2.52
  76011.225    28.332    -1.21    2.18
  76297.314    27.928    -1.41    1.57
  76583.424    27.496    -1.51    1.25
  76869.553    27.267    -0.80    1.30
  77155.703    27.133    -0.47    1.49
  77441.872    27.047    -0.30    1.72
  77728.062    27.081     0.12    2.30
  78014.271    26.793    -1.01    2.49
  78300.500    26.478    -1.10    2.89
  78586.750    26.073    -1.42    2.99
  78873.019    25.517    -1.94    3.07
  79159.308    24.653    -3.02    2.60
  79445.618    23.891    -2.66    2.06
  79731.947    23.522    -1.29    1.54
  80018.296    23.632     0.39    1.72
  80304.665    24.171     1.88    2.18
  80591.055    24.676     1.77    2.52
  80877.464    25.073     1.38    2.48
  81163.893    25.646     2.00    2.44
  81450.343    25.855     0.73    2.29
  81736.812    25.469    -1.35    1.57
  82023.302    25.496     0.10    1.46
  82309.811    25.530     0.12    1.41
  82596.341    25.478    -0.18    1.33
  82882.890    25.609     0.46    1.51
  83169.460    25.728     0.41    1.57
  83456.049    25.902     0.61    1.56
  83742.659    25.785    -0.41    1.68
  84029.289    25.583    -0.70    2.57
  84315.939    25.183    -1.40    2.82
  84602.609    25.056    -0.44    2.93
  84889.299    25.092     0.13    2.97
  85176.009    25.012    -0.28    2.85
  85462.739    25.030     0.06    2.75
  85749.490    25.335     1.06    2.72
  86036.260    26.395     3.70    3.09
  86323.051    27.101     2.46    2.95
  86609.861    27.616     1.80    2.93
  86896.692    27.988     1.29    2.99
  87183.543    28.726     2.57    3.02
  87470.414    29.513     2.74    2.91
  87757.305    29.802     1.01    2.70
  88044.216    30.022     0.77    2.70
  88331.148    30.174     0.53    2.90
  88618.099    30.302     0.45    2.75
  88905.071    30.621     1.11    2.74
  89192.063    30.475    -0.51    3.04
  89479.075    30.793     1.11    3.16
  89766.107    30.951     0.55    3.27
  90053.160    30.213    -2.57    4.39
  90340.232    28.691    -5.30    5.71
  90627.325    27.107    -5.52    6.57
  90914.438    25.671    -5.00    6.51
  91201.571    26.195     1.83    7.24
  91488.724    26.996     2.79    7.65
  91775.898    27.132     0.47    7.73
  92063.092    27.846     2.49    7.65
  92350.306    28.258     1.44    7.11
  92637.540    28.242    -0.06    7.21
  92924.794    27.140    -3.84    7.15
  93212.069    25.307    -6.38    6.36
  93499.364    23.451    -6.46    5.16
  93786.679    22.081    -4.77    4.13
  94074.014    21.412    -2.33    3.33
  94361.370    20.780    -2.20    2.43
  94648.745    20.758    -0.08    2.36
  94936.141    20.970     0.74    2.60
  95223.558    21.509     1.88    3.09
  95510.994    22.158     2.26    3.19
  95798.451    22.899     2.58    3.24
  96085.928    23.282     1.33    3.41
  96373.426    23.568     0.99    3.55
  96660.943    24.287     2.50    3.51
  96948.481    24.276    -0.04    3.67
  97236.039    24.285     0.03    3.82
  97523.618    24.361     0.26    4.09
  97811.217    24.509     0.52    4.22
  98098.836    25.195     2.39    3.88
  98386.476    25.500     1.06    3.70
  98674.135    25.513     0.05    3.99
  98961.815    25.344    -0.59    4.12
  99249.516    24.837    -1.76    4.20
  99537.237    24.434    -1.40    4.20
  99824.978    23.987    -1.55    4.28
 100112.739    23.156    -2.89    4.03
 100400.521    22.482    -2.34    4.04
 100688.323    21.662    -2.85    3.19
 100976.146    21.381    -0.98    2.85
 101263.989    21.328    -0.18    3.13
 101551.852    21.945     2.14    3.61
 101839.736    22.127     0.63    3.79
 102127.640    22.323     0.68    4.08
 102415.564    22.598     0.95    4.19
 102703.509    22.623     0.09    4.18
 102991.474    22.390    -0.81    3.76
 103279.459    22.065    -1.13    3.09
 103567.465    22.501     1.51    3.47
 103855.492    23.091     2.05    3.57
 104143.539    23.714     2.17    3.61
 104431.606    24.372     2.28    3.73
 104719.693    24.904     1.85    3.62
 105007.801    25.352     1.56    3.21
 105295.930    25.561     0.73    2.91
 105584.079    25.197    -1.26    2.67
 105872.248    25.423     0.79    2.46
 106160.438    25.580     0.54    2.25
 106448.648    25.561    -0.07    2.28
 106736.879    26.082     1.81    2.75
 107025.130    27.047     3.35    3.21
 107313.402    27.847     2.77    3.35
 107601.694    28.970     3.90    2.93
 107890.007    29.776     2.80    3.00
 108178.340    30.774     3.46    2.97
 108466.693    31.106     1.15    3.58
 108755.067    31.615     1.76    4.22
 109043.462    32.004     1.35    4.50
 109331.877    32.613     2.11    4.48
 109620.312    32.987     1.30    4.73
 109908.769    34.030     3.62    4.84
 110197.245    35.241     4.20    4.67
 110485.742    36.416     4.07    4.44
 110774.260    36.284    -0.46    4.26
 111062.798    36.327     0.15    3.92
 111351.357    36.291    -0.12    3.69
 111639.936    35.635    -2.27    3.65
 111928.536    34.663    -3.37    3.40
 112217.156    33.865    -2.76    2.58
 112505.797    33.346    -1.80    1.56
 112794.459    33.815     1.62    1.96
 113083.141    34.256     1.53    2.08
 113371.843    34.505     0.86    1.96
 113660.566    34.598     0.32    2.26
 113949.310    34.565    -0.11    2.40
 114238.075    34.223    -1.18    2.27
 114526.859    34.047    -0.61    2.15
 114815.665    34.073     0.09    2.34
 115104.491    33.899    -0.60    2.00
 115393.338    34.013     0.39    1.76
 115682.205    34.352     1.18    1.99
 115970.909    34.420     0.23    1.77
 116255.507    34.425     0.02    1.69
 116540.123    34.741     1.11    1.69
 116824.759    34.954     0.75    1.73
 117109.414    35.310     1.25    2.12
 117394.089    35.916     2.13    2.53
 117678.783    36.223     1.08    2.71
 117963.496    36.589     1.29    2.88
 118248.228    37.274     2.40    2.90
 118532.980    37.723     1.58    3.10
 118817.751    38.048     1.14    3.21
 119102.541    38.383     1.18    2.86
 119387.351    38.458     0.26    2.67
 119672.180    39.004     1.92    2.82
 119957.028    39.526     1.83    3.22
 120241.895    39.948     1.48    3.25
 120526.782    40.589     2.25    3.33
 120811.688    41.574     3.46    3.57
 121096.614    42.708     3.98    3.85
 121381.559    43.980     4.46    3.88
 121666.523    45.021     3.66    3.81
 121951.506    46.346     4.65    3.56
 122236.509    47.284     3.29    3.37
 122521.531    48.190     3.18    3.06
 122806.573    48.204     0.05    3.36
 123091.634    48.013    -0.67    4.06
 123376.714    47.669    -1.21    5.10
 123661.814    46.442    -4.30    5.76
 123946.933    44.837    -5.63    5.79
 124232.072    44.486    -1.23    6.88
 124517.229    44.503     0.06    7.40
 124802.407    44.514     0.04    7.51
 125087.603    44.963     1.57    6.92
