# NaN NaN NaN ;Mean Elev.(m), Avg Gradient(m/km), RMS Gradient(m/km) - SRTM1     
#   18.845  -0.660   2.517 ;Mean Elev.(m), Avg Gradient(m/km), RMS Gradient(m/km) - ASTER GDEM
#   21.551   0.191   2.044 ;Mean Elev.(m), Avg Gradient(m/km), RMS Gradient(m/km) - GMTED2010 
   1  67.519565  61.834064    21.503    21.547  4 54662.29240395 44.762
   2  67.518695  61.835069    21.029    21.388  4 54672.20804914 27.337
   3  67.515079  61.835586   -17.410   -17.405  5 54682.12369250  6.773
   4  67.514602  61.835728    21.081    21.202  4 54692.03933486 29.156
   5  67.517152  61.834947   -12.532   -12.494  5 54701.95497497  7.784
   6  67.519418  61.833671    16.838    17.108  5 54711.87062278 37.949
   7  67.519122  61.832629    -3.835    -3.774  4 54721.78627363  8.879
   8  67.519834  61.833138    15.285    15.191  5 54731.70192225 40.375
   9  67.519226  61.834510    15.326    15.341  4 54741.61756931 47.164
  10  67.515735  61.834434    19.487    20.706  4 54751.53321588 26.591
  11  67.516373  61.834498    16.748    16.972  5 54761.44886266 32.469
  12  67.517940  61.833506    17.214    15.893  4 54771.36450699 31.764
  13  67.521435  61.833173    15.636    15.517  5 54781.28014843 45.684
  14  67.522876  61.832895    15.461    15.479  4 54791.19578705 41.817
  15  67.520177  61.832696    16.885    16.819  4 54801.11142410 40.085
  16  67.520681  61.833447    17.561    17.583  4 54811.02706153 37.045
  17  67.519617  61.833437    17.501    17.525  4 54820.94270172 29.501
  18  67.518696  61.833636    17.064    17.064  4 54830.85835377 23.438
  19  67.516864  61.834192    16.651    16.642  5 54840.77399232 20.745
  20  67.514740  61.835719    16.235    16.252  4 54850.68964127 18.776
  21  67.510778  61.836837    15.827    15.911  5 54860.60528964 16.355
  22  67.511366  61.838095    17.947    18.449  4 54870.52093858 13.136
  23  67.512503  61.836970    19.016    19.186  5 54880.43658597 12.654
  24  67.515089  61.834630    17.219    16.966  4 54890.35223012 14.194
  25  67.519498  61.833706    18.017    18.722  4 54900.26787152 14.163
  26  67.518580  61.833866    17.374    18.416  5 54910.18351042 14.166
  27  67.516337  61.834843    14.352    14.350  4 54920.09914800 15.791
  28  67.515664  61.834984    14.609    14.583  4 54930.01478517 11.094
  29  67.520019  61.834043    14.972    14.927  4 54939.93042159 23.542
  30  67.521938  61.831368    18.974    18.942  4 54949.84605596 38.696
  31  67.525267  61.830620    20.737    20.748  3 54959.76169484 45.330
  32  67.524118  61.831815    20.944    20.914  3 54969.67734344 33.447
  33  67.522231  61.833632    26.268    21.671  4 54979.59299094 29.485
  34  67.518043  61.834179    48.942    41.282  4 54989.50863795 15.194
  35  67.517404  61.834326    20.983    20.978  4 54999.42428527 51.876
  36  67.516642  61.834129    21.173    21.223  4 55009.33993073 30.775
  37  67.517135  61.834433    20.354    20.378  4 55019.25557460 41.709
  38  67.515963  61.835473    20.922    20.972  5 55029.17121704 28.447
  39  67.512925  61.836097    20.048    19.603  5 55039.08685863 43.934
  40  67.513882  61.836432    19.932    20.308  5 55049.00249926 32.318
  41  67.515823  61.834524    21.193    21.172  4 55058.91813763 22.914
  42  67.521119  61.832650    18.023    16.950  4 55068.83377705 31.773
  43  67.523195  61.831799    16.741    16.746  4 55078.74942693 38.087
  44  67.521814  61.832575    16.235    16.193  4 55088.66507457 43.099
  45  67.518446  61.834280    16.271    16.221  4 55098.58072079 39.816
  46  67.516272  61.835489    16.451    15.377  5 55108.49636659 34.123
  47  67.517782  61.835044    15.259    15.166  4 55118.41201151 37.215
  48  67.520638  61.833139    19.751    20.772  5 55128.32765400 25.471
  49  67.524490  61.832222    15.530    15.277  4 55138.24329453 49.523
  50  67.523230  61.832223    15.005    14.978  5 55148.15893306 37.775
  51  67.520505  61.833504    15.602    15.581  4 55158.07457097 33.418
  52  67.517897  61.834248    15.879    15.908  4 55167.99020861 28.469
  53  67.518686  61.834280    15.869    15.927  4 55177.90584579 28.014
  54  67.519945  61.833720    18.605    19.305  5 55187.82149024 17.291
  55  67.518932  61.834096    19.401    19.441  4 55197.73714097 17.256
  56  67.517096  61.835614    19.499    19.446  4 55207.65279076 14.803
  57  67.511708  61.836244    19.804    19.859  4 55217.56843963 13.451
  58  67.511430  61.836780    19.366    19.466  5 55227.48408830 13.735
  59  67.514418  61.835896    19.216    19.105  4 55237.39973428 13.843
  60  67.518020  61.833782    19.574    19.576  5 55247.31537668 12.345
  61  67.521348  61.832782    19.861    19.798  4 55257.23101661 12.006
  62  67.521919  61.833469    19.321    19.535  4 55267.14665548 12.174
  63  67.518840  61.834530    19.152    19.290  4 55277.06229344 12.892
  64  67.515826  61.834174    17.670    17.336  4 55286.97793009 12.168
  65  67.521018  61.833748    15.139    13.911  4 55296.89356522 13.214
  66  67.524903  61.832168    14.046    13.979  3 55306.80920624 37.185
  67  67.524540  61.831146    17.604    16.768  5 55316.72485270 41.759
  68  67.523543  61.832145    18.749    18.641  4 55326.64049817 51.482
  69  67.518148  61.833141    21.495    21.743  4 55336.55614228 28.504
  70  67.515183  61.834304    21.021    21.036  4 55346.47178619 31.861
  71  67.514827  61.834591    21.187    21.271  4 55356.38742889 35.454
  72  67.515673  61.834338    21.304    21.307  4 55366.30306960 37.839
  73  67.516754  61.834043    21.372    21.381  4 55376.21870881 39.230
  74  67.518201  61.834551    21.382    21.351  5 55386.13434713 37.756
  75  67.516199  61.834188    21.304    21.306  4 55396.04998411 34.577
  76  67.517080  61.834107    21.210    21.209  5 55405.96562516 47.033
  77  67.518615  61.833886    20.758    20.718  4 55415.88127650 27.032
  78  67.521715  61.833041    20.040    20.197  5 55425.79692466 28.379
  79  67.523216  61.832299    17.529    17.390  5 55435.71257007 36.378
  80  67.522548  61.832810    20.653    20.626  4 55445.62821417 23.143
  81  67.517876  61.833295    20.609    20.499  4 55455.54385718 26.614
  82  67.517085  61.834370    15.861    15.870  4 55465.45949991 46.235
  83  67.517258  61.833364    15.617    15.601  4 55475.37513954 44.588
  84  67.522176  61.832193    20.705    20.687  5 55485.29077649 28.499
  85  67.526956  61.831492    20.427    20.448  4 55495.20641131 28.322
  86  67.525956  61.831413    20.561    20.520  3 55505.12204487 30.367
  87  67.520337  61.832807    16.500    15.145  4 55515.03769496 38.529
  88  67.518757  61.834837    14.793    14.787  4 55524.95334459 34.785
  89  67.515821  61.835000    15.389    15.380  5 55534.86899196 33.598
  90  67.514689  61.834588    15.599    15.566  4 55544.78463748 22.899
  91  67.515920  61.835100    15.561    15.551  4 55554.70028148 21.903
  92  67.514632  61.835408    15.228    15.244  5 55564.61592431 18.722
  93  67.515300  61.835613    15.123    15.145  5 55574.53156675 16.884
  94  67.515355  61.834252    14.779    14.769  4 55584.44720744 18.245
  95  67.518997  61.832964    14.723    14.750  4 55594.36284506 17.143
  96  67.523792  61.832144    14.797    14.788  5 55604.27847950 15.012
  97  67.525967  61.831613    15.064    14.247  3 55614.19411157 14.444
  98  67.525174  61.831773    14.405    14.247  4 55624.10974972 14.300
  99  67.522590  61.832862    14.320    14.258  4 55634.02540210 14.071
 100  67.520362  61.832956    14.053    14.047  4 55643.94105215 14.052
 101  67.521010  61.832872    15.239    15.441  4 55653.85669960 15.997
 102  67.523040  61.832505    14.322    14.269  4 55663.77234272 42.576
 103  67.523106  61.832375    16.718    16.767  5 55673.68798279 44.869
 104  67.520069  61.832256    20.827    20.870  4 55683.60362113 30.322
 105  67.520103  61.833302    26.116    21.336  4 55693.51925859 29.881
 106  67.518921  61.833370    20.970    20.860  4 55703.43489436 32.667
 107  67.519599  61.834019    25.921    20.985  4 55713.35053935 31.200
 108  67.517548  61.834255    20.875    20.895  5 55723.26618849 32.407
 109  67.516406  61.834875    20.929    20.913  5 55733.18183573 29.160
 110  67.515291  61.835207    20.529    20.562  4 55743.09748162 29.179
 111  67.514616  61.834762    25.494    20.719  4 55753.01312606 28.360
 112  67.517665  61.833895    17.867    17.984  5 55762.92876851 39.065
 113  67.522733  61.833221    20.097    20.387  4 55772.84440836 16.667
 114  67.524655  61.832111    17.540    16.707  4 55782.76004443 25.448
 115  67.523563  61.831592    20.465    20.350  3 55792.67567781 23.324
 116  67.522859  61.831768    15.978    16.031  5 55802.59131222 37.470
 117  67.521480  61.832684    17.060    15.965  5 55812.50696228 22.344
 118  67.521424  61.832532    15.854    15.859  5 55822.42261067 36.834
 119  67.524174  61.832204    20.263    20.328  4 55832.33825449 24.070
 120  67.524913  61.831463    17.475    17.211  5 55842.25389360 31.590
 121  67.525249  61.831798    15.191    15.204  4 55852.16952966 34.465
 122  67.523911  61.832652    15.247    15.091  4 55862.08516357 34.146
 123  67.518670  61.833735    14.973    14.971  4 55872.00081767 39.199
 124  67.517977  61.834316    15.103    15.175  5 55881.91646731 24.571
 125  67.518854  61.834280    15.213    15.262  5 55891.83211048 20.963
 126  67.517873  61.833499    15.178    15.216  4 55901.74774769 20.816
 127  67.519457  61.834014    15.180    15.185  4 55911.66338210 20.446
 128  67.515739  61.835004    15.126    15.115  5 55921.57903644 17.709
 129  67.515501  61.835047    14.830    14.862  5 55931.49468836 18.273
 130  67.517844  61.833737    14.591    14.631  4 55941.41033630 17.144
 131  67.521837  61.832515    14.583    14.583  4 55951.32597992 15.982
 132  67.523089  61.832180    14.785    14.724  4 55961.24161959 15.117
 133  67.522412  61.833069    14.459    14.418  4 55971.15725690 15.096
 134  67.519092  61.833259    13.965    13.951  4 55981.07289265 15.233
 135  67.521243  61.833036    15.173    15.307  4 55990.98852763 15.751
 136  67.522681  61.832274    13.797    13.726  4 56000.90417301 22.108
 137  67.525066  61.832071    13.632    13.659  4 56010.81982344 19.264
 138  67.522683  61.831773    13.529    13.490  4 56020.73546958 20.051
 139  67.520060  61.832918    15.716    14.496  5 56030.65111299 34.363
 140  67.518005  61.834618    16.111    16.166  5 56040.56675459 41.443
 141  67.516308  61.834935    26.152    21.453  4 56050.48239391 25.612
 142  67.516632  61.834288    31.221    31.136  4 56060.39803063 25.731
 143  67.519791  61.833365    20.812    20.790  4 56070.31366753 28.802
 144  67.518793  61.833755    20.189    20.302  4 56080.22931836 37.180
 145  67.516754  61.834693    29.163    31.206  5 56090.14496640 24.385
 146  67.514931  61.835545    18.174    17.396  5 56100.06061196 37.100
 147  67.515009  61.834969    16.610    16.605  5 56109.97624343 41.663
 148  67.519584  61.833491    15.858    15.847  4 56119.89188370 36.760
 149  67.523071  61.831066    14.766    14.772  4 56129.80752011 31.625
 150  67.526249  61.830367    14.710    14.723  5 56139.72315360 45.395
 151  67.521316  61.831625    14.652    14.635  4 56149.63880341 37.684
 152  67.518127  61.833624    14.565    14.485  4 56159.55445253 38.117
 153  67.518730  61.834665    14.343    14.310  4 56169.47010053 43.463
 154  67.521425  61.833737    14.683    14.680  4 56179.38574507 32.228
 155  67.522697  61.831893    16.750    17.236  5 56189.30138514 30.734
 156  67.523960  61.831586    19.068    20.327  5 56199.21702218 31.154
 157  67.521769  61.832355    14.681    14.669  4 56209.13265630 32.896
 158  67.518604  61.833251    14.756    14.751  4 56219.04828852 35.716
 159  67.517330  61.834686    15.129    14.385  5 56228.96393562 28.704
 160  67.515933  61.834374    14.038    13.982  4 56238.87958915 40.480
 161  67.517680  61.834311    14.782    14.734  4 56248.79523916 36.350
 162  67.517970  61.833941    14.783    14.703  5 56258.71088414 33.325
 163  67.516788  61.834439    14.673    14.687  5 56268.62652618 20.504
 164  67.517000  61.835163    14.603    14.601  4 56278.54216670 19.196
 165  67.516167  61.835290    14.306    14.322  4 56288.45781626 19.047
 166  67.518657  61.834154    14.055    14.088  4 56298.37346527 18.770
 167  67.522893  61.833045    14.008    13.950  4 56308.28911048 17.783
 168  67.521282  61.831670    15.034    13.716  4 56318.20475248 15.651
 169  67.520148  61.833037    13.473    13.481  4 56328.12039353 15.892
 170  67.518381  61.834367    13.325    13.411  5 56338.03603349 15.446
 171  67.517890  61.834217    13.225    13.267  5 56347.95167151 15.783
 172  67.521162  61.832749    13.427    13.273  4 56357.86730697 13.065
 173  67.523034  61.832133    14.672    13.401  5 56367.78295647 14.719
 175  67.518321  61.833960    13.570    13.329  5 56387.61425001 15.544
 176  67.513166  61.835164    13.256    13.216  4 56397.52989318 17.293
 177  67.512572  61.835968    14.551    14.557  4 56407.44553443 37.261
 178  67.515557  61.835495    18.639    17.621  4 56417.36117195 34.866
 179  67.519056  61.833713    21.390    21.659  4 56427.27680465 28.973
 180  67.520014  61.834186    21.026    20.992  4 56437.19245709 42.767
 181  67.518354  61.835102    21.271    21.278  4 56447.10810851 34.340
 182  67.513851  61.835203    21.358    21.428  4 56457.02375729 37.284
 183  67.514976  61.835368    21.718    21.640  5 56466.93940338 44.892
 184  67.518085  61.834315    21.756    21.765  4 56476.85504551 42.608
 185  67.521488  61.832531    21.713    21.722  4 56486.77068395 33.614
 186  67.524985  61.832258    21.658    21.653  3 56496.68631995 32.817
 187  67.522734  61.831979    21.432    21.466  4 56506.60195414 35.501
 188  67.521749  61.832693    20.948    21.015  5 56516.51758913 32.689
 189  67.520386  61.833847    17.180    17.104  4 56526.43324379 37.715
 190  67.518799  61.833067    26.084    21.267  4 56536.34889404 27.415
 192  67.521494  61.833489    16.471    16.421  4 56556.18018488 41.541
 193  67.519051  61.834502    19.341    20.384  4 56566.09582745 28.044
 194  67.515833  61.835521    18.278    17.889  5 56576.01146856 33.944
 195  67.514619  61.835476    15.034    15.097  5 56585.92710648 36.247
 196  67.515484  61.834356    15.332    15.088  4 56595.84274435 41.957
 197  67.517382  61.834603    15.567    15.546  5 56605.75839690 45.365
 198  67.518217  61.834615    16.529    16.319  4 56615.67404454 44.314
 199  67.518261  61.834750    17.296    17.260  4 56625.58968856 39.525
 200  67.518302  61.834716    17.354    17.340  4 56635.50532984 33.639
 201  67.518897  61.833886    17.810    17.787  4 56645.42096871 29.382
 202  67.520991  61.834119    17.729    17.718  4 56655.33662159 27.254
 203  67.520876  61.833130    17.340    17.323  5 56665.25226980 29.021
 204  67.520928  61.833032    17.046    16.995  5 56675.16791538 30.186
 205  67.520742  61.834025    19.883    19.989  4 56685.08355991 17.517
 206  67.519248  61.834587    18.383    18.299  4 56694.99920221 17.606
 207  67.519986  61.834431    18.339    18.339  4 56704.91484015 16.545
 208  67.522101  61.833244    19.969    20.077  4 56714.83047268 16.351
 210  67.517814  61.834054    21.463    21.448  4 56734.66177397 11.759
 211  67.515175  61.835527    21.475    21.540  5 56744.57742059 10.381
 212  67.514264  61.836367    22.003    22.003  5 56754.49306304 15.080
 213  67.514174  61.835506    15.912    15.842  5 56764.40869985 26.509
 214  67.516577  61.834467    17.288    17.111  5 56774.32433613 18.547
 215  67.515177  61.834797    20.221    20.085  4 56784.23999314 41.950
 216  67.513812  61.835438    21.427    21.421  4 56794.15564649 40.620
 217  67.512921  61.835977    21.746    21.708  5 56804.07129646 40.568
 218  67.514583  61.835613    21.983    21.940  5 56813.98693915 38.520
 219  67.517814  61.834716    22.099    22.100  4 56823.90257844 35.983
 220  67.519116  61.833008    37.213    40.777  4 56833.81821343 22.614
 221  67.521966  61.832290    22.118    22.071  5 56843.73384530 47.003
 222  67.520702  61.832445    21.764    21.775  4 56853.64948786 33.513
 223  67.519805  61.833918    21.590    21.587  4 56863.56514194 44.013
 224  67.516121  61.833942    20.896    20.779  4 56873.48079504 34.399
 225  67.516735  61.834387    19.080    19.113  5 56883.39644542 45.920
 226  67.515709  61.834083    26.174    21.273  4 56893.31209216 29.002
 227  67.515559  61.834593    26.167    21.439  4 56903.22773586 28.479
 228  67.513875  61.835683    25.299    21.297  5 56913.14337746 31.692
 229  67.512468  61.836263    17.074    16.974  5 56923.05901730 50.658
 230  67.513386  61.836247    24.615    21.481  4 56932.97465486 26.983
 231  67.514782  61.834619    17.484    16.658  4 56942.89028700 30.571
 232  67.516294  61.833833    16.548    16.527  4 56952.80593192 44.100
 233  67.516159  61.834075    17.570    17.533  4 56962.72158254 33.504
 234  67.516213  61.834982    18.155    18.201  4 56972.63722847 28.106
 235  67.516064  61.835176    19.136    19.172  5 56982.55287012 21.142
 236  67.518639  61.834436    19.212    19.266  5 56992.46850736 18.438
 237  67.523471  61.832863    18.786    18.784  4 57002.38414216 17.750
 238  67.522031  61.832256    18.089    18.093  4 57012.29979915 18.371
 239  67.521170  61.832691    17.307    17.308  4 57022.21545058 17.556
 240  67.518073  61.833784    16.876    16.802  5 57032.13109905 15.196
 241  67.517622  61.835083    16.613    16.518  4 57042.04674564 13.331
 242  67.517228  61.835000    17.325    17.102  4 57051.96238991 12.806
 243  67.518024  61.833575    18.431    18.575  4 57061.87802985 15.096
 244  67.520225  61.832721    20.575    20.417  4 57071.79366461 12.179
 245  67.521753  61.833011    15.723    15.682  5 57081.70929535 15.776
 246  67.518255  61.834429    20.512    20.421  4 57091.62493944 14.321
 247  67.511806  61.835815    21.636    21.616  4 57101.54059650  9.887
 248  67.512489  61.836772    21.450    21.558  5 57111.45625081 10.577
 249  67.514204  61.835555    21.125    21.322  5 57121.37189917  6.739
 250  67.516248  61.834216    15.528    15.529  4 57131.28754186 21.879
 251  67.518236  61.834188    17.673    17.748  5 57141.20317955 32.367
 252  67.517843  61.834566    21.664    21.579  4 57151.11881371 34.991
 253  67.518087  61.834134    21.549    21.542  4 57161.03444455 46.285
 254  67.519978  61.834569    21.812    21.810  4 57170.95009981 40.958
 255  67.521940  61.833705    22.067    22.020  4 57180.86575477 33.093
 256  67.522590  61.832808    22.466    22.463  4 57190.78140569 53.674
 257  67.520818  61.833146    22.880    22.846  4 57200.69705335 52.878
 258  67.517950  61.834360    23.312    23.282  4 57210.61268742 38.748
 259  67.515199  61.834956    23.099    23.190  4 57220.52833125 33.557
 260  67.517973  61.835318    23.370    23.351  4 57230.44397441 35.383
 261  67.518309  61.834014    22.894    22.830  5 57240.35961480 32.304
 262  67.521784  61.833641    22.142    22.150  4 57250.27525279 32.192
 263  67.519735  61.833298    20.748    20.730  4 57260.19088804 44.498
 264  67.518701  61.834389    18.890    18.941  4 57270.10652220 51.818
 265  67.514378  61.835811    25.272    21.209  5 57280.02217507 31.987
 266  67.513938  61.836365    17.895    17.923  4 57289.93783052 43.932
 267  67.514896  61.835402    26.057    21.459  4 57299.85348301 31.139
 268  67.518227  61.834432    20.778    20.793  5 57309.76913209 25.227
 269  67.518829  61.834407    17.907    17.775  4 57319.68477763 50.970
 270  67.516399  61.835075    17.689    17.746  5 57329.60042015 45.311
 271  67.514591  61.835835    18.041    18.002  5 57339.51606060 40.424
 272  67.515265  61.835941    18.930    18.943  4 57349.43171030 35.158
 273  67.516456  61.833821    19.496    19.494  4 57359.34735593 32.360
 274  67.522585  61.832985    19.680    19.670  4 57369.26299894 22.086
 275  67.520420  61.832048    19.737    19.650  4 57379.17863853 17.571
 276  67.521071  61.833969    19.493    19.424  4 57389.09427724 17.941
 277  67.516397  61.833896    19.770    19.930  4 57399.00991428 15.308
 278  67.518556  61.833928    20.189    20.273  4 57408.92555162 12.093
 279  67.519518  61.833659    19.574    19.487  4 57418.84120448 11.964
 280  67.519156  61.833492    20.012    20.073  5 57428.75685468 12.611
 281  67.517703  61.834762    19.729    19.738  4 57438.67250258 12.602
 282  67.513178  61.836013    20.920    20.802  4 57448.58814901 13.355
 283  67.510873  61.836912    21.079    20.999  4 57458.50379439 13.094
 284  67.512650  61.836523    21.281    21.375  5 57468.41943711 14.427
 285  67.516397  61.834581    21.318    21.542  4 57478.33507579 15.314
 286  67.521151  61.833200    16.384    16.389  4 57488.25071146 31.484
 287  67.522901  61.832402    19.763    19.697  5 57498.16634480 31.285
 288  67.519615  61.832537    21.071    21.064  4 57508.08198491 52.997
 289  67.519486  61.834739    21.295    21.230  4 57517.99764115 36.212
 290  67.516837  61.834392    21.642    21.597  4 57527.91329397 48.635
 291  67.521009  61.834013    21.857    21.844  4 57537.82894460 32.856
 292  67.522610  61.833076    22.075    22.077  4 57547.74459233 41.576
 293  67.521125  61.832816    22.199    22.234  4 57557.66023849 34.056
 294  67.517149  61.833600    22.425    22.397  4 57567.57588357 51.738
 295  67.515397  61.834849    22.188    22.204  5 57577.49152824 35.602
 296  67.516800  61.835685    21.732    21.662  4 57587.40717188 34.783
 297  67.516895  61.834838    21.011    20.939  5 57597.32281277 34.911
