# NaN NaN NaN ;Mean Elev.(m), Avg Gradient(m/km), RMS Gradient(m/km) - SRTM1     
#    9.743     NaN     NaN ;Mean Elev.(m), Avg Gradient(m/km), RMS Gradient(m/km) - ASTER GDEM
#    1.011   0.059   2.945 ;Mean Elev.(m), Avg Gradient(m/km), RMS Gradient(m/km) - GMTED2010 
   1  65.893442  65.939114     6.414     6.354  5 54667.37141517 28.497
   2  65.892333  65.940025     6.496     6.534  4 54677.28705948 26.559
   3  65.895176  65.941652    -1.279    -1.247  5 54687.20270283 26.568
   4  65.895112  65.942916     6.324     6.321  5 54697.11834414 26.163
   5  65.894445  65.942232     1.948     1.957  5 54707.03398509 26.282
   6  65.891396  65.939837     6.331     6.402  5 54716.94963693 29.469
   7  65.893374  65.937101     4.125     3.669  5 54726.86528671 27.743
   8  65.892538  65.936341     5.128     5.092  6 54736.78093447 28.438
   9  65.894782  65.937464     5.083     5.279  6 54746.69658192 30.198
  10  65.893432  65.939058     4.666     4.911  5 54756.61222859 29.335
  11  65.894424  65.939079     4.621     4.522  5 54766.52787375 31.551
  12  65.892967  65.937398     3.213     3.200  6 54776.44351560 37.143
  13  65.893767  65.935563     3.183     3.181  6 54786.35915525 38.489
  14  65.892459  65.935586     2.813     2.796  6 54796.27479346 30.267
  15  65.893586  65.937631     2.710     2.688  5 54806.19043140 28.025
  16  65.894880  65.939688     4.014     3.958  5 54816.10606877 16.208
  17  65.894907  65.940447     3.342     3.175  5 54826.02171635 16.240
  18  65.895139  65.939619     3.725     3.762  5 54835.93735578 15.925
  19  65.893342  65.939399     3.709     3.772  4 54845.85300526 14.629
  20  65.893128  65.939930     3.752     3.778  5 54855.76865414 13.957
  21  65.893346  65.941243     3.862     3.973  4 54865.68430298 12.945
  22  65.894984  65.941566     4.097     4.200  4 54875.59995152 12.686
  23  65.894102  65.940754     3.061     2.898  5 54885.51559704 12.968
  24  65.893697  65.938579     2.992     2.935  6 54895.43123921 13.000
  25  65.895166  65.936575     3.485     3.618  6 54905.34687890 12.410
  26  65.892534  65.936417     3.711     3.796  6 54915.26251705 13.834
  27  65.894955  65.937396     3.944     3.953  6 54925.17815529 12.650
  28  65.893756  65.938741     4.253     4.281  5 54935.09379248 13.790
  29  65.890997  65.939160     4.363     4.520  5 54945.00942760 14.137
  30  65.892548  65.937935     6.099     6.071  6 54954.92506075  9.579
  31  65.894814  65.936233     4.696     4.662  6 54964.84070762 35.731
  32  65.893134  65.936147     6.593     6.581  6 54974.75635557 39.118
  33  65.895186  65.937516     7.520     7.519  6 54984.67200343 50.672
  34  65.896238  65.939232     7.143     7.128  5 54994.58765110 32.394
  35  65.892913  65.940282     6.763     6.855  5 55004.50329704 34.872
  36  65.894833  65.940049     6.635     6.675  5 55014.41894139 33.701
  37  65.891185  65.939921     6.469     6.476  5 55024.33458383 31.750
  38  65.894418  65.940317     6.310     6.291  5 55034.25022633 36.768
  39  65.893851  65.941179     6.169     6.388  4 55044.16586775 24.478
  40  65.892691  65.941392     6.137     6.441  4 55054.08150749 24.060
  41  65.891229  65.940178     5.690     5.798  5 55063.99714499 31.325
  42  65.892223  65.938262     5.922     5.863  5 55073.91279124 25.947
  43  65.893721  65.936813     5.917     6.029  5 55083.82843946 25.538
  44  65.892672  65.936887     3.130     3.101  6 55093.74408581 44.526
  45  65.893615  65.937479     4.857     5.796  5 55103.65973218 26.930
  46  65.893371  65.938070     5.042     5.042  6 55113.57537820 29.180
  47  65.894624  65.937696     4.726     4.662  6 55123.49102195 27.559
  48  65.895751  65.936812     3.934     4.135  6 55133.40666283 31.972
  49  65.895636  65.936061     2.767     2.797  6 55143.32230150 41.425
  50  65.895853  65.936456     2.016     2.012  6 55153.23793961 32.860
  51  65.894465  65.937784     2.179     2.191  5 55163.15357792 31.612
  52  65.896169  65.939213     2.395     2.380  5 55173.06921620 24.086
  53  65.892429  65.940274     3.770     3.923  5 55182.98485295 19.972
  54  65.894304  65.940169     4.166     4.055  5 55192.90050439 17.474
  55  65.892559  65.940419     4.140     4.229  4 55202.81615423 16.422
  56  65.894982  65.940766     4.089     4.129  5 55212.73180378 16.703
  57  65.893201  65.941019     4.086     4.055  5 55222.64745249 15.073
  58  65.891405  65.940159     4.252     4.250  5 55232.56309987 15.257
  59  65.895380  65.938271     3.474     3.317  5 55242.47874460 14.932
  60  65.893849  65.936855     3.475     3.422  5 55252.39438549 15.060
  61  65.895841  65.936328     2.944     2.599  6 55262.31002448 15.108
  62  65.895203  65.937279     3.732     3.986  5 55272.22566226 15.735
  63  65.892622  65.938221     3.961     4.047  6 55282.14129971 14.286
  64  65.895551  65.938014     2.831     2.456  5 55292.05693650 14.626
  65  65.893152  65.937387     4.060     4.132  6 55301.97257109 14.952
  66  65.893767  65.936392     1.922     1.962  6 55311.88821898 22.907
  67  65.895962  65.936367     3.746     3.747  6 55321.80386461 38.928
  68  65.895544  65.937405     6.353     6.163  6 55331.71950877 40.776
  69  65.891192  65.938885     6.816     6.809  5 55341.63515254 38.298
  70  65.891608  65.939440     6.793     6.690  5 55351.55079655 53.449
  71  65.895736  65.939399     6.427     6.392  5 55361.46643875 26.215
  72  65.894702  65.939723     6.478     6.440  5 55371.38207839 27.469
  73  65.892654  65.940626     6.341     6.370  5 55381.29771648 29.603
  74  65.892876  65.941549     6.346     6.235  5 55391.21335409 33.779
  75  65.893326  65.941644     6.099     6.115  5 55401.12899048 32.009
  76  65.892788  65.940096     4.710     4.743  5 55411.04463975 37.102
  77  65.892789  65.937669     5.821     5.819  6 55420.96028976 47.176
  78  65.893251  65.936091     5.233     5.078  6 55430.87593680 37.303
  79  65.892032  65.936583     5.587     5.590  6 55440.79158128 21.807
  80  65.895363  65.937785     5.130     5.392  5 55450.70722463 24.078
  81  65.895635  65.938604     3.648     2.924  5 55460.62286712 38.527
  82  65.895513  65.937879     5.071     5.106  5 55470.53850847 24.209
  83  65.895710  65.936477     4.471     4.574  6 55480.45414685 27.105
  84  65.891871  65.935903     2.878     2.833  6 55490.36978231 37.114
  85  65.893831  65.936644     4.337     4.501  5 55500.28541615 26.288
  86  65.892024  65.938493     2.857     2.825  5 55510.20105780 47.599
  87  65.894987  65.939575     3.457     3.330  5 55520.11670787 33.743
  88  65.892917  65.940010     2.459     2.563  5 55530.03235652 26.909
  89  65.891912  65.939627     2.283     2.270  5 55539.94800358 24.893
  90  65.890408  65.939529     2.304     2.312  5 55549.86364837 23.533
  91  65.893668  65.940020     2.411     2.396  5 55559.77929190 21.842
  92  65.893093  65.941206     2.986     2.538  5 55569.69493420 19.774
  93  65.893933  65.941278     2.729     2.763  5 55579.61057569 20.387
  94  65.893536  65.939586     3.013     3.004  4 55589.52621448 20.154
  95  65.895300  65.936936     2.447     2.247  6 55599.44185041 19.969
  96  65.894628  65.935583     2.750     2.901  6 55609.35748372 18.918
  97  65.893243  65.936572     2.386     2.317  6 55619.27311533 17.979
  98  65.894991  65.938587     2.152     2.177  5 55629.18876453 17.481
  99  65.895485  65.939568     2.274     2.143  5 55639.10441564 17.301
 100  65.893998  65.938540     3.025     2.976  5 55649.02006437 14.497
 101  65.895033  65.936163     2.795     2.858  6 55658.93571020 15.279
 102  65.893347  65.935123     3.492     3.521  6 55668.85135191 19.175
 103  65.895070  65.936269     4.219     4.192  6 55678.76699151 36.777
 104  65.895521  65.938802     6.230     6.173  5 55688.68262899 35.802
 105  65.894536  65.940741     7.007     7.077  5 55698.59826496 36.091
 106  65.891847  65.941023     6.748     6.746  5 55708.51390149 43.671
 107  65.892835  65.939881     6.444     6.404  5 55718.42955244 30.950
 108  65.890362  65.939553     6.474     6.450  5 55728.34520052 32.956
 109  65.893269  65.940017     6.114     6.120  4 55738.26084759 46.015
 110  65.894939  65.940879     5.875     5.928  5 55748.17649329 24.306
 111  65.893903  65.940873     5.841     5.967  5 55758.09213654 28.431
 112  65.895526  65.939214     5.338     5.410  5 55768.00777734 25.204
 113  65.894212  65.936920     5.578     5.477  6 55777.92341478 21.508
 114  65.891720  65.935667     3.191     2.847  6 55787.83904951 29.339
 115  65.896219  65.936360     4.832     4.747  6 55797.75468334 23.630
 116  65.892860  65.938417     4.601     4.912  6 55807.67032656 28.237
 117  65.895307  65.939623     3.795     3.517  5 55817.58597569 30.534
 118  65.893625  65.938928     4.956     5.068  6 55827.50162081 26.637
 119  65.895605  65.936967     4.009     4.151  6 55837.41726195 24.482
 120  65.893881  65.935668     4.622     4.454  6 55847.33289962 22.104
 121  65.893211  65.936836     2.623     2.559  5 55857.24853501 34.728
 122  65.896416  65.939052     2.987     2.510  5 55867.16417994 35.202
 123  65.893536  65.941152     2.118     2.171  4 55877.07983179 43.353
 124  65.893737  65.941361     1.791     1.793  5 55886.99547769 28.365
 125  65.893259  65.940501     1.868     1.900  5 55896.91111782 22.799
 126  65.894660  65.939641     1.977     1.929  5 55906.82675299 22.045
 127  65.890681  65.940045     2.403     2.353  5 55916.74239792 21.792
 128  65.894006  65.940458     2.645     2.328  4 55926.65805164 21.566
 129  65.893561  65.940500     2.096     2.134  5 55936.57370166 21.129
 130  65.892559  65.938917     1.903     1.839  5 55946.48934677 20.875
 131  65.894401  65.936601     2.633     2.930  6 55956.40498764 20.818
 132  65.895519  65.935403     2.701     2.683  6 55966.32062589 20.296
 133  65.892259  65.936548     3.259     3.385  6 55976.23626266 18.340
 134  65.891957  65.938558     3.064     2.905  5 55986.15189890 18.630
 135  65.893024  65.939719     2.991     3.024  4 55996.06753536 18.189
 136  65.892202  65.938855     2.146     1.986  5 56005.98318710 18.692
 137  65.895960  65.936747     1.883     1.921  6 56015.89883525 18.115
 138  65.892488  65.936122     3.941     3.720  6 56025.81447972 10.297
 139  65.894442  65.937154     3.035     3.070  5 56035.73012284 11.178
 140  65.893375  65.939470     2.996     2.900  5 56045.64576360 30.729
 141  65.892607  65.941219     5.136     5.117  4 56055.56140160 27.424
 142  65.893193  65.941588     6.584     6.564  4 56065.47703576 50.384
 143  65.892892  65.940708     6.424     6.167  5 56075.39268141 39.023
 144  65.890824  65.940167     6.473     6.475  5 56085.30833061 31.795
 145  65.892173  65.939948     6.234     6.233  5 56095.22397776 27.636
 146  65.895059  65.939945     4.594     4.517  5 56105.13962293 39.663
 147  65.890331  65.939627     6.138     6.124  5 56115.05525292 30.641
 148  65.895149  65.938453     4.860     5.036  5 56124.97089162 26.114
 149  65.895396  65.937196     2.758     2.699  6 56134.88652589 36.049
 150  65.894189  65.936721     4.512     5.211  5 56144.80216678 25.114
 151  65.894283  65.937042     3.373     3.064  5 56154.71781681 26.703
 152  65.893924  65.938103     4.350     4.488  6 56164.63346567 27.309
 153  65.893867  65.938772     4.088     4.342  5 56174.54911242 24.562
 154  65.895383  65.938468     2.855     2.176  5 56184.46475421 33.506
 155  65.893181  65.937595     2.163     2.049  5 56194.38039191 38.582
 156  65.892448  65.937293     4.398     4.456  6 56204.29602688 26.047
 157  65.893611  65.938341     2.298     2.268  5 56214.21166049 33.616
 158  65.891865  65.940513     2.334     2.231  5 56224.12729568 49.389
 159  65.893730  65.941485     3.889     4.055  4 56234.04295178 31.048
 160  65.894175  65.941365     1.640     1.631  4 56243.95860381 40.290
 161  65.893839  65.940554     1.611     1.642  5 56253.87425094 34.682
 162  65.893513  65.940155     1.888     1.908  5 56263.78989374 34.035
 163  65.891951  65.940277     1.909     1.926  5 56273.70553456 31.985
 164  65.892330  65.940048     1.867     1.862  4 56283.62117828 24.191
 165  65.893114  65.938965     1.844     1.848  6 56293.53682980 25.111
 166  65.893988  65.937342     1.767     1.770  6 56303.45247697 26.362
 167  65.892737  65.936533     1.934     1.944  6 56313.36811986 21.540
 168  65.895012  65.936839     1.706     1.710  5 56323.28376096 21.416
 169  65.894415  65.938067     1.600     1.628  5 56333.19940119 21.702
 170  65.893375  65.938745     2.747     3.058  6 56343.11504088 19.223
 171  65.892555  65.938646     2.488     2.223  5 56353.03067832 17.117
 172  65.894048  65.937795     2.535     1.951  5 56362.94632059 17.197
 173  65.892723  65.937488     1.807     1.815  5 56372.86196960 15.072
 175  65.894366  65.939523     2.057     1.916  5 56392.69326031 15.576
 176  65.893886  65.940590    11.177    10.998  5 56402.60890281  8.078
 177  65.893408  65.941022     1.866     1.859  5 56412.52454250 16.119
 178  65.894071  65.940762     4.008     3.896  5 56422.44017734 34.072
 179  65.892708  65.940626     6.871     6.894  4 56432.35581883 51.922
 180  65.893896  65.940391     6.447     6.402  4 56442.27147153 30.808
 181  65.892963  65.940497     6.471     6.429  5 56452.18712151 28.319
 182  65.893273  65.939734     6.342     6.277  4 56462.10276915 27.376
 183  65.895084  65.938163     6.121     6.037  5 56472.01841365 22.811
 184  65.892042  65.936922     6.070     6.069  6 56481.93405422 19.975
 185  65.892402  65.936709     5.927     5.992  6 56491.84969132 27.743
 186  65.895017  65.937630     5.969     5.920  5 56501.76532607 39.448
 187  65.891169  65.939344     5.711     5.694  5 56511.68095865 29.778
 188  65.895335  65.939440     5.511     5.638  5 56521.59660497 33.234
 189  65.894384  65.938636     3.734     3.350  5 56531.51225776 26.472
 191  65.893437  65.937487     3.060     2.920  6 56551.34355174 29.772
 192  65.895567  65.938728     4.265     4.349  5 56561.25919463 28.272
 193  65.894219  65.940640     2.385     2.457  5 56571.17483610 33.188
 194  65.892822  65.941945     1.854     1.821  4 56581.09047602 32.373
 195  65.894224  65.941594     2.697     2.737  5 56591.00611209 46.319
 196  65.892104  65.940443     2.764     2.796  5 56600.92176000 33.515
 197  65.891515  65.939645     3.336     3.348  5 56610.83741003 35.824
 198  65.892021  65.940224     3.360     3.349  5 56620.75305544 33.699
 199  65.892423  65.940943     2.994     3.007  4 56630.66869777 26.102
 200  65.892955  65.940519     3.904     3.986  5 56640.58433644 23.645
 201  65.894789  65.938365     3.504     3.429  5 56650.49998357 19.545
 202  65.896058  65.936120     3.246     3.277  6 56660.41563433 19.797
 203  65.893813  65.935869     3.240     3.351  6 56670.33128126 19.386
 204  65.894325  65.937704     3.155     2.948  5 56680.24692626 18.070
 205  65.893077  65.939675     3.862     3.906  5 56690.16256936 17.056
 206  65.891277  65.940155     4.099     4.233  5 56700.07820926 16.618
 207  65.891896  65.938803     3.178     2.743  5 56709.99384474 17.170
 208  65.893217  65.937447     3.045     2.761  5 56719.90948645 17.372
 209  65.894623  65.937424     3.142     2.726  5 56729.82513876 17.489
 210  65.894900  65.939382     4.124     4.195  5 56739.74078699 13.210
 211  65.893228  65.941651     4.364     4.326  4 56749.65643100 12.009
 212  65.895161  65.942358     3.526     3.383  4 56759.57207058 13.341
 213  65.894800  65.941616     3.483     3.563  4 56769.48770365  8.360
 214  65.891466  65.940092     2.512     2.497  5 56779.40335336 24.044
 215  65.894786  65.939005     5.091     4.894  5 56789.31900922 38.944
 216  65.894736  65.939313     7.047     6.919  5 56799.23466139 36.383
 217  65.893528  65.940296     7.185     7.189  5 56809.15030722 41.887
 218  65.893398  65.940152     7.094     7.086  5 56819.06594774 53.096
 219  65.893815  65.938564     6.803     6.746  5 56828.98158460 34.477
 220  65.893338  65.936627     6.892     6.914  5 56838.89721820 30.169
 221  65.891730  65.936458     6.674     6.628  6 56848.81284978 31.585
 222  65.892928  65.937735     6.990     7.001  5 56858.72850438 40.101
 223  65.894341  65.939720     6.646     6.616  5 56868.64415795 30.531
 224  65.891128  65.940488     6.631     6.582  5 56878.55980902 34.914
 225  65.893855  65.939168     6.413     6.484  5 56888.47545735 22.568
 226  65.893337  65.937491     5.928     5.901  6 56898.39110271 24.763
 227  65.894688  65.937421     5.915     5.924  6 56908.30674572 23.753
 228  65.892612  65.939530     6.227     6.270  5 56918.22238641 26.899
 229  65.893038  65.941978     5.891     6.129  4 56928.13802531 22.755
 230  65.895160  65.942892     6.003     6.004  4 56938.05366030 22.027
 231  65.894751  65.941962     3.601     3.624  4 56947.96929315 38.968
 232  65.894080  65.939791     3.693     3.674  5 56957.88494660 34.197
 233  65.892784  65.938686     3.250     3.400  5 56967.80059461 28.309
 234  65.893654  65.939186     3.091     3.127  5 56977.71623876 27.763
 235  65.892856  65.940383     3.303     3.392  5 56987.63187823 25.889
 236  65.894398  65.940440     3.668     3.618  5 56997.54751192 27.095
 237  65.890681  65.939057     3.414     3.401  5 57007.46315892 24.223
 238  65.891852  65.936916     3.293     3.127  6 57017.37881267 22.402
 239  65.894298  65.936178     3.443     3.493  6 57027.29446306 19.489
 240  65.893756  65.937675     3.494     3.402  5 57037.21011132 16.183
 241  65.890996  65.939661     3.523     3.486  5 57047.12575682 16.353
 242  65.892273  65.940471     3.967     3.834  5 57057.04139907 15.044
 243  65.892946  65.939630     3.393     3.232  4 57066.95703587 15.949
 244  65.893547  65.938855     3.479     3.398  6 57076.87266830 16.813
 245  65.893797  65.939138     2.427     2.459  5 57086.78829867 18.798
 246  65.893064  65.940591     2.796     2.508  4 57096.70395741 18.568
 247  65.895264  65.942015     3.431     3.122  4 57106.61961356 15.593
 248  65.893372  65.942578     4.355     4.356  5 57116.53526458 13.861
 249  65.895342  65.941330     2.101     2.068  5 57126.45090977 15.974
 250  65.891455  65.939940     2.391     2.375  5 57136.36654907 16.286
 251  65.892766  65.939063     3.121     3.135  5 57146.28218471 27.063
 252  65.894858  65.939356     5.620     5.632  5 57156.19781798 40.381
 253  65.893731  65.940033     7.439     7.439  4 57166.11346026 51.666
 254  65.890623  65.940047     7.392     7.430  5 57176.02911657 52.869
 255  65.891942  65.938745     7.133     7.164  5 57185.94476945 37.848
 256  65.894546  65.937188     6.757     6.760  5 57195.86041835 27.075
 257  65.892167  65.936904     6.664     6.607  6 57205.77605307 28.677
 258  65.894104  65.937891     6.649     6.798  6 57215.69169838 32.387
 259  65.890298  65.939606     6.899     6.856  5 57225.60734183 34.629
 260  65.893633  65.940224     7.080     7.063  4 57235.52298398 30.143
 261  65.893862  65.939928     7.472     7.412  5 57245.43862245 50.340
 262  65.892228  65.939513     7.109     7.110  5 57255.35425819 31.048
 263  65.893525  65.940015     6.882     6.927  4 57265.26989293 29.781
 264  65.893045  65.941371     6.694     6.640  5 57275.18553495 31.501
 265  65.894713  65.942192     6.271     6.380  5 57285.10119222 29.183
 266  65.892067  65.941968     6.479     6.548  5 57295.01684625 26.661
 267  65.894103  65.940634     5.716     5.876  5 57304.93249709 25.507
 268  65.893998  65.939350     3.919     3.879  5 57314.84814385 32.564
 269  65.890663  65.939036     4.520     4.516  5 57324.76378705 49.495
 270  65.894111  65.939010     4.826     4.793  5 57334.67942890 37.842
 271  65.895370  65.939204     4.371     4.328  5 57344.59506859 30.030
 272  65.896014  65.938431     3.634     3.643  5 57354.51072270 27.130
 273  65.892594  65.937876     3.434     3.471  5 57364.42636621 27.123
 274  65.895492  65.937162     3.553     3.538  6 57374.34200692 24.490
 275  65.893690  65.937730     3.455     3.453  6 57384.25764538 25.191
 276  65.891416  65.938805     3.653     3.517  5 57394.17328339 22.603
 277  65.892732  65.939780     3.630     3.495  5 57404.08892082 21.337
 278  65.895234  65.939868     3.957     3.932  5 57414.00456744 15.970
 279  65.892994  65.939779     4.120     3.914  5 57423.92021877 17.639
 280  65.893321  65.939834     4.066     3.903  4 57433.83586742 17.555
 281  65.894196  65.940615     3.724     3.652  4 57443.75151429 18.004
 282  65.893595  65.941592     4.176     4.126  5 57453.66716032 16.431
 283  65.895451  65.941835     3.560     3.469  5 57463.58280485 16.957
 284  65.894390  65.941073     3.772     3.735  4 57473.49844550 13.947
 285  65.890997  65.940142     4.593     4.689  5 57483.41408224 14.181
 286  65.891844  65.939419     5.522     5.021  5 57493.32971641  9.315
 287  65.894114  65.939863     3.433     3.484  5 57503.24534869 32.770
 288  65.892785  65.940125     5.488     5.464  4 57513.16100114 30.829
 289  65.891914  65.939621     7.732     7.644  5 57523.07665596 45.046
 290  65.895276  65.938157     7.399     7.328  5 57532.99230887 33.203
 291  65.894413  65.937115     7.218     7.138  5 57542.90795818 34.651
 292  65.895146  65.937120     6.870     6.850  5 57552.82360482 26.495
 293  65.891774  65.938385     6.941     6.984  5 57562.73924953 33.279
 294  65.893841  65.939394     6.538     6.607  5 57572.65489427 33.932
 295  65.893521  65.939669     7.032     6.957  5 57582.57053869 41.337
 296  65.893315  65.939390     6.498     6.509  4 57592.48618128 26.384
 297  65.890876  65.939431     6.510     6.470  5 57602.40182114 28.317
