# NaN NaN NaN ;Mean Elev.(m), Avg Gradient(m/km), RMS Gradient(m/km) - SRTM1     
#  -10.446  -2.413   6.195 ;Mean Elev.(m), Avg Gradient(m/km), RMS Gradient(m/km) - ASTER GDEM
#    4.126  -1.076   5.490 ;Mean Elev.(m), Avg Gradient(m/km), RMS Gradient(m/km) - GMTED2010 
   1  65.742647  66.146309     6.978     6.109 20 54666.35563660 29.740
   2  65.745353  66.147359     7.257     8.101 20 54676.27128142 28.156
   3  65.749218  66.149132     2.827     2.997 19 54686.18692496 31.442
   4  65.751263  66.150231     4.348     4.230 20 54696.10256669 37.095
   5  65.747675  66.149338     3.851     4.103 19 54706.01820590 34.829
   6  65.745361  66.146837     4.597     4.620 20 54715.93385805 34.388
   7  65.739637  66.144356     4.545     4.705 21 54725.84950741 33.080
   8  65.739312  66.143803     4.304     4.325 21 54735.76515541 34.039
   9  65.743111  66.145383     4.066     4.365 20 54745.68080295 34.849
  10  65.744155  66.147024     4.097     4.504 20 54755.59644981 33.780
  11  65.744847  66.146871     4.484     4.928 20 54765.51209522 34.334
  12  65.742015  66.144759     2.788     2.813 20 54775.42773737 48.246
  13  65.737238  66.142797     2.620     2.647 20 54785.34337686 39.614
  14  65.737504  66.142897     2.104     2.155 21 54795.25901531 26.976
  15  65.743724  66.145096     2.419     2.230 20 54805.17465363 19.004
  16  65.743603  66.147050     5.673     2.679 19 54815.09029084 14.654
  17  65.745789  66.147623     3.169     2.665 19 54825.00593711 14.192
  18  65.745010  66.146771     3.486     3.555 19 54834.92157669 14.576
  19  65.745078  66.146621     3.551     3.505 20 54844.83722649 14.088
  20  65.747577  66.147516     3.257     2.926 19 54854.75287570 13.760
  21  65.750437  66.149172     3.919     3.892 20 54864.66852478 13.648
  22  65.750988  66.149765     3.439     3.662 19 54874.58417335 12.694
  23  65.747147  66.148764     3.762     3.566 20 54884.49981887 12.247
  24  65.742751  66.146313     3.824     3.837 20 54894.41546092 12.491
  25  65.740712  66.144208     3.682     3.341 20 54904.33110051 11.975
  26  65.738988  66.143929     4.748     4.456 20 54914.24673898 13.847
  27  65.743227  66.145235     4.297     4.156 20 54924.16237745 11.802
  28  65.742583  66.146569     3.866     3.904 20 54934.07801470 11.236
  29  65.744302  66.146517     6.928     5.753 20 54943.99365021 12.703
  30  65.740407  66.144855     9.351     9.509 21 54953.90928304 10.132
  31  65.737616  66.143095     3.918     3.935 21 54963.82492787 34.295
  32  65.738031  66.143132     5.575     5.580 21 54973.74057628 37.060
  33  65.740540  66.144905     8.457     9.319 20 54983.65622420 32.229
  34  65.746466  66.146934     8.986     9.362 19 54993.57187225 28.348
  35  65.746491  66.147774     8.147     9.117 19 55003.48751866 28.627
  36  65.746373  66.147533     6.283     6.369 19 55013.40316305 27.841
  37  65.746141  66.147034     7.968     8.799 19 55023.31880604 26.626
  38  65.745569  66.147580     5.862     5.650 20 55033.23444829 27.534
  39  65.746344  66.148597     5.122     5.153 19 55043.15008997 31.964
  40  65.748164  66.148943     4.588     4.459 20 55053.06573015 37.091
  41  65.745521  66.147676     4.180     3.942 20 55062.98136770 43.091
  42  65.741338  66.145614     4.450     4.592 20 55072.89701193 32.213
  43  65.740137  66.144001     4.428     4.565 20 55082.81266009 31.914
  44  65.741160  66.143972     4.183     4.476 20 55092.72830688 31.935
  45  65.741514  66.144975     4.506     4.500 20 55102.64395338 29.623
  46  65.742063  66.146042     4.426     4.464 20 55112.55959958 37.162
  47  65.743989  66.145857     4.188     4.774 20 55122.47524357 31.041
  48  65.740655  66.144609     2.871     2.300 21 55132.39088417 30.907
  49  65.738916  66.143339     2.339     2.364 21 55142.30652288 42.966
  50  65.738574  66.143548     1.541     1.616 21 55152.22216112 30.950
  51  65.743598  66.145027     1.696     1.759 20 55162.13780013 29.843
  52  65.745280  66.146683     1.838     1.929 19 55172.05343846 20.552
  53  65.747131  66.147503     2.003     2.069 20 55181.96907523 16.916
  54  65.745266  66.147447     2.032     2.041 19 55191.88472526 15.770
  55  65.746030  66.147644     2.151     2.125 19 55201.80037545 14.560
  56  65.745592  66.148144     2.101     2.048 19 55211.71602490 15.165
  57  65.747114  66.148543     2.071     2.091 19 55221.63167406 13.619
  58  65.746971  66.147866     1.973     1.972 20 55231.54732188 13.684
  59  65.743105  66.146439     1.732     1.841 20 55241.46296616 13.289
  60  65.741445  66.144913     2.151     2.062 21 55251.37860714 12.788
  61  65.737988  66.144168     2.226     2.140 20 55261.29424569 12.572
  62  65.740819  66.144639     3.506     3.342 21 55271.20988394 13.504
  63  65.739197  66.145299     3.735     3.548 20 55281.12552170 13.465
  64  65.741954  66.145483     3.651     3.417 20 55291.04115867 13.708
  65  65.742333  66.144960     3.767     3.363 20 55300.95679312 14.683
  66  65.739029  66.144052    11.106    11.260 20 55310.87243954  4.783
  67  65.739769  66.143756     2.984     2.989 21 55320.78808515 34.968
  68  65.740831  66.144425     5.416     5.447 21 55330.70372969 40.801
  69  65.740034  66.145737     8.168     7.667 20 55340.61937397 32.839
  70  65.745007  66.146730     8.367     9.196 19 55350.53501856 30.663
  71  65.745525  66.147178     5.379     5.178 19 55360.45066063 42.436
  72  65.745543  66.147378     7.035     6.053 20 55370.36630049 30.035
  73  65.744911  66.147826     6.059     5.704 19 55380.28193881 30.716
  74  65.749400  66.148492     5.500     5.451 19 55390.19757690 29.669
  75  65.748998  66.148482     5.293     5.401 19 55400.11321343 34.195
  76  65.744181  66.147206     5.026     5.267 19 55410.02886070 35.133
  77  65.742491  66.145171     4.966     5.084 20 55419.94451087 35.142
  78  65.738368  66.143797     4.775     4.774 21 55429.86015760 38.975
  79  65.738862  66.144094     4.664     4.682 21 55439.77580225 32.196
  80  65.743827  66.145305     4.546     4.623 20 55449.69144585 32.586
  81  65.743694  66.145913     3.253     2.943 20 55459.60708857 47.353
  82  65.743974  66.145345     4.413     4.583 20 55469.52273043 33.613
  83  65.740755  66.144106     3.242     3.114 21 55479.43836880 42.748
  84  65.739256  66.143394     4.160     4.261 20 55489.35400456 28.622
  85  65.739881  66.143834     3.237     2.333 21 55499.26963826 29.184
  86  65.740814  66.145284     2.295     2.240 20 55509.18527848 46.951
  87  65.745943  66.146494     2.770     2.767 20 55519.10092898 35.430
  88  65.745635  66.147055     1.793     1.851 20 55529.01657806 27.587
  89  65.745883  66.147004     1.592     1.635 19 55538.93222538 22.526
  90  65.746296  66.147087     1.798     1.865 20 55548.84787046 20.895
  91  65.747527  66.147772     1.946     1.994 20 55558.76351389 20.932
  92  65.748051  66.148716     2.036     2.003 20 55568.67915638 17.772
  93  65.749263  66.148589     2.644     2.497 19 55578.59479806 18.954
  94  65.745245  66.146806     2.027     1.961 19 55588.51043689 17.809
  95  65.740875  66.144305     2.080     2.056 20 55598.42607264 17.985
  96  65.737394  66.143006     2.007     1.866 21 55608.34170590 18.209
  97  65.739893  66.143686     2.117     2.037 20 55618.25733786 13.275
  98  65.739906  66.145675     1.978     1.905 20 55628.17298462 12.684
  99  65.742995  66.146530     2.465     2.325 19 55638.08863619 12.624
 100  65.742806  66.145582     2.128     2.048 20 55648.00428536 12.308
 101  65.738584  66.143607     4.475     4.768 21 55657.91993120 13.910
 102  65.737006  66.142737     2.226     2.409 21 55667.83557319 17.881
 103  65.740295  66.143865     3.635     3.623 20 55677.75121299 38.758
 104  65.741583  66.146044     5.148     5.165 20 55687.66685068 38.447
 105  65.746219  66.147616     8.330     9.170 20 55697.58248740 31.341
 106  65.746247  66.147635     6.520     6.502 19 55707.49812261 46.476
 107  65.744359  66.146855     7.304     6.291 20 55717.41377368 35.638
 108  65.744540  66.146691     8.320     9.149 20 55727.32942221 31.033
 109  65.746117  66.147547     5.818     5.779 19 55737.24506922 53.219
 110  65.748420  66.148604     5.099     5.075 19 55747.16071505 31.840
 111  65.749146  66.148440     4.657     4.599 19 55757.07635864 30.837
 112  65.744537  66.146565     4.421     4.391 20 55766.99199914 32.457
 113  65.740069  66.144018     4.589     4.476 21 55776.90763665 33.568
 114  65.737162  66.142638     4.446     4.497 20 55786.82327161 31.371
 115  65.738437  66.143694     4.417     4.456 20 55796.73890527 30.210
 116  65.742974  66.145687     4.223     4.325 20 55806.65454739 31.947
 117  65.743222  66.146847     2.693     2.373 20 55816.57019647 43.469
 118  65.742800  66.145760     4.393     4.479 20 55826.48584230 32.225
 119  65.740622  66.143876     3.938     3.830 21 55836.40148356 40.414
 120  65.737825  66.142697     3.979     3.723 21 55846.31712149 39.408
 121  65.738225  66.143948     4.423     4.505 20 55856.23275716 37.459
 122  65.741804  66.146347     2.347     1.934 20 55866.14839998 41.816
 123  65.748277  66.148264     1.825     1.891 20 55876.06405315 37.552
 124  65.748275  66.148320     1.483     1.595 20 55885.97969973 28.058
 125  65.746110  66.147446     1.364     1.411 20 55895.89534031 23.112
 126  65.745103  66.146647     1.382     1.423 20 55905.81097578 22.722
 127  65.745250  66.147101     1.479     1.510 20 55915.72661891 22.412
 128  65.745876  66.148026     1.553     1.534 19 55925.64227262 21.321
 129  65.748558  66.148200     1.484     1.532 19 55935.55792326 19.700
 130  65.744033  66.146440     1.358     1.381 19 55945.47356842 19.820
 131  65.740509  66.143936     1.484     1.393 20 55955.38920925 19.546
 132  65.736773  66.142603     1.567     1.530 20 55965.30484739 18.997
 133  65.739179  66.143651     1.507     1.401 21 55975.22048482 17.456
 134  65.743812  66.145830     1.632     1.452 20 55985.13612154 17.846
 135  65.745392  66.146974     1.362     1.209 20 55995.05175595 17.321
 136  65.743495  66.145981     2.005     1.870 20 56004.96740791 17.439
 137  65.737481  66.143865     1.832     1.609 20 56014.88305561 17.663
 138  65.738758  66.143046     3.364     2.884 20 56024.79870091 17.697
 139  65.738318  66.144466     4.873     4.667 20 56034.71434402 11.274
 140  65.746019  66.146972     2.592     2.566 19 56044.62998580 18.025
 141  65.746442  66.148648     4.395     4.408 19 56054.54562416 28.266
 142  65.747812  66.148655     5.917     6.054 19 56064.46125890 36.168
 143  65.746491  66.147549     7.765     8.693 19 56074.37690259 30.999
 144  65.745363  66.146990     5.200     5.345 20 56084.29255216 32.860
 145  65.745377  66.147137     4.862     5.016 19 56094.20819947 32.714
 146  65.747429  66.147674     4.591     4.652 19 56104.12384482 35.654
 147  65.744519  66.147213     4.655     4.871 20 56114.03947522 30.668
 148  65.743364  66.146030     3.748     3.641 20 56123.95511357 41.706
 149  65.741009  66.144259     4.407     4.379 20 56133.87074784 29.522
 150  65.739692  66.143452     4.330     4.398 20 56143.78638699 30.619
 151  65.740259  66.144048     4.392     4.402 21 56153.70203745 29.119
 152  65.744552  66.145543     3.449     2.871 20 56163.61768694 30.739
 153  65.744710  66.146486     3.500     3.038 20 56173.53333399 28.299
 154  65.743216  66.146079     1.846     1.790 19 56183.44897582 45.837
 155  65.740288  66.144736     3.683     3.485 20 56193.36461377 31.231
 156  65.737691  66.144018     4.224     4.470 20 56203.28024899 34.179
 157  65.739899  66.145029     3.640     3.435 20 56213.19588300 38.451
 158  65.744857  66.147166     2.118     1.919 19 56223.11151623 47.425
 159  65.747029  66.148740     1.896     1.701 20 56233.02717270 43.128
 160  65.749377  66.148855     1.393     1.420 20 56242.94282515 38.638
 161  65.747669  66.147968     1.207     1.288 20 56252.85847267 32.529
 162  65.746839  66.147267     1.482     1.561 19 56262.77411577 28.856
 163  65.744566  66.147186     1.404     1.506 19 56272.68975677 24.907
 164  65.746621  66.147245     1.481     1.582 19 56282.60539939 19.445
 165  65.745099  66.146743     1.460     1.501 20 56292.52105111 18.815
 166  65.739233  66.145389     1.363     1.460 20 56302.43669797 19.448
 167  65.739261  66.144177     1.328     1.384 21 56312.35234117 18.278
 168  65.738450  66.144042     1.288     1.344 20 56322.26798213 18.418
 169  65.742273  66.145024     1.198     1.268 20 56332.18362296 18.240
 170  65.742297  66.145910     1.235     1.296 19 56342.09926300 16.158
 171  65.741961  66.146096     1.268     1.208 20 56352.01490070 15.253
 172  65.740079  66.145383     1.192     1.170 20 56361.93054091 15.552
 173  65.740450  66.144812     1.147     1.071 20 56371.84619028 14.810
 174  65.741283  66.145224     1.530     1.244 20 56381.76183703 13.894
 175  65.744428  66.146660     1.651     1.535 20 56391.67748186 14.541
 176  65.745715  66.147924     6.029     5.619 19 56401.59312489  7.383
 177  65.747414  66.148501     4.004     3.932 19 56411.50876521 10.540
 178  65.746615  66.148221     3.391     3.040 19 56421.42440035 36.654
 179  65.748029  66.147855     5.939     5.966 19 56431.34003978 40.297
 180  65.746883  66.147769     9.000     9.084 20 56441.25569251 31.786
 181  65.745100  66.147746     5.545     5.910 19 56451.17134269 35.185
 182  65.746627  66.147159     5.332     5.858 20 56461.08699084 37.926
 183  65.744469  66.145874     5.537     5.621 20 56471.00263535 33.926
 184  65.741034  66.144709     5.257     5.556 21 56480.91827612 34.367
 185  65.741862  66.144359     5.330     5.547 20 56490.83391339 30.388
 186  65.740822  66.144919     5.664     5.663 20 56500.74954797 48.217
 187  65.741103  66.145769     4.977     5.292 20 56510.66518123 37.531
 188  65.745596  66.146130     4.886     4.996 20 56520.58082553 36.100
 189  65.742422  66.145796     4.427     4.468 20 56530.49647857 35.118
 191  65.739080  66.145139     3.866     4.082 20 56550.32777284 30.949
 192  65.743843  66.146184     3.901     3.727 19 56560.24341611 24.677
 193  65.744817  66.147652     4.354     4.497 19 56570.15905801 33.790
 194  65.747757  66.148834     2.138     1.984 19 56580.07469872 37.280
 195  65.748709  66.148683     2.304     2.212 19 56589.99033526 48.058
 196  65.748522  66.147804     2.265     2.298 19 56599.90598134 36.609
 197  65.747320  66.147165     2.672     2.675 19 56609.82163173 31.087
 198  65.747273  66.147624     2.780     2.818 20 56619.73727742 30.226
 199  65.746831  66.148132     2.396     2.431 19 56629.65291991 25.206
 200  65.747274  66.147573     1.928     1.982 19 56639.56855919 22.798
 201  65.743099  66.145699     1.827     1.872 20 56649.48420420 19.701
 202  65.738282  66.143863     2.402     2.277 21 56659.39985487 17.741
 203  65.737519  66.143642     2.195     2.025 21 56669.31550208 17.289
 204  65.742272  66.145323     2.470     2.227 20 56679.23114746 15.344
 205  65.746141  66.146984     2.584     2.314 19 56689.14679120 15.166
 206  65.745415  66.147093     2.610     2.286 20 56699.06243181 14.760
 207  65.740055  66.145750     2.663     2.433 20 56708.97806735 14.102
 208  65.740930  66.144658     3.237     3.194 20 56718.89370679 14.670
 209  65.739182  66.145086     3.922     3.614 20 56728.80935908 14.576
 210  65.744144  66.147085     4.800     4.437 20 56738.72500803 14.215
 211  65.750605  66.149137     4.792     4.818 19 56748.64065331 13.877
 212  65.751193  66.149639     5.004     4.957 20 56758.55629342 12.849
 213  65.747626  66.148644     1.988     2.008 20 56768.47192703 15.514
 214  65.746838  66.147263     2.387     2.387 19 56778.38757416 23.199
 215  65.744745  66.146867     4.060     4.044 20 56788.30322985 36.368
 216  65.744546  66.147458     7.034     6.992 19 56798.21888223 53.471
 217  65.749161  66.148269     8.768     9.102 19 56808.13452932 27.906
 218  65.746316  66.147712     7.159     6.467 20 56818.05016991 29.500
 219  65.742689  66.145895     7.390     6.599 20 56827.96580682 36.078
 220  65.737786  66.143858     8.302     8.883 20 56837.88144040 33.563
 221  65.738088  66.143653     6.333     6.358 20 56847.79707163 32.240
 222  65.742147  66.145210     6.157     6.301 20 56857.71272475 32.569
 223  65.745874  66.147212     5.957     6.038 20 56867.62837852 37.932
 224  65.746523  66.147618     5.919     6.012 20 56877.54403030 34.052
 225  65.745772  66.146565     5.344     5.410 20 56887.45967876 32.681
 226  65.743776  66.145111     4.443     4.216 20 56897.37532440 33.036
 227  65.741299  66.145321     4.340     4.137 20 56907.29096729 30.876
 228  65.744690  66.147323     4.547     4.360 19 56917.20660860 31.032
 229  65.748538  66.149571     4.743     4.877 20 56927.12224800 31.589
 230  65.751376  66.150295     4.330     4.179 19 56937.03788359 34.062
 231  65.748663  66.148981     3.817     3.906 19 56946.95351376 31.636
 232  65.745573  66.146961     3.185     3.192 20 56956.86916763 40.044
 233  65.741798  66.146006     2.811     2.703 20 56966.78481592 20.437
 234  65.744824  66.146824     2.597     2.471 19 56976.70046066 22.699
 235  65.746260  66.148037     2.874     2.746 19 56986.61610076 19.553
 236  65.744916  66.147808     3.077     3.049 19 56996.53173482 17.737
 237  65.742525  66.145901     3.262     3.192 20 57006.44737927 17.640
 238  65.738766  66.143805     3.126     3.054 20 57016.36303323 18.008
 239  65.738691  66.143482     2.951     2.740 20 57026.27868368 15.918
 240  65.743128  66.145384     2.432     2.385 20 57036.19433258 14.337
 241  65.744188  66.147346     2.310     2.199 19 57046.10997858 13.882
 242  65.748974  66.147943     2.709     2.713 19 57056.02562152 12.889
 243  65.743526  66.146630     2.858     3.002 20 57065.94125834 13.042
 244  65.742765  66.145616     2.896     2.812 20 57075.85689107 13.348
 245  65.744132  66.145874     3.582     3.215 20 57085.77252093 12.609
 246  65.747945  66.147891     3.487     3.562 20 57095.68817806 12.798
 247  65.749612  66.149762    12.083    11.914 19 57105.60383452 11.493
 248  65.749252  66.150230    12.319    12.095 20 57115.51948625 11.037
 249  65.747472  66.148864    10.755    10.648 19 57125.43513160  4.350
 250  65.744783  66.147085     8.395     8.742 19 57135.35077157 10.620
 251  65.745521  66.146150     5.520     5.219 20 57145.26640757  9.425
 252  65.743560  66.146574     5.045     4.927 19 57155.18204086 41.399
 253  65.747778  66.147381     7.045     6.842 19 57165.09768080 34.292
 254  65.748389  66.147511     7.467     6.882 19 57175.01333754 35.709
 255  65.741015  66.146169     8.487     9.273 20 57184.92898993 30.074
 256  65.740880  66.144489     6.282     6.457 20 57194.84463895 33.509
 257  65.741346  66.144002     6.253     6.154 20 57204.76027431 30.491
 258  65.743476  66.145315     6.145     6.241 20 57214.67591990 44.084
 259  65.745324  66.147115     6.142     6.155 20 57224.59156395 31.694
 260  65.746924  66.147938     6.558     6.497 20 57234.50720610 30.125
 261  65.745953  66.147331     6.983     6.989 19 57244.42284476 48.088
 262  65.743957  66.146354     7.439     6.794 20 57254.33848079 27.619
 263  65.743802  66.146618     6.969     6.479 19 57264.25411563 27.499
 264  65.748927  66.148167     6.317     6.264 19 57274.16975579 36.212
 265  65.748563  66.149635     5.099     5.109 19 57284.08541305 35.647
 266  65.751084  66.149682     4.770     4.917 19 57294.00106778 33.426
 267  65.747641  66.148388     4.485     4.371 19 57303.91671839 29.769
 268  65.745253  66.146807     2.317     2.188 19 57313.83236524 32.372
 269  65.741036  66.146131     4.242     4.155 20 57323.74800869 43.859
 270  65.745679  66.146438     4.349     4.333 20 57333.66365100 40.512
 271  65.745619  66.147009     3.947     3.958 20 57343.57929095 32.835
 272  65.745746  66.146681     3.284     3.287 19 57353.49494412 28.073
 273  65.745301  66.145742     2.978     2.974 20 57363.41058809 27.755
 274  65.739812  66.144598     3.017     3.052 20 57373.32622826 26.004
 275  65.739384  66.144665     3.066     3.084 20 57383.24186709 25.119
 276  65.740881  66.145620     3.056     3.023 20 57393.15750568 22.821
 277  65.745286  66.146847     2.880     2.812 20 57403.07314361 20.434
 278  65.746740  66.147335     3.226     2.998 20 57412.98878824 17.902
 279  65.744990  66.147169     2.896     2.827 19 57422.90443973 18.964
 280  65.745754  66.147160     2.727     2.655 20 57432.82008866 20.552
 281  65.747229  66.147839     2.845     2.677 20 57442.73573583 18.437
 282  65.748609  66.148837     5.105     3.418 19 57452.65138229 13.105
 283  65.750699  66.149384     4.128     4.003 19 57462.56702717 12.856
 284  65.747825  66.148764     4.367     4.266 19 57472.48266803 11.584
 285  65.746189  66.147613     5.846     5.485 19 57482.39830516 11.337
 286  65.743967  66.146561    10.260    10.454 20 57492.31393920  7.089
 287  65.742246  66.146497     2.795     2.666 20 57502.22957125 27.018
 288  65.743122  66.146712     4.780     4.812 20 57512.14522152 36.927
 289  65.745572  66.146655     6.838     6.938 20 57522.06087695 38.236
 290  65.744672  66.145977     7.132     7.164 20 57531.97652967 36.575
 291  65.743036  66.145143     7.782     6.847 20 57541.89217903 30.916
 292  65.740485  66.144831     7.818     6.716 21 57551.80782545 31.277
 293  65.741178  66.145402     6.818     6.703 20 57561.72347071 42.559
 294  65.741812  66.146386     7.708     7.018 20 57571.63911553 26.465
 295  65.744417  66.146970     6.488     6.168 19 57581.55476044 30.432
 296  65.743828  66.147027     6.159     6.048 19 57591.47040327 32.130
 297  65.744148  66.146969     5.674     5.757 19 57601.38604350 31.754
