-135080.058    68.769     0.00    7.09
-134794.021    67.750    -3.56    7.37
-134507.995    66.828    -3.22    7.11
-134221.980    66.213    -2.15    6.10
-133935.978    64.907    -4.57    5.26
-133649.987    63.900    -3.52    4.84
-133364.007    63.857    -0.15    5.04
-133078.039    63.976     0.42    5.04
-132792.083    64.396     1.47    5.35
-132506.138    64.293    -0.36    5.34
-132220.204    64.938     2.26    5.42
-131934.283    66.549     5.64    5.22
-131648.373    68.013     5.12    4.73
-131362.474    69.128     3.90    4.30
-131076.587    69.620     1.72    3.93
-130790.711    70.257     2.23    3.92
-130504.847    70.616     1.26    3.94
-130218.995    71.346     2.55    3.99
-129933.154    72.019     2.36    3.67
-129647.325    72.592     2.00    3.70
-129361.507    73.436     2.95    4.30
-129075.701    74.527     3.82    4.57
-128789.906    75.250     2.53    4.67
-128504.123    76.400     4.02    4.61
-128218.352    77.338     3.28    4.23
-127932.592    77.735     1.39    3.83
-127646.843    77.349    -1.35    4.37
-127361.106    76.534    -2.85    4.20
-127075.381    76.276    -0.90    3.94
-126789.667    76.588     1.09    4.13
-126503.965    77.339     2.63    5.00
-126218.274    79.148     6.33    6.19
-125932.594    81.953     9.82    7.17
-125646.927    85.441    12.21    7.28
-125361.270    88.984    12.41    7.31
-125075.626    92.150    11.08    7.25
-124789.992    95.697    12.42    7.02
-124504.371    98.580    10.09    6.84
-124218.761   101.768    11.17    7.17
-123933.162   103.915     7.52    6.55
-123647.575   105.550     5.72    6.98
-123361.999   105.622     0.25    7.13
-123076.435   104.319    -4.56    8.40
-122790.882   102.485    -6.42    8.60
-122505.341   101.674    -2.84    8.24
-122219.812   102.527     2.99    9.21
-121934.293   105.023     8.74   11.17
-121648.787   108.762    13.10   11.79
-121363.292   113.366    16.13   10.87
-121077.808   118.000    16.23    7.61
-120792.336   120.908    10.18    4.86
-120506.875   121.980     3.76    4.42
-120221.426   123.079     3.85    4.16
-119935.989   123.486     1.43    4.53
-119650.562   123.922     1.52    4.88
-119365.148   124.605     2.39    4.78
-119079.745   125.790     4.15    5.39
-118794.353   127.839     7.18    5.40
-118508.973   130.053     7.76    6.06
-118223.604   132.743     9.43    5.81
-117938.247   135.295     8.94    6.27
-117652.901   138.258    10.38    6.27
-117367.566   140.999     9.60    5.50
-117082.244   142.755     6.16    4.22
-116796.932   144.309     5.45    3.35
-116511.632   145.170     3.02    3.01
-116225.820   146.423     4.38    2.94
-115937.948   147.100     2.35    2.92
-115650.088   147.999     3.12    3.03
-115362.241   149.119     3.89    3.44
-115074.407   150.862     6.06    3.19
-114786.585   152.732     6.50    3.40
-114498.775   154.261     5.31    3.96
-114210.978   155.735     5.12    4.13
-113923.194   157.111     4.78    3.96
-113635.422   158.283     4.07    3.61
-113347.663   159.396     3.87    3.14
-113059.916   159.939     1.89    2.60
-112772.181   160.093     0.53    2.55
-112484.459   159.787    -1.06    2.61
-112196.750   159.320    -1.62    2.94
-111909.053   158.839    -1.67    3.11
-111621.368   158.231    -2.11    3.32
-111333.697   156.483    -6.07    3.85
-111046.037   154.751    -6.02    3.95
-110758.390   152.587    -7.52    5.16
-110470.756   149.959    -9.14    6.57
-110183.134   146.946   -10.48    7.14
-109895.524   145.153    -6.23    6.64
-109607.927   143.643    -5.25    6.32
-109320.342   142.637    -3.50    6.03
-109032.770   142.081    -1.93    6.10
-108745.211   141.171    -3.17    6.98
-108457.663   140.759    -1.43    8.73
-108170.129   139.526    -4.29    9.53
-107882.606   139.938     1.43   10.80
-107595.097   140.059     0.42   11.55
-107307.599   141.312     4.36   12.95
-107020.115   143.381     7.20   13.77
-106732.642   145.357     6.87   14.70
-106445.182   147.329     6.86   14.96
-106157.735   148.731     4.88   15.79
-105870.300   150.062     4.63   15.35
-105582.877   149.930    -0.46   15.57
-105295.467   151.169     4.31   14.24
-105008.069   150.716    -1.57   13.27
-104720.684   151.620     3.14   11.14
-104433.311   151.655     0.12   10.16
-104145.951   151.525    -0.45    9.23
-103858.603   150.703    -2.86    8.11
-103571.267   149.863    -2.92    7.74
-103283.944   148.193    -5.81    7.61
-102996.634   145.951    -7.80    7.10
-102709.335   143.105    -9.91    6.85
-102422.050   140.290    -9.80    7.02
-102134.776   137.171   -10.86    8.21
-101847.515   134.080   -10.76    8.20
-101560.267   131.854    -7.75    7.89
-101273.031   129.263    -9.02    6.83
-100985.807   127.355    -6.64    6.21
-100698.596   125.667    -5.88    5.72
-100411.397   125.587    -0.28    5.56
-100124.210   125.504    -0.29    6.04
 -99837.036   125.527     0.08    6.28
 -99549.875   125.226    -1.05    6.61
 -99262.725   125.810     2.04    6.95
 -98975.589   126.509     2.43    6.75
 -98688.464   127.632     3.91    6.65
 -98401.352   128.688     3.68    5.58
 -98114.252   129.279     2.06    4.86
 -97827.165   129.468     0.66    4.01
 -97540.090   129.885     1.45    3.75
 -97253.028   131.021     3.96    3.26
 -96965.978   131.630     2.12    2.99
 -96678.940   131.509    -0.42    2.92
 -96391.915   130.306    -4.19    3.76
 -96104.902   129.332    -3.39    4.30
 -95817.901   128.211    -3.91    4.61
 -95530.913   127.176    -3.61    4.60
 -95243.938   125.336    -6.41    4.69
 -94956.974   123.238    -7.31    4.90
 -94670.023   121.599    -5.71    5.05
 -94383.084   119.900    -5.92    4.96
 -94096.158   119.085    -2.84    4.76
 -93809.244   119.598     1.79    5.46
 -93522.343   120.877     4.46    5.80
 -93235.453   122.269     4.85    5.76
 -92948.577   123.377     3.86    5.52
 -92661.712   124.046     2.33    6.09
 -92374.860   125.332     4.48    6.42
 -92088.020   124.700    -2.20    7.71
 -91801.193   123.969    -2.55    8.70
 -91514.378   120.870   -10.81   11.76
 -91227.575   116.419   -15.52   14.82
 -90940.785   111.820   -16.04   16.92
 -90654.006   106.589   -18.24   17.70
 -90367.241   101.019   -19.42   16.84
 -90080.487    96.411   -16.07   14.57
 -89793.746    94.461    -6.80   13.11
 -89507.018    93.893    -1.98   12.89
 -89220.301    93.050    -2.94   11.82
 -88933.597    93.017    -0.12   11.52
 -88646.906    93.446     1.50   10.00
 -88360.226    95.189     6.08    8.93
 -88073.559    97.453     7.90    9.61
 -87786.905   101.253    13.26   11.10
 -87500.262   106.597    18.64   12.56
 -87213.632   112.630    21.05   13.18
 -86927.014   118.686    21.13   11.74
 -86640.409   123.337    16.23    8.61
 -86353.816   125.862     8.81    6.40
 -86067.235   127.302     5.02    4.91
 -85780.667   127.752     1.57    4.72
 -85494.110   128.068     1.10    4.96
 -85207.566   128.720     2.27    5.30
 -84921.035   130.093     4.79    5.21
 -84634.516   132.150     7.18    5.32
 -84348.009   134.029     6.56    4.97
 -84061.514   135.385     4.73    4.06
 -83775.032   136.228     2.94    2.40
 -83488.562   135.900    -1.15    2.41
 -83202.104   135.385    -1.80    2.35
 -82915.658   135.344    -0.14    2.37
 -82629.225   135.893     1.92    3.18
 -82342.804   136.989     3.83    3.72
 -82056.395   138.893     6.65    4.61
 -81769.999   141.263     8.28    5.52
 -81483.615   144.599    11.65    6.15
 -81197.243   147.453     9.97    6.06
 -80910.884   150.418    10.35    5.88
 -80624.536   153.165     9.59    5.69
 -80338.201   155.378     7.73    4.91
 -80051.879   157.036     5.79    3.74
 -79765.568   157.863     2.89    2.93
 -79479.270   158.544     2.38    2.93
 -79192.984   159.415     3.04    3.37
 -78906.710   160.595     4.12    4.12
 -78620.449   161.622     3.59    5.05
 -78334.200   163.226     5.60    5.74
 -78047.963   164.622     4.88    5.36
 -77761.738   165.562     3.28    4.04
 -77475.526   165.691     0.45    3.60
 -77189.326   165.407    -0.99    3.52
 -76903.138   165.256    -0.53    3.17
 -76616.963   164.842    -1.45    2.75
 -76330.799   164.408    -1.52    2.03
 -76044.648   164.620     0.74    2.17
 -75758.509   165.036     1.45    2.35
 -75472.382   165.795     2.65    2.40
 -75186.268   166.251     1.59    2.48
 -74900.166   166.760     1.78    2.55
 -74614.076   167.572     2.84    2.25
 -74327.998   168.075     1.76    1.90
 -74041.933   168.491     1.45    1.47
 -73755.879   168.363    -0.45    1.62
 -73469.838   167.975    -1.36    1.94
 -73183.810   167.494    -1.68    2.10
 -72897.793   166.532    -3.36    2.37
 -72611.789   165.396    -3.97    2.40
 -72325.796   164.055    -4.69    2.84
 -72039.816   162.662    -4.87    3.11
 -71753.849   161.952    -2.48    2.90
 -71467.893   162.491     1.89    3.80
 -71181.950   163.444     3.33    4.76
 -70896.019   164.717     4.45    5.45
 -70610.100   166.921     7.71    6.20
 -70324.193   169.703     9.73    6.08
 -70038.299   171.463     6.16    6.16
 -69752.416   172.593     3.95    6.03
 -69466.546   173.266     2.35    6.57
 -69180.688   173.996     2.56    7.01
 -68894.843   175.088     3.82    7.73
 -68609.009   176.730     5.74    8.63
 -68323.188   178.739     7.03    8.56
 -68037.379   181.697    10.35    8.08
 -67751.582   183.196     5.24    7.06
 -67465.797   184.133     3.28    7.41
 -67180.024   184.977     2.95    7.32
 -66894.264   185.367     1.37    7.95
 -66608.516   185.999     2.21    7.36
 -66322.780   185.635    -1.27    7.48
 -66037.056   185.408    -0.80    7.18
 -65751.344   184.705    -2.46    7.14
 -65465.645   183.786    -3.22    7.24
 -65179.957   181.276    -8.78    7.09
 -64894.282   178.494    -9.74    6.74
 -64608.619   174.908   -12.55    7.45
 -64322.968   171.419   -12.21    8.21
 -64037.329   168.809    -9.14    8.52
 -63751.703   166.503    -8.07    7.69
 -63466.088   164.733    -6.20    7.00
 -63180.486   164.346    -1.36    7.17
 -62894.896   164.600     0.89    7.01
 -62609.318   166.510     6.69    7.32
 -62323.752   168.370     6.51    6.09
 -62038.199   169.554     4.15    5.60
 -61752.657   171.177     5.68    4.30
 -61467.128   171.363     0.65    3.89
 -61181.611   171.231    -0.46    3.68
 -60896.105   170.604    -2.20    3.89
 -60610.612   170.131    -1.65    4.06
 -60325.132   170.593     1.62    4.49
 -60039.663   170.233    -1.26    4.69
 -59754.206   169.511    -2.53    4.83
 -59468.762   168.163    -4.72    5.19
 -59183.330   167.169    -3.48    5.38
 -58897.910   165.754    -4.96    5.82
 -58612.501   163.877    -6.57    5.88
 -58327.106   161.598    -7.99    5.18
 -58041.722   159.146    -8.59    5.26
 -57756.350   156.314    -9.93    6.51
 -57470.990   152.152   -14.58    8.69
 -57185.643   147.490   -16.34   10.44
 -56900.308   141.817   -19.88   11.48
 -56614.984   135.585   -21.84   12.56
 -56329.673   128.614   -24.43   12.83
 -56044.374   121.198   -26.00   14.18
 -55759.087   113.707   -26.26   13.94
 -55473.813   107.663   -21.19   12.25
 -55188.550   104.321   -11.72    9.75
 -54903.299   104.777     1.60   11.55
 -54618.061   108.253    12.19   15.96
 -54331.994   115.249    24.46   19.28
 -54044.053   122.193    24.12   18.77
 -53756.125   128.339    21.34   16.08
 -53468.211   133.251    17.06   11.45
 -53180.309   134.589     4.65    7.74
 -52892.421   134.404    -0.65    7.45
 -52604.546   132.673    -6.01    7.17
 -52316.684   130.163    -8.72    7.63
 -52028.835   128.457    -5.92    7.39
 -51741.000   127.495    -3.34    7.24
 -51453.177   127.625     0.45    6.51
 -51165.368   129.832     7.67    7.61
 -50877.572   132.846    10.47    9.49
 -50589.789   137.422    15.90   10.38
 -50302.019   142.450    17.47   10.46
 -50014.262   146.657    14.62    8.84
 -49726.519   149.938    11.40    6.38
 -49438.788   151.098     4.03    5.26
 -49151.071   151.016    -0.29    5.63
 -48863.367   150.609    -1.41    6.49
 -48575.676   149.370    -4.31    7.18
 -48287.998   147.283    -7.25    8.05
 -48000.333   144.756    -8.79    8.09
 -47712.682   143.014    -6.06    8.21
 -47425.043   140.318    -9.37    8.40
 -47137.418   137.352   -10.31    8.34
 -46849.806   133.764   -12.48    8.38
 -46562.206   130.370   -11.80    8.65
 -46274.620   125.915   -15.49    9.30
 -45987.047   121.584   -15.06    9.64
 -45699.488   117.113   -15.55    9.79
 -45411.941   112.228   -16.99    9.90
 -45124.407   106.893   -18.56   10.52
 -44836.887   101.786   -17.76   10.71
 -44549.380    96.124   -19.69   10.84
 -44261.885    90.473   -19.66   10.53
 -43974.404    85.743   -16.45    9.43
 -43686.936    81.023   -16.42    9.20
 -43399.481    77.661   -11.70    8.73
 -43112.039    74.457   -11.15    8.51
 -42824.610    71.334   -10.87    7.98
 -42537.195    68.294   -10.58    8.40
 -42249.792    66.024    -7.90    8.52
 -41962.402    63.938    -7.26    7.98
 -41675.026    60.315   -12.61    8.03
 -41387.662    56.362   -13.75    9.39
 -41100.312    50.810   -19.32   10.36
 -40812.975    46.839   -13.82   10.31
 -40525.651    42.381   -15.51   10.07
 -40238.339    38.770   -12.57    8.32
 -39951.041    35.367   -11.85    5.54
 -39663.756    33.442    -6.70    3.76
 -39376.485    32.206    -4.30    3.23
 -39089.226    31.216    -3.45    3.09
 -38801.980    29.871    -4.68    3.53
 -38514.747    28.500    -4.77    3.48
 -38227.527    27.497    -3.49    3.39
 -37940.321    26.802    -2.42    2.96
 -37653.127    26.559    -0.84    2.86
 -37365.947    26.286    -0.95    2.64
 -37078.779    26.184    -0.36    2.52
 -36791.625    26.022    -0.56    2.49
 -36504.483    26.192     0.59    2.40
 -36217.355    26.323     0.46    2.24
 -35930.239    26.476     0.53    2.27
 -35643.137    26.534     0.20    2.24
 -35356.048    26.796     0.91    2.44
 -35068.971    26.893     0.34    2.90
 -34781.908    26.519    -1.30    3.32
 -34494.858    25.808    -2.48    3.44
 -34207.821    25.400    -1.42    3.30
 -33920.797    24.725    -2.35    3.01
 -33633.785    24.598    -0.44    2.88
 -33346.787    24.869     0.94    3.07
 -33059.802    25.635     2.67    3.48
 -32772.830    25.991     1.24    3.34
 -32485.871    25.790    -0.70    3.33
 -32198.925    24.831    -3.34    3.66
 -31911.992    23.752    -3.76    4.41
 -31625.071    21.939    -6.32    4.78
 -31338.164    20.231    -5.95    4.46
 -31051.270    18.562    -5.82    4.63
 -30764.389    18.374    -0.66    5.43
 -30477.521    18.915     1.89    7.07
 -30190.666    19.900     3.43    8.11
 -29903.824    20.589     2.40    8.61
 -29616.995    20.407    -0.63    9.66
 -29330.178    19.802    -2.11   10.42
 -29043.375    19.504    -1.04   10.87
 -28756.585    18.236    -4.42   10.95
 -28469.808    17.233    -3.50   10.20
 -28183.043    16.557    -2.36    9.42
 -27896.292    16.999     1.54    8.27
 -27609.554    16.693    -1.07    6.33
 -27322.828    16.477    -0.75    4.69
 -27036.116    15.863    -2.14    4.06
 -26749.417    15.439    -1.48    3.46
 -26462.730    15.050    -1.35    3.74
 -26176.057    14.493    -1.95    3.53
 -25889.396    13.968    -1.83    3.70
 -25602.749    13.703    -0.92    3.11
 -25316.114    13.744     0.14    3.10
 -25029.492    13.116    -2.19    2.94
 -24742.884    12.973    -0.50    2.92
 -24456.288    12.999     0.09    2.73
 -24169.705    12.848    -0.53    2.56
 -23883.135    12.469    -1.32    2.50
 -23596.578    12.011    -1.60    2.49
 -23310.034    11.618    -1.37    2.67
 -23023.503    11.139    -1.67    2.98
 -22736.985     9.559    -5.51    4.42
 -22450.480     7.652    -6.66    5.09
 -22163.987     5.992    -5.79    5.01
 -21877.508     5.072    -3.21    4.32
 -21591.041     5.093     0.07    4.05
 -21304.588     5.615     1.82    4.21
 -21018.147     6.662     3.65    4.14
 -20731.720     7.716     3.68    3.58
 -20445.305     8.223     1.77    2.96
 -20158.903     8.411     0.66    2.94
 -19872.514     8.312    -0.34    3.24
 -19586.138     8.004    -1.08    3.51
 -19299.775     7.439    -1.98    3.65
 -19013.425     6.960    -1.67    3.70
 -18727.087     6.285    -2.36    3.67
 -18440.763     5.967    -1.11    3.66
 -18154.451     5.262    -2.46    3.34
 -17868.153     4.893    -1.29    3.26
 -17581.867     4.218    -2.36    2.49
 -17295.594     3.930    -1.01    2.34
 -17009.334     3.369    -1.96    1.18
 -16723.087     3.318    -0.18    1.23
 -16436.853     3.058    -0.91    0.66
 -16150.632     2.961    -0.34    0.25
 -15864.423     2.771    -0.66    0.54
 -15578.228     2.400    -1.30    1.02
 -15292.045     2.048    -1.23    1.23
 -15005.875     1.938    -0.38    1.25
 -14719.719     1.922    -0.05    1.26
 -14433.574     1.954     0.11    1.26
 -14147.443     2.118     0.57    1.21
 -13861.325     2.446     1.15    1.00
 -13575.220     2.810     1.27    0.41
 -13289.127     2.893     0.29    0.00
 -13003.047     2.893     0.00    0.00
 -12716.980     2.893     0.00    0.00
 -12430.926     2.893     0.00    0.00
 -12144.885     2.893     0.00    0.00
 -11858.857     2.893     0.00    0.00
 -11572.842     2.893     0.00    0.00
 -11286.839     2.893     0.00    0.00
 -11000.849     2.893     0.00    0.00
 -10714.872     2.893     0.00    0.00
 -10428.908     2.893     0.00    0.00
 -10142.957     2.893     0.00    0.00
  -9857.019     2.893     0.00    0.00
  -9571.093     2.893     0.00    0.00
  -9285.180     2.893     0.00    0.00
  -8999.280     2.893     0.00    0.00
  -8713.393     2.893     0.00    0.00
  -8427.519     2.893     0.00    0.00
  -8141.658     2.893     0.00    0.00
  -7855.809     2.893     0.00    0.00
  -7569.973     2.893     0.00    0.00
  -7284.150     2.893     0.00    0.00
  -6998.340     2.893     0.00    0.00
  -6712.543     2.893     0.00    0.00
  -6426.758     2.893     0.00    0.00
  -6140.986     2.893     0.00    0.00
  -5855.227     2.893     0.00    0.00
  -5569.481     2.893     0.00    0.00
  -5283.748     2.893     0.00    0.00
  -4998.027     2.893     0.00    0.00
  -4712.320     2.893     0.00    0.00
  -4426.625     2.893     0.00    0.00
  -4140.943     2.893     0.00    0.00
  -3855.273     2.893     0.00    0.00
  -3569.617     2.893     0.00    0.00
  -3283.973     2.893     0.00    0.00
  -2998.342     2.893     0.00    0.00
  -2712.724     2.893     0.00    0.00
  -2427.118     2.893     0.00    0.00
  -2141.526     2.893     0.00    0.00
  -1855.946     2.893     0.00    0.00
  -1570.379     2.809    -0.29    0.35
  -1284.824     2.507    -1.05    0.92
   -999.283     2.125    -1.34    1.23
   -713.754     1.663    -1.62    1.41
   -428.238     1.246    -1.46    1.41
   -142.735     0.997    -0.87    1.32
    142.756     1.046     0.17    1.31
    428.234     1.169     0.43    1.35
    713.699     1.518     1.23    1.40
    999.151     2.057     1.89    1.25
   1284.590     2.451     1.38    0.95
   1570.017     2.760     1.08    0.47
   1855.431     2.846     0.30    0.27
   2140.832     2.885     0.14    0.09
   2426.221     2.893     0.03    0.00
   2711.597     2.893     0.00    0.00
   2996.960     2.893     0.00    0.00
   3282.310     2.893     0.00    0.00
   3567.648     2.893     0.00    0.00
   3852.972     2.893     0.00    0.00
   4138.285     2.893     0.00    0.00
   4423.584     2.893     0.00    0.00
   4708.871     2.893     0.00    0.00
   4994.144     2.893     0.00    0.00
   5279.406     2.893     0.00    0.00
   5564.654     2.893     0.00    0.00
   5849.890     2.893     0.00    0.00
   6135.113     2.893     0.00    0.00
   6420.323     2.893     0.00    0.00
   6705.521     2.893     0.00    0.00
   6990.706     2.893     0.00    0.00
   7275.878     2.893     0.00    0.00
   7562.226     2.893     0.00    0.00
   7850.244     2.915     0.08    0.15
   8138.248     2.968     0.18    0.26
   8426.238     3.020     0.18    0.34
   8714.214     3.093     0.25    0.40
   9002.176     3.156     0.22    0.44
   9290.125     3.231     0.26    0.48
   9578.060     3.299     0.23    0.49
   9865.981     3.231    -0.23    0.75
  10153.888     2.937    -1.02    1.16
  10441.781     2.531    -1.41    1.42
  10729.661     2.352    -0.62    1.50
  11017.526     2.369     0.06    1.53
  11305.378     2.341    -0.10    1.56
  11593.217     2.593     0.87    1.47
  11881.041     2.958     1.27    1.35
  12168.852     3.523     1.96    0.87
  12456.649     3.878     1.23    0.12
  12744.432     3.893     0.05    0.00
  13032.201     3.893     0.00    0.00
  13319.957     3.893     0.00    0.00
  13607.698     3.893     0.00    0.00
  13895.426     3.893     0.00    0.00
  14183.141     3.893     0.00    0.00
  14470.841     3.885    -0.03    0.09
  14758.528     3.832    -0.18    0.32
  15046.201     3.660    -0.60    0.72
  15333.860     3.478    -0.63    0.96
  15621.506     3.262    -0.75    1.14
  15909.137     3.087    -0.61    1.24
  16196.755     2.923    -0.57    1.28
  16484.360     2.855    -0.24    1.29
  16771.950     2.732    -0.43    1.33
  17059.527     2.690    -0.15    1.35
  17347.090     2.605    -0.30    1.36
  17634.639     2.559    -0.16    1.36
  17922.175     2.587     0.10    1.37
  18209.696     2.600     0.05    1.36
  18497.204     2.705     0.36    1.33
  18784.699     2.725     0.07    1.33
  19072.179     2.818     0.32    1.32
  19359.646     2.862     0.15    1.27
  19647.100     2.893     0.11    1.25
  19934.539     2.830    -0.22    1.26
  20221.965     2.863     0.11    1.27
  20509.377     2.838    -0.09    1.26
  20796.775     2.900     0.21    1.27
  21084.160     2.854    -0.16    1.30
  21371.531     2.832    -0.08    1.33
  21658.888     2.862     0.10    1.34
  21946.232     2.840    -0.08    1.36
  22233.561     3.014     0.61    1.69
  22520.878     3.780     2.67    2.83
  22808.180     4.786     3.50    3.59
  23095.469     5.810     3.57    3.88
  23382.744     6.893     3.77    3.95
  23670.005     7.833     3.27    3.51
  23957.253     8.497     2.31    2.87
  24244.487     8.855     1.25    2.17
  24531.707     8.643    -0.74    1.99
  24818.914     8.422    -0.77    1.92
  25106.107     8.274    -0.52    1.87
  25393.287     8.124    -0.52    1.76
  25680.452     8.085    -0.14    1.79
  25967.604     8.198     0.40    1.84
  26254.743     8.323     0.43    1.88
  26541.867     8.449     0.44    1.94
  26828.978     8.546     0.34    1.99
  27116.076     8.476    -0.25    2.00
  27403.159     8.456    -0.07    1.96
  27690.230     8.335    -0.42    1.91
  27977.286     8.381     0.16    1.86
  28264.329     8.580     0.69    1.84
  28551.358     8.900     1.12    1.83
  28838.373     9.187     1.00    1.78
  29125.375     9.596     1.43    1.67
  29412.364     9.900     1.06    1.49
  29699.338    10.096     0.68    1.35
  29986.299    10.046    -0.17    1.49
  30273.246    10.118     0.25    1.54
  30560.180    10.062    -0.20    1.62
  30847.100    10.196     0.47    1.70
  31134.007    10.427     0.80    1.92
  31420.900    10.547     0.42    2.01
  31707.779    10.999     1.58    2.12
  31994.645    11.336     1.17    1.86
  32281.497    11.697     1.26    1.44
  32568.335    11.900     0.71    1.06
  32855.160    11.885    -0.05    0.94
  33141.971    11.760    -0.43    0.85
  33428.769    11.613    -0.51    0.60
  33715.553    11.466    -0.51    0.74
  34002.323    11.254    -0.74    1.32
  34289.080    11.004    -0.87    1.54
  34575.823    10.823    -0.63    1.63
  34862.553    10.863     0.14    1.74
  35149.269    10.699    -0.57    1.87
  35435.971    10.706     0.03    1.82
  35722.660    10.680    -0.09    1.97
  36009.335    10.810     0.45    2.05
  36295.997    10.792    -0.06    1.99
  36582.645    10.870     0.27    2.02
  36869.280    11.069     0.70    2.00
  37155.901    11.389     1.11    2.07
  37442.508    11.946     1.94    1.79
  37729.102    12.503     1.95    1.17
  38015.682    12.717     0.75    1.00
  38302.249    12.938     0.77    0.99
  38588.802    13.143     0.71    1.01
  38875.342    13.291     0.52    0.92
  39161.868    13.283    -0.03    0.91
  39448.380    13.267    -0.06    0.90
  39734.879    13.344     0.27    0.87
  40021.365    13.541     0.69    0.84
  40307.837    13.659     0.41    0.96
  40594.295    13.893     0.81    1.04
  40880.740    14.111     0.76    1.08
  41167.171    14.200     0.31    1.08
  41453.589    14.291     0.32    1.01
  41739.993    14.216    -0.26    1.09
  42026.384    14.198    -0.06    1.06
  42312.761    14.146    -0.18    1.02
  42599.124    14.180     0.12    0.95
  42885.474    14.226     0.16    0.82
  43171.811    14.266     0.14    0.87
  43458.134    14.381     0.40    0.92
  43744.444    14.334    -0.16    1.00
  44030.740    14.400     0.23    1.06
  44317.022    14.506     0.37    1.27
  44603.291    14.596     0.31    1.21
  44889.547    14.562    -0.12    1.24
  45175.789    14.549    -0.04    1.11
  45462.017    14.304    -0.85    1.12
  45748.232    14.150    -0.54    1.16
  46034.434    13.967    -0.64    1.19
  46320.622    13.846    -0.42    1.16
  46606.796    13.915     0.24    1.13
  46892.957    14.071     0.54    1.18
  47179.105    14.339     0.94    1.36
  47465.239    14.700     1.26    1.30
  47751.359    15.027     1.14    1.16
  48037.466    15.231     0.71    1.01
  48323.560    15.396     0.58    0.96
  48609.640    15.416     0.07    0.95
  48895.707    15.562     0.51    1.09
  49181.760    15.662     0.35    1.20
  49467.800    15.825     0.57    1.32
  49753.826    16.008     0.64    1.41
  50039.839    16.133     0.44    1.41
  50325.838    16.254     0.42    1.35
  50611.824    16.080    -0.61    1.18
  50897.796    15.999    -0.28    1.02
  51183.755    15.847    -0.53    0.92
  51469.701    15.712    -0.47    0.83
  51755.633    15.727     0.05    0.85
  52041.552    15.794     0.23    0.88
  52327.457    15.923     0.45    0.90
  52613.349    15.961     0.13    0.92
  52899.227    15.700    -0.91    2.00
  53185.092    15.336    -1.27    2.70
  53470.943    15.200    -0.48    2.93
  53756.781    15.193    -0.02    2.95
  54042.606    14.816    -1.32    3.48
  54328.417    14.554    -0.91    3.78
  54614.214    14.854     1.05    3.81
  54899.999    15.690     2.92    3.41
  55185.770    16.451     2.66    3.12
  55471.527    17.088     2.23    2.66
  55757.271    17.931     2.95    1.52
  56043.002    18.256     1.14    1.14
  56328.719    18.342     0.30    1.02
  56614.423    18.378     0.12    1.03
  56900.113    18.299    -0.28    1.05
  57185.790    18.315     0.06    1.05
  57471.454    18.236    -0.27    1.13
  57757.104    18.448     0.74    1.41
  58042.741    18.846     1.39    2.00
  58328.364    19.238     1.37    2.48
  58613.974    19.822     2.05    2.84
  58899.571    20.084     0.92    2.80
  59185.154    20.439     1.25    2.89
  59470.724    20.586     0.51    2.77
  59756.280    20.699     0.39    2.79
  60041.823    20.709     0.03    2.76
  60327.353    20.658    -0.18    2.55
  60612.869    21.033     1.31    2.63
  60898.372    21.385     1.23    2.54
  61183.862    22.042     2.30    2.63
  61469.338    22.350     1.08    2.39
  61754.801    22.306    -0.15    3.39
  62040.250    21.722    -2.05    4.70
  62325.686    21.355    -1.29    5.52
  62611.109    21.606     0.88    6.08
  62896.518    21.652     0.16    6.34
  63181.914    21.962     1.09    6.23
  63467.297    22.817     3.00    5.38
  63752.666    23.054     0.83    4.93
  64038.022    22.870    -0.65    5.27
  64323.365    22.631    -0.84    5.95
  64608.694    22.419    -0.74    5.80
  64894.010    21.708    -2.49    5.91
  65179.313    20.577    -3.96    5.81
  65464.602    20.023    -1.94    5.47
  65749.878    20.569     1.91    4.49
  66035.141    21.200     2.21    4.24
  66320.390    21.900     2.45    4.33
  66605.626    23.285     4.85    4.91
  66890.849    24.696     4.95    4.75
  67176.058    25.499     2.82    4.22
  67461.254    25.226    -0.96    5.14
  67746.436    23.517    -5.99    6.95
  68031.606    21.283    -7.83    7.66
  68316.762    18.096   -11.18    7.94
  68601.905    16.785    -4.60    6.92
  68887.034    16.960     0.62    6.54
  69172.150    18.041     3.79    6.24
  69458.839    19.321     4.47    6.04
  69746.917    20.234     3.17    5.60
  70034.981    20.795     1.95    5.13
  70323.031    20.816     0.07    4.75
  70611.066    20.355    -1.60    5.09
  70899.086    19.741    -2.13    4.77
  71187.092    19.374    -1.28    4.49
  71475.084    20.146     2.68    3.34
  71763.061    21.148     3.48    2.41
  72051.024    21.700     1.92    1.98
  72338.973    22.208     1.76    2.12
  72626.907    22.694     1.69    2.08
  72914.826    23.236     1.88    2.01
  73202.731    23.503     0.93    1.94
  73490.622    23.473    -0.11    1.93
  73778.499    23.228    -0.85    1.92
  74066.361    23.166    -0.22    1.92
  74354.208    22.996    -0.59    1.90
  74642.041    22.799    -0.69    1.82
  74929.860    22.915     0.40    1.87
  75217.665    23.150     0.82    2.01
  75505.455    23.893     2.58    2.46
  75793.230    25.150     4.37    3.53
  76080.991    26.027     3.05    3.60
  76368.738    26.366     1.18    3.53
  76656.471    26.783     1.45    3.41
  76944.189    27.085     1.05    3.36
  77231.893    27.380     1.02    3.58
