-215265.482    46.069     0.00    2.66
-214979.033    47.838     6.18    5.03
-214692.562    49.448     5.62    5.98
-214406.071    50.700     4.37    6.31
-214119.559    52.399     5.93    6.26
-213833.026    53.601     4.19    6.12
-213546.472    54.442     2.93    6.04
-213259.897    55.296     2.98    5.86
-212973.301    55.810     1.79    5.57
-212686.684    56.251     1.54    5.47
-212400.046    56.818     1.98    5.50
-212113.388    57.093     0.96    5.54
-211826.708    57.863     2.69    5.32
-211540.007    58.403     1.88    4.86
-211253.286    58.705     1.05    4.54
-210966.543    58.695    -0.04    4.33
-210679.780    58.243    -1.57    4.36
-210392.995    58.345     0.35    4.04
-210106.190    58.640     1.03    3.52
-209819.363    58.523    -0.41    3.02
-209532.516    58.461    -0.22    2.76
-209245.647    58.585     0.43    2.62
-208958.758    59.128     1.89    2.39
-208671.847    59.560     1.50    2.26
-208384.916    59.809     0.87    2.06
-208097.963    59.675    -0.47    2.07
-207810.990    59.521    -0.54    2.13
-207523.995    59.243    -0.97    2.16
-207236.979    59.205    -0.13    2.00
-206949.943    58.979    -0.79    1.74
-206662.885    59.420     1.54    1.75
-206375.806    59.665     0.85    1.77
-206088.707    59.863     0.69    1.86
-205801.586    60.165     1.05    1.91
-205514.444    60.184     0.07    2.01
-205227.281    60.095    -0.31    2.10
-204940.097    60.001    -0.33    2.12
-204652.891    59.793    -0.72    2.13
-204365.665    59.788    -0.02    2.16
-204078.418    59.336    -1.57    2.05
-203791.149    58.637    -2.43    1.79
-203503.860    58.047    -2.05    1.60
-203216.549    57.544    -1.75    1.79
-202929.217    57.178    -1.27    1.74
-202641.865    56.854    -1.13    1.73
-202354.491    56.538    -1.10    1.72
-202067.095    56.541     0.01    1.60
-201779.679    56.544     0.01    1.51
-201492.242    56.729     0.64    1.40
-201204.783    56.818     0.31    1.31
-200917.304    56.608    -0.73    1.42
-200629.803    56.332    -0.96    1.65
-200342.281    55.872    -1.60    1.86
-200054.737    55.411    -1.60    1.82
-199767.173    55.008    -1.40    1.67
-199479.588    54.862    -0.51    1.59
-199191.981    54.775    -0.30    1.64
-198904.353    54.626    -0.52    1.76
-198616.704    54.102    -1.82    2.45
-198329.034    52.770    -4.63    3.61
-198041.342    50.872    -6.60    4.21
-197753.629    49.503    -4.76    4.18
-197465.895    48.538    -3.35    4.04
-197178.140    47.720    -2.84    3.70
-196890.364    47.640    -0.28    4.21
-196602.566    48.202     1.95    4.91
-196314.747    49.424     4.25    5.58
-196026.907    50.988     5.43    6.04
-195739.046    52.241     4.35    5.96
-195451.164    53.706     5.09    4.88
-195163.260    54.635     3.23    3.47
-194875.335    54.550    -0.30    2.94
-194587.388    54.217    -1.16    2.92
-194299.421    53.826    -1.36    2.78
-194011.432    53.547    -0.97    2.92
-193723.422    53.095    -1.57    3.01
-193435.390    53.035    -0.21    2.88
-193147.337    53.053     0.06    2.62
-192859.263    53.223     0.59    2.52
-192571.168    53.354     0.45    2.39
-192283.051    53.462     0.38    2.26
-191994.913    53.941     1.66    1.79
-191706.754    54.109     0.58    1.66
-191418.573    54.305     0.68    1.73
-191130.371    54.479     0.60    1.59
-190842.148    54.592     0.39    1.42
-190553.904    54.845     0.88    1.27
-190265.638    54.914     0.24    1.17
-189977.350    54.976     0.21    1.24
-189689.042    54.863    -0.39    1.42
-189400.711    54.684    -0.62    1.57
-189112.360    54.592    -0.32    1.80
-188823.987    54.328    -0.91    2.12
-188535.593    53.466    -2.99    2.50
-188247.178    52.675    -2.74    2.64
-187958.741    51.845    -2.88    2.62
-187670.282    51.017    -2.87    2.55
-187381.803    50.234    -2.71    2.01
-187093.301    49.758    -1.65    1.57
-186804.779    49.412    -1.20    1.65
-186516.235    49.064    -1.21    1.65
-186227.670    48.745    -1.10    1.52
-185939.083    48.586    -0.55    1.56
-185650.474    48.323    -0.91    1.70
-185361.845    48.229    -0.33    1.60
-185073.194    48.279     0.17    1.77
-184784.521    48.247    -0.11    1.79
-184495.827    48.093    -0.53    1.48
-184207.112    48.032    -0.21    1.29
-183918.375    48.133     0.35    1.27
-183629.616    48.349     0.75    1.34
-183340.836    48.655     1.06    1.34
-183052.035    48.950     1.02    1.30
-182763.212    49.137     0.65    1.16
-182474.368    49.126    -0.04    1.10
-182185.502    48.845    -0.97    1.18
-181896.615    48.389    -1.58    1.32
-181607.706    47.837    -1.91    1.38
-181318.775    47.332    -1.75    1.19
-181029.823    46.845    -1.69    1.13
-180740.850    46.639    -0.71    1.06
-180451.855    46.453    -0.64    1.13
-180165.483    46.389    -0.23    1.61
-179880.956    46.111    -0.98    1.68
-179596.409    45.915    -0.69    1.83
-179311.842    45.747    -0.59    1.77
-179027.254    45.294    -1.59    1.57
-178742.646    44.696    -2.10    1.61
-178458.018    44.063    -2.22    1.65
-178173.370    43.408    -2.30    1.57
-177888.702    42.935    -1.66    1.54
-177604.013    42.442    -1.73    1.36
-177319.304    42.041    -1.41    1.18
-177034.575    41.646    -1.39    0.83
-176749.826    41.595    -0.18    0.82
-176465.057    41.456    -0.49    0.83
-176180.267    41.527     0.25    0.87
-175895.457    41.577     0.18    0.85
-175610.627    41.556    -0.07    0.82
-175325.777    41.461    -0.33    0.89
-175040.906    41.266    -0.68    1.13
-174756.015    41.100    -0.58    1.26
-174471.104    40.708    -1.38    1.49
-174186.173    40.214    -1.73    1.52
-173901.221    40.083    -0.46    1.54
-173616.249    40.161     0.28    1.74
-173331.257    39.995    -0.58    1.79
-173046.245    39.693    -1.06    1.84
-172761.212    39.526    -0.59    2.02
-172476.159    39.407    -0.42    1.89
-172191.086    39.208    -0.70    1.80
-171905.992    38.808    -1.40    1.51
-171620.878    38.650    -0.55    1.28
-171335.744    38.523    -0.45    1.24
-171050.590    38.359    -0.58    1.16
-170765.415    38.397     0.14    1.18
-170480.220    38.481     0.29    1.23
-170195.004    38.711     0.81    1.49
-169909.768    38.942     0.81    1.42
-169624.512    39.098     0.54    1.34
-169339.235    39.385     1.01    1.39
-169053.939    39.592     0.73    1.36
-168768.621    39.690     0.34    1.35
-168483.284    40.013     1.13    1.81
-168197.926    39.544    -1.64    2.63
-167912.548    38.747    -2.79    3.32
-167627.149    37.651    -3.84    3.83
-167341.730    36.272    -4.83    3.82
-167056.290    35.098    -4.11    3.42
-166770.831    33.818    -4.48    2.43
-166485.350    33.041    -2.72    1.39
-166199.850    32.673    -1.29    1.22
-165914.329    32.190    -1.69    1.77
-165628.787    31.778    -1.45    2.12
-165343.225    31.420    -1.25    2.13
-165057.643    31.175    -0.86    2.10
-164772.041    30.917    -0.90    1.91
-164486.417    31.013     0.34    1.74
-164200.774    31.089     0.27    1.42
-163915.110    31.124     0.12    1.23
-163629.426    31.318     0.68    0.96
-163343.721    31.477     0.56    1.26
-163057.995    31.438    -0.14    1.60
-162772.250    31.345    -0.33    1.90
-162486.483    31.205    -0.49    2.01
-162200.697    31.057    -0.52    2.58
-161914.889    32.983     6.74    7.41
-161629.062    34.975     6.97   10.26
-161343.214    36.493     5.31   11.28
-161057.345    37.470     3.42   11.38
-160771.456    37.659     0.66   11.02
-160485.546    37.385    -0.96   10.91
-160199.616    35.376    -7.02    9.49
-159913.666    32.486   -10.10    4.87
-159627.695    30.970    -5.30    1.70
-159341.703    30.687    -0.99    1.12
-159055.691    30.714     0.09    1.22
-158769.658    30.782     0.24    1.31
-158483.605    30.998     0.75    1.41
-158197.531    31.350     1.23    1.58
-157911.437    31.589     0.84    1.77
-157625.322    31.986     1.38    1.96
-157339.186    32.247     0.91    2.12
-157053.031    32.349     0.36    2.35
-156766.854    32.468     0.42    2.44
-156480.657    32.436    -0.11    2.77
-156194.439    32.561     0.44    2.90
-155908.201    33.049     1.70    3.99
-155621.942    34.115     3.72    5.99
-155335.663    34.785     2.34    7.09
-155049.363    36.237     5.07    9.03
-154763.042    38.175     6.77   10.89
-154476.701    40.073     6.63   12.52
-154190.339    42.698     9.16   14.94
-153903.957    44.132     5.01   16.17
-153617.554    44.641     1.78   17.09
-153331.130    44.925     0.99   17.96
-153044.686    43.088    -6.41   18.14
-152758.221    40.897    -7.65   17.37
-152471.735    38.162    -9.55   15.34
-152185.229    34.562   -12.57   11.31
-151898.702    31.608   -10.31    6.31
-151612.155    30.845    -2.67    5.18
-151325.587    30.765    -0.28    4.54
-151038.998    30.450    -1.10    3.26
-150752.388    30.193    -0.90    2.92
-150465.758    29.990    -0.71    2.81
-150179.107    30.063     0.26    2.76
-149892.436    29.906    -0.55    2.75
-149605.744    29.968     0.22    2.62
-149319.031    29.889    -0.27    2.57
-149032.297    29.943     0.19    2.43
-148745.543    29.846    -0.34    2.62
-148458.768    29.752    -0.33    2.33
-148171.972    29.703    -0.17    2.10
-147885.156    29.731     0.10    2.12
-147598.318    29.826     0.33    2.09
-147311.461    29.986     0.55    2.07
-147024.582    30.219     0.81    1.92
-146737.683    30.559     1.18    1.87
-146450.762    30.808     0.87    1.85
-146163.822    30.967     0.56    2.02
-145876.860    30.793    -0.61    2.07
-145589.878    30.784    -0.03    2.08
-145302.874    30.648    -0.47    2.01
-145015.850    30.345    -1.06    1.91
-144728.806    29.984    -1.26    2.15
-144441.740    29.350    -2.21    2.78
-144154.654    28.977    -1.30    3.09
-143867.547    28.740    -0.82    3.33
-143580.419    28.412    -1.14    3.38
-143293.271    28.319    -0.32    3.43
-143006.101    28.054    -0.92    3.18
-142718.911    28.104     0.17    3.09
-142431.700    27.944    -0.56    2.90
-142144.468    28.245     1.05    2.99
-141857.215    28.315     0.24    2.88
-141569.942    28.600     0.99    2.72
-141282.647    28.559    -0.14    2.51
-140995.332    28.630     0.25    2.45
-140707.996    28.967     1.17    2.69
-140420.639    28.940    -0.09    2.70
-140133.261    28.863    -0.27    2.58
-139845.863    28.819    -0.15    2.59
-139558.443    28.917     0.34    2.68
-139271.003    29.854     3.26    3.54
-138983.541    30.524     2.33    3.57
-138696.059    31.220     2.42    3.61
-138408.556    32.073     2.97    3.80
-138121.032    32.639     1.97    3.88
-137833.488    33.397     2.64    3.56
-137545.922    33.450     0.18    3.41
-137258.335    33.505     0.19    3.48
-136970.728    33.774     0.93    3.31
-136683.099    33.690    -0.29    3.39
-136395.450    33.677    -0.05    3.49
-136107.779    33.506    -0.59    3.55
-135820.088    33.488    -0.07    3.68
-135532.376    33.412    -0.26    4.08
-135244.643    33.407    -0.02    4.74
-134956.889    32.942    -1.62    4.83
-134669.114    32.261    -2.37    4.56
-134381.318    31.262    -3.47    3.38
-134093.501    30.898    -1.27    3.00
-133805.663    31.820     3.20    4.00
-133517.804    33.150     4.62    4.99
-133229.924    34.117     3.36    5.16
-132942.023    35.729     5.60    5.05
-132654.101    37.226     5.20    4.51
-132366.158    38.846     5.63    3.94
-132078.195    39.564     2.49    3.69
-131790.210    40.032     1.63    3.77
-131502.204    40.318     0.99    3.37
-131214.177    40.332     0.05    3.27
-130926.129    40.675     1.19    3.43
-130638.060    40.819     0.50    3.47
-130349.970    40.675    -0.50    3.14
-130061.859    40.568    -0.37    2.92
-129773.727    40.589     0.07    2.59
-129485.574    40.795     0.71    2.38
-129197.400    40.987     0.66    2.05
-128909.204    41.113     0.44    1.25
-128620.988    41.599     1.69    1.34
-128332.751    42.098     1.73    1.44
-128044.492    42.795     2.42    1.50
-127756.213    43.450     2.27    1.52
-127467.912    44.075     2.17    1.39
-127179.591    44.749     2.34    1.36
-126891.248    45.225     1.65    1.39
-126602.884    45.722     1.72    1.40
-126314.499    46.295     1.99    1.42
-126026.093    46.731     1.51    1.39
-125737.666    47.185     1.57    1.37
-125449.217    47.709     1.82    1.24
-125160.748    48.028     1.11    1.09
-124872.257    48.300     0.94    1.09
-124583.745    48.571     0.94    0.93
-124295.213    48.679     0.37    0.90
-124006.658    48.802     0.43    0.98
-123718.083    49.161     1.24    1.22
-123429.487    49.639     1.66    1.49
-123140.869    50.095     1.58    1.40
-122852.231    50.463     1.28    1.33
-122563.571    50.785     1.12    1.13
-122274.890    50.960     0.61    1.00
-121986.188    51.139     0.62    0.99
-121697.464    51.430     1.01    1.09
-121408.720    51.624     0.67    1.20
-121119.954    51.701     0.27    1.27
-120831.167    51.854     0.53    1.28
-120542.359    52.152     1.03    1.32
-120253.529    52.367     0.74    1.28
-119964.679    52.459     0.32    1.23
-119675.807    52.506     0.16    1.31
-119386.914    52.630     0.43    1.13
-119097.999    52.749     0.41    1.09
-118809.064    52.776     0.09    1.41
-118520.107    52.581    -0.67    1.51
-118234.314    52.576    -0.02    1.79
-117949.752    52.748     0.60    2.19
-117665.171    53.061     1.10    2.50
-117380.570    53.293     0.81    2.64
-117095.949    53.506     0.75    2.64
-116811.308    53.532     0.09    2.67
-116526.647    53.309    -0.78    2.97
-116241.966    53.002    -1.08    2.84
-115957.265    52.185    -2.87    3.27
-115672.545    51.179    -3.53    3.51
-115387.804    49.702    -5.19    4.01
-115103.044    48.155    -5.43    4.24
-114818.263    47.019    -3.99    4.75
-114533.463    45.722    -4.55    5.05
-114248.642    44.079    -5.77    4.62
-113963.802    42.906    -4.12    3.96
-113678.942    41.804    -3.87    3.52
-113394.061    40.932    -3.06    3.39
-113109.161    40.190    -2.60    2.93
-112824.241    41.389     4.21    4.86
-112539.301    43.306     6.73    6.60
-112254.341    45.715     8.45    7.58
-111969.361    48.166     8.60    7.92
-111684.361    51.399    11.34    7.00
-111399.340    53.846     8.59    5.17
-111114.300    55.419     5.52    2.84
-110829.240    55.464     0.16    2.50
-110544.160    54.997    -1.64    2.46
-110259.060    54.376    -2.18    2.65
-109973.940    53.619    -2.65    2.80
-109688.800    52.898    -2.53    2.60
-109403.639    52.626    -0.95    2.65
-109118.459    53.155     1.85    3.03
-108833.259    53.889     2.57    3.40
-108548.039    54.647     2.66    3.68
-108262.798    55.583     3.28    3.63
-107977.538    56.220     2.23    3.46
-107692.257    55.705    -1.80    4.13
-107406.957    53.811    -6.64    5.26
-107121.636    51.677    -7.48    6.15
-106836.295    49.162    -8.81    6.27
-106550.934    46.958    -7.72    6.01
-106265.554    46.132    -2.89    6.13
-105980.153    47.003     3.05    7.20
-105694.732    48.997     6.98    8.16
-105409.290    51.181     7.65    7.98
-105123.829    53.604     8.49    6.95
-104838.348    55.354     6.13    5.53
-104552.846    57.354     7.00    2.54
-104267.325    57.526     0.60    2.23
-103981.783    57.380    -0.51    2.20
-103696.221    57.045    -1.17    2.21
-103410.639    56.943    -0.36    2.00
-103125.037    56.693    -0.88    1.92
-102839.415    56.449    -0.85    1.97
-102553.773    56.216    -0.81    1.88
-102268.110    56.245     0.10    1.79
-101982.427    56.390     0.51    1.72
-101696.724    56.570     0.63    1.62
-101411.001    56.736     0.58    1.48
-101125.258    56.793     0.20    1.30
-100839.495    56.577    -0.75    1.35
-100553.711    56.135    -1.55    1.52
-100267.908    55.611    -1.84    1.75
 -99982.084    54.991    -2.17    1.69
 -99696.240    54.255    -2.57    1.70
 -99410.375    53.727    -1.85    1.65
 -99124.491    53.589    -0.48    1.79
 -98838.586    53.555    -0.12    1.79
 -98552.661    53.705     0.52    1.90
 -98266.716    53.979     0.96    1.86
 -97980.750    54.264     1.00    1.76
 -97694.765    54.585     1.12    1.64
 -97408.759    54.940     1.24    1.83
 -97122.733    55.268     1.14    1.71
 -96836.687    55.336     0.24    1.77
 -96550.620    54.624    -2.49    2.50
 -96264.533    53.683    -3.29    3.55
 -95978.426    52.933    -2.62    3.86
 -95692.299    52.059    -3.06    4.36
 -95406.151    51.506    -1.93    4.62
 -95119.983    51.837     1.16    4.75
 -94833.795    52.600     2.66    4.91
 -94547.587    53.854     4.38    4.69
 -94261.358    54.589     2.57    4.19
 -93975.109    55.275     2.39    3.21
 -93688.839    55.923     2.26    1.88
 -93402.550    56.170     0.86    1.79
 -93116.240    56.175     0.02    1.75
 -92829.910    56.045    -0.45    1.60
 -92543.559    56.263     0.76    1.59
 -92257.188    56.358     0.33    1.55
 -91970.797    56.639     0.98    1.61
 -91684.385    56.708     0.24    1.59
 -91397.953    56.678    -0.10    1.75
 -91111.501    56.630    -0.17    1.66
 -90825.029    56.819     0.66    1.56
 -90538.536    57.066     0.86    1.61
 -90252.022    57.205     0.48    1.55
 -89965.489    57.602     1.39    1.53
 -89678.935    57.942     1.19    1.39
 -89392.360    58.535     2.07    1.26
 -89105.765    59.042     1.77    1.21
 -88819.150    59.521     1.67    1.14
 -88532.515    59.960     1.53    1.09
 -88245.859    60.319     1.25    0.92
 -87959.182    60.450     0.46    0.91
 -87672.486    60.576     0.44    0.89
 -87385.769    60.647     0.25    0.93
 -87099.031    60.679     0.11    0.97
 -86812.273    60.553    -0.44    0.96
 -86525.495    60.338    -0.75    1.06
 -86238.696    60.162    -0.61    1.15
 -85951.877    59.916    -0.86    1.43
 -85665.037    59.659    -0.90    1.72
 -85378.177    59.376    -0.99    1.78
 -85091.296    59.141    -0.82    1.76
 -84804.395    59.104    -0.13    1.81
 -84517.474    59.266     0.57    1.91
 -84230.532    59.380     0.40    1.89
 -83943.569    59.702     1.12    1.94
 -83656.587    60.111     1.42    2.16
 -83369.583    60.345     0.82    2.59
 -83082.559    60.139    -0.72    3.87
 -82795.515    59.427    -2.48    4.42
 -82508.450    58.706    -2.51    4.81
 -82221.365    58.124    -2.03    4.99
 -81934.259    57.827    -1.03    4.90
 -81647.133    58.268     1.54    5.00
 -81359.986    58.863     2.07    4.67
 -81072.819    60.245     4.81    3.89
 -80785.631    61.184     3.27    2.93
 -80498.422    61.038    -0.51    2.80
 -80211.193    60.804    -0.82    2.39
 -79923.944    60.692    -0.39    2.01
 -79636.674    60.641    -0.18    1.48
 -79349.383    60.827     0.65    1.38
 -79062.072    60.915     0.31    1.31
 -78774.741    61.106     0.66    1.25
 -78487.388    61.179     0.25    1.45
 -78200.016    61.266     0.31    1.68
 -77912.622    61.611     1.20    1.87
 -77625.208    61.872     0.91    1.88
 -77337.774    61.624    -0.86    2.71
 -77050.319    61.252    -1.29    3.02
 -76762.843    61.376     0.43    3.23
 -76475.347    61.454     0.27    3.40
 -76187.830    61.591     0.48    3.30
 -75900.293    62.012     1.46    3.07
 -75612.734    62.477     1.62    2.94
 -75325.156    63.091     2.14    2.23
 -75037.556    63.317     0.79    2.68
 -74749.936    63.541     0.78    2.97
 -74462.296    63.898     1.24    3.24
 -74174.635    64.296     1.38    3.56
 -73886.953    65.143     2.94    4.09
 -73599.250    66.303     4.03    4.35
 -73311.527    67.169     3.01    4.15
 -73023.783    68.139     3.37    4.19
 -72736.019    69.011     3.03    3.95
 -72448.233    70.113     3.83    3.08
 -72160.428    70.602     1.70    2.52
 -71872.601    70.693     0.32    2.60
 -71584.754    70.503    -0.66    2.61
 -71296.886    70.453    -0.18    2.76
 -71008.998    70.499     0.16    2.77
 -70721.088    70.456    -0.15    2.86
 -70433.158    70.380    -0.26    2.87
 -70145.208    71.002     2.16    2.42
 -69857.236    71.237     0.82    2.26
 -69569.244    71.216    -0.07    2.56
 -69281.231    70.179    -3.60    4.22
 -68993.198    68.175    -6.96    6.17
 -68705.143    65.991    -7.58    7.02
 -68417.068    64.598    -4.84    7.15
 -68128.973    63.447    -4.00    7.15
 -67840.856    62.626    -2.85    7.15
 -67552.719    61.811    -2.83    6.99
 -67264.561    61.358    -1.57    7.30
 -66976.382    60.898    -1.60    7.46
 -66688.182    60.679    -0.76    7.48
 -66399.962    60.562    -0.41    7.44
 -66111.721    61.598     3.59    6.58
 -65823.459    62.092     1.71    5.72
 -65535.176    61.986    -0.37    5.35
 -65246.873    61.514    -1.63    5.02
 -64958.548    61.130    -1.33    4.68
 -64670.203    60.307    -2.85    4.83
 -64381.837    58.898    -4.89    4.57
 -64093.451    56.459    -8.45    5.51
 -63805.043    53.262   -11.08    7.00
 -63516.615    50.061   -11.10    8.43
 -63228.166    46.654   -11.81    8.90
 -62939.696    43.836    -9.77    8.25
 -62651.205    43.818    -0.06    8.46
 -62362.693    45.726     6.61   10.23
 -62074.160    48.847    10.81   11.66
 -61785.607    53.087    14.69   11.92
 -61497.033    57.261    14.46   10.17
 -61208.437    60.951    12.79    7.46
 -60919.821    63.222     7.87    4.01
 -60631.185    63.872     2.25    2.03
 -60342.527    63.700    -0.59    2.13
 -60053.848    63.529    -0.59    2.33
 -59765.149    63.263    -0.92    2.45
 -59476.428    62.888    -1.30    2.88
 -59187.687    62.234    -2.27    3.01
 -58898.924    61.784    -1.56    3.02
 -58610.141    61.301    -1.67    2.99
 -58321.337    61.119    -0.63    2.83
 -58032.512    60.931    -0.65    2.66
 -57743.666    60.959     0.10    2.66
 -57454.799    61.029     0.24    2.56
 -57165.911    60.837    -0.67    2.67
 -56877.003    60.699    -0.48    2.74
 -56588.073    60.786     0.30    2.70
 -56302.870    61.345     1.96    2.46
 -56018.286    61.624     0.98    2.50
 -55733.683    61.355    -0.95    2.99
 -55449.060    60.701    -2.30    3.31
 -55164.418    60.119    -2.04    3.67
 -54879.756    59.389    -2.57    3.70
 -54595.075    58.727    -2.32    4.01
 -54310.373    57.770    -3.36    4.93
 -54025.653    56.749    -3.59    5.73
 -53740.912    55.097    -5.80    7.16
 -53456.152    53.436    -5.83    7.96
 -53171.372    52.914    -1.83    8.09
 -52886.573    52.652    -0.92    8.21
 -52601.754    52.969     1.11    8.10
 -52316.916    54.075     3.88    8.11
 -52032.057    55.632     5.47    7.88
 -51747.179    58.729    10.87    5.58
 -51462.282    60.394     5.84    3.81
 -51177.365    60.643     0.87    3.46
 -50892.428    60.905     0.92    3.04
 -50607.471    61.047     0.50    2.88
 -50322.495    60.836    -0.74    3.12
 -50037.499    60.256    -2.03    3.30
 -49752.483    59.639    -2.17    3.23
 -49467.448    58.898    -2.60    3.03
 -49182.393    58.208    -2.42    2.58
 -48897.318    58.024    -0.64    2.02
 -48612.224    58.025     0.00    1.49
 -48327.110    58.091     0.23    1.27
 -48041.976    58.279     0.66    1.50
 -47756.822    58.329     0.18    1.86
 -47471.649    58.549     0.77    2.12
 -47186.456    58.872     1.13    2.36
 -46901.243    59.093     0.78    2.61
 -46616.011    58.974    -0.42    2.87
 -46330.758    58.532    -1.55    3.44
 -46045.486    58.535     0.01    3.59
 -45760.195    58.652     0.41    3.60
 -45474.883    58.838     0.65    3.62
 -45189.552    59.033     0.68    3.47
 -44904.201    59.275     0.85    3.27
 -44618.830    59.828     1.94    2.90
 -44333.439    59.914     0.30    2.61
 -44048.029    59.829    -0.30    2.74
 -43762.599    59.641    -0.66    2.92
 -43477.149    59.756     0.40    2.94
 -43191.679    60.167     1.44    2.67
 -42906.190    60.626     1.61    2.60
 -42620.680    60.898     0.95    2.64
 -42335.151    60.907     0.03    3.08
 -42049.602    60.117    -2.76    3.84
 -41764.033    59.202    -3.20    4.61
 -41478.445    57.801    -4.90    5.13
 -41192.836    56.411    -4.87    5.16
 -40907.208    55.752    -2.31    4.63
 -40621.560    54.431    -4.62    4.35
 -40335.892    53.407    -3.59    4.37
 -40050.204    51.626    -6.23    5.04
 -39764.496    51.185    -1.54    5.30
 -39478.769    50.294    -3.12    5.83
 -39193.021    48.491    -6.31    6.20
 -38907.254    46.933    -5.45    6.48
 -38621.467    46.216    -2.51    6.92
 -38335.660    45.802    -1.45    7.02
 -38049.833    45.976     0.61    7.32
 -37763.986    45.652    -1.13    7.65
 -37478.120    44.709    -3.30    8.34
 -37192.233    43.971    -2.58    9.15
 -36906.326    42.683    -4.50    9.67
 -36620.400    41.450    -4.31    9.85
 -36334.454    40.974    -1.67    9.75
 -36048.488    40.641    -1.17    9.73
 -35762.501    39.397    -4.35    9.63
 -35476.495    39.126    -0.95    9.53
 -35190.469    39.021    -0.37    9.61
 -34904.424    39.592     2.00   10.09
 -34618.358    39.182    -1.43   10.51
 -34332.272    37.547    -5.71   10.52
 -34046.166    36.582    -3.37   10.69
 -33760.040    36.519    -0.22   10.93
 -33473.895    35.778    -2.59   11.09
 -33187.729    35.217    -1.96   10.98
 -32901.544    35.652     1.52   11.57
 -32615.338    36.194     1.89   12.28
 -32329.113    36.355     0.56   12.56
 -32042.867    36.196    -0.55   12.55
 -31756.602    35.933    -0.92   12.38
 -31470.316    35.111    -2.87   12.17
 -31184.011    35.367     0.90   11.74
 -30897.685    34.721    -2.26   11.67
 -30611.340    35.518     2.78   11.53
 -30324.974    36.034     1.80   11.63
 -30038.589    34.603    -5.00   11.73
 -29752.183    33.529    -3.75   11.93
 -29465.757    32.845    -2.39   11.65
 -29179.312    31.513    -4.65   11.06
 -28892.846    31.338    -0.61   10.56
 -28606.360    30.722    -2.15   10.16
 -28319.855    31.019     1.04   10.98
 -28033.329    32.239     4.26   10.76
 -27746.783    32.905     2.32   10.18
 -27460.217    31.836    -3.73    9.21
 -27173.631    31.407    -1.50    7.37
 -26887.025    30.299    -3.86    5.99
 -26600.399    30.077    -0.78    3.87
 -26313.753    29.630    -1.56    3.50
 -26027.087    29.389    -0.84    3.58
 -25740.401    29.306    -0.29    3.80
 -25453.694    28.948    -1.25    3.71
 -25166.968    28.880    -0.24    3.78
 -24880.221    29.521     2.23    3.70
 -24593.454    29.725     0.71    3.32
 -24306.667    29.763     0.13    3.25
 -24019.860    29.701    -0.22    3.33
 -23733.033    29.349    -1.22    3.30
 -23446.186    29.132    -0.76    3.06
 -23159.319    29.426     1.02    3.19
 -22872.431    30.083     2.29    4.32
 -22585.524    30.477     1.37    4.67
 -22298.596    31.529     3.67    4.90
 -22011.648    32.241     2.48    4.41
 -21724.680    32.156    -0.30    4.45
 -21437.692    30.380    -6.19    6.78
 -21150.683    26.854   -12.29    9.73
 -20863.655    23.107   -13.05   10.89
 -20576.606    19.719   -11.80   10.88
 -20289.537    16.057   -12.76    9.54
 -20002.448    12.341   -12.95    6.56
 -19715.339    10.143    -7.65    2.33
 -19428.209     9.611    -1.85    1.30
 -19141.059     9.433    -0.62    1.24
 -18853.890     9.208    -0.78    1.07
 -18566.699     9.216     0.03    0.95
 -18279.489     9.177    -0.14    0.94
 -17992.259     9.196     0.07    0.95
 -17705.008     9.126    -0.24    0.97
 -17417.737     9.009    -0.41    0.99
 -17130.446     8.770    -0.83    1.00
 -16843.134     8.507    -0.91    0.97
 -16555.802     8.494    -0.04    1.21
 -16268.450     8.450    -0.15    1.62
 -15981.078     8.397    -0.19    2.01
 -15693.686     8.346    -0.18    2.24
 -15406.273     8.117    -0.80    2.41
 -15118.840     8.019    -0.34    2.57
 -14831.387     7.922    -0.34    2.62
 -14543.913     7.718    -0.71    2.63
 -14256.419     7.354    -1.27    2.10
 -13968.905     7.080    -0.95    1.66
 -13681.371     7.329     0.87    1.41
 -13393.816     7.295    -0.12    1.22
 -13106.241     7.447     0.53    0.99
 -12818.646     7.547     0.35    1.12
 -12531.030     7.694     0.51    1.16
 -12243.394     7.716     0.08    1.18
 -11955.738     7.665    -0.18    1.24
 -11668.061     7.611    -0.19    1.38
 -11380.364     7.682     0.25    1.40
 -11092.647     7.619    -0.22    1.40
 -10804.909     7.466    -0.53    1.26
 -10517.151     7.389    -0.27    1.24
 -10229.373     7.492     0.36    1.21
  -9941.574     7.687     0.68    1.07
  -9653.755     7.897     0.73    0.98
  -9365.916     8.045     0.52    0.97
  -9078.056     7.950    -0.33    0.92
  -8790.176     7.804    -0.51    0.97
  -8502.275     7.854     0.18    0.90
  -8214.355     8.004     0.52    1.01
  -7926.413     8.275     0.94    1.21
  -7638.452     8.505     0.80    1.29
  -7350.469     8.719     0.74    1.31
  -7062.467     8.845     0.44    1.30
  -6774.444     8.872     0.09    1.26
  -6486.401     8.786    -0.30    1.30
  -6198.337     8.583    -0.70    1.26
  -5910.253     8.324    -0.90    1.11
  -5622.148     8.161    -0.56    0.98
  -5334.023     8.080    -0.28    0.89
  -5045.878     8.025    -0.19    0.82
  -4757.712     8.061     0.12    0.85
  -4469.525     8.029    -0.11    0.85
  -4181.318     8.156     0.44    0.92
  -3893.091     8.151    -0.02    0.96
  -3604.843     8.171     0.07    1.00
  -3316.575     8.100    -0.25    0.94
  -3028.286     8.091    -0.03    0.89
  -2739.977     8.151     0.21    0.95
  -2451.647     8.244     0.32    0.94
  -2163.297     8.243    -0.00    1.05
  -1874.926     8.164    -0.28    1.70
  -1586.535     7.795    -1.28    2.97
  -1298.124     6.719    -3.73    3.95
  -1009.691     5.310    -4.88    4.56
   -721.239     3.740    -5.44    4.54
   -432.765     2.592    -3.98    4.26
   -144.272     2.261    -1.15    4.38
    144.243     2.694     1.50    4.70
    432.777     3.679     3.41    4.92
    721.333     4.967     4.47    4.92
   1009.909     6.202     4.28    4.71
   1298.505     7.157     3.31    4.32
   1587.122     7.661     1.75    3.79
   1875.760     7.350    -1.08    3.71
   2164.418     7.329    -0.07    3.96
   2453.097     7.265    -0.22    3.88
   2741.796     7.398     0.46    3.77
   3030.516     8.132     2.54    3.70
   3319.256     8.342     0.72    3.77
   3608.017     8.636     1.02    3.61
   3896.799     8.380    -0.89    3.35
   4185.601     7.617    -2.64    2.99
   4474.424     7.078    -1.87    2.77
   4763.268     7.393     1.09    3.41
   5052.132     8.094     2.43    4.27
   5341.017     9.091     3.45    4.71
   5625.701     9.743     2.29    4.81
   5910.316    10.219     1.67    4.84
   6194.950    11.053     2.93    5.09
   6479.603    11.385     1.17    4.81
   6764.276    11.134    -0.88    4.17
   7048.967    11.041    -0.33    3.96
   7333.679    10.828    -0.75    3.87
   7618.409    11.222     1.39    3.76
   7903.159    11.619     1.39    3.48
   8187.928    11.541    -0.28    2.98
   8472.716    11.547     0.02    3.02
   8757.524    11.811     0.93    3.12
   9042.351    12.041     0.81    3.17
   9327.197    11.709    -1.17    3.28
   9612.062    11.690    -0.07    4.50
   9896.947    11.038    -2.29    4.70
  10181.852    10.761    -0.97    4.77
  10466.775    10.165    -2.09    4.67
  10751.718     9.003    -4.08    4.08
  11036.680     8.743    -0.91    3.63
  11321.662     8.897     0.54    3.05
  11606.663     9.096     0.70    2.43
  11891.683     9.091    -0.02    2.39
  12176.723     9.109     0.06    2.69
  12461.782     9.422     1.10    2.84
  12746.861     9.828     1.42    2.97
  13031.959    11.193     4.79    3.36
  13317.076    11.940     2.62    3.89
  13602.212    12.401     1.61    4.19
  13887.368    12.524     0.43    4.53
  14172.544    12.915     1.37    4.17
  14457.739    12.611    -1.07    4.26
  14742.953    12.292    -1.12    3.99
  15028.186    12.012    -0.98    3.11
  15313.439    11.915    -0.34    2.39
  15598.712    11.762    -0.54    2.00
  15884.004    11.812     0.17    1.79
  16169.315    11.663    -0.52    1.77
  16454.646    11.320    -1.20    1.80
  16739.996    11.138    -0.64    1.59
  17025.366    11.000    -0.49    1.59
  17310.755    11.122     0.43    1.71
  17596.163    11.470     1.22    1.97
  17881.591    12.227     2.65    2.65
  18167.039    12.794     1.99    3.01
  18452.506    13.802     3.53    3.19
  18737.992    15.299     5.24    3.71
  19023.498    16.796     5.24    4.30
  19309.023    17.600     2.81    4.30
  19594.568    18.161     1.97    4.01
  19880.132    18.737     2.02    3.85
  20165.716    18.872     0.47    3.73
  20451.319    18.345    -1.84    3.09
  20736.942    18.038    -1.07    3.09
  21022.584    17.309    -2.55    2.96
  21308.246    16.872    -1.53    2.76
  21593.928    16.803    -0.24    2.54
  21879.628    17.029     0.79    2.11
  22165.349    16.922    -0.38    2.51
  22451.089    16.897    -0.09    3.38
  22736.848    16.986     0.31    4.25
  23022.627    16.854    -0.46    5.19
  23308.426    16.736    -0.41    5.81
  23594.244    16.139    -2.09    6.21
  23880.081    15.126    -3.54    6.48
  24165.939    14.100    -3.59    6.56
  24451.815    13.309    -2.77    6.25
  24737.712    13.273    -0.12    5.94
  25023.628    13.459     0.65    5.55
  25309.563    13.923     1.62    5.59
  25595.518    14.930     3.52    5.57
  25881.493    16.143     4.24    5.17
  26167.487    17.027     3.09    4.42
  26453.501    18.128     3.85    3.41
  26739.534    18.083    -0.16    2.79
  27025.587    17.802    -0.98    2.24
  27311.660    17.558    -0.85    2.37
  27597.752    17.592     0.12    2.53
  27883.864    17.524    -0.24    2.65
  28169.996    17.027    -1.74    3.01
  28456.147    16.472    -1.94    3.28
  28742.317    15.922    -1.92    3.47
  29028.508    16.022     0.35    3.44
  29314.718    15.907    -0.40    3.40
  29600.948    16.240     1.16    3.53
  29887.197    16.863     2.18    3.31
  30173.466    17.533     2.34    3.01
  30459.755    18.187     2.29    2.45
  30746.063    18.656     1.64    2.44
  31032.391    18.261    -1.38    2.96
  31318.738    17.426    -2.92    3.62
  31605.106    16.423    -3.50    3.99
  31891.493    15.211    -4.23    4.10
  32177.900    13.770    -5.03    3.49
  32464.326    12.333    -5.02    1.68
  32750.772    11.872    -1.61    0.00
  33037.238    11.872     0.00    0.00
  33323.723    11.872     0.00    0.00
  33610.229    11.872     0.00    0.00
  33896.753    11.872     0.00    0.00
  34183.298    11.872     0.00    0.00
  34469.863    11.872     0.00    0.00
  34756.447    11.942     0.24    0.32
  35043.050    12.354     1.44    1.03
  35329.674    13.199     2.95    1.97
  35616.317    14.261     3.71    2.76
  35902.980    15.758     5.22    3.44
  36189.663    17.656     6.62    3.73
  36476.366    19.140     5.18    3.14
  36763.088    20.270     3.94    2.45
  37049.830    21.098     2.89    1.69
  37336.592    21.402     1.06    1.32
  37623.374    21.709     1.07    1.39
  37910.175    21.641    -0.24    1.73
  38196.997    21.604    -0.13    2.03
  38483.838    21.732     0.45    2.30
  38770.699    21.304    -1.49    2.81
  39057.579    20.880    -1.48    3.03
  39344.480    20.393    -1.70    2.84
  39631.400    19.889    -1.76    2.22
  39918.340    19.846    -0.15    1.73
  40205.300    20.000     0.54    1.57
  40492.280    20.319     1.11    1.48
  40779.279    20.698     1.32    1.34
  41066.299    20.771     0.25    1.39
  41353.338    20.653    -0.41    1.56
  41640.397    20.442    -0.74    1.52
  41927.476    20.402    -0.14    1.69
  42214.574    20.628     0.79    1.92
  42501.693    20.922     1.02    2.10
  42788.832    21.310     1.35    2.19
  43075.990    22.000     2.40    2.20
  43363.168    22.795     2.77    1.93
  43650.366    23.677     3.07    1.63
  43937.584    24.249     1.99    1.67
  44224.822    24.692     1.54    2.02
  44512.080    25.422     2.54    2.33
  44799.358    26.162     2.58    2.17
  45086.655    26.406     0.85    2.12
  45373.973    25.778    -2.18    3.43
  45661.310    24.787    -3.45    4.50
  45948.667    23.549    -4.31    5.02
  46236.044    22.061    -5.18    4.94
  46523.442    20.730    -4.63    4.36
  46810.859    19.499    -4.28    3.95
  47098.296    18.427    -3.73    2.85
  47385.753    17.837    -2.05    1.65
  47673.229    18.297     1.60    1.84
  47960.726    18.930     2.20    2.12
  48248.243    19.208     0.97    2.30
  48535.780    18.828    -1.32    3.11
  48823.337    17.855    -3.38    3.94
  49110.913    17.080    -2.69    4.37
  49398.510    16.573    -1.76    4.82
  49686.126    16.126    -1.56    5.26
  49973.763    15.477    -2.26    5.15
  50261.420    14.830    -2.25    4.98
  50549.096    14.529    -1.04    5.01
  50836.793    14.529     0.00    4.74
  51124.509    14.611     0.28    4.30
  51412.246    14.097    -1.79    3.46
  51700.003    13.332    -2.66    1.85
  51987.779    13.237    -0.33    1.49
  52275.576    13.384     0.51    1.55
  52563.392    13.533     0.52    1.69
  52851.229    13.742     0.73    1.79
  53139.086    14.819     3.74    3.12
  53426.963    15.688     3.02    3.44
  53714.859    16.888     4.17    4.01
  54002.776    18.363     5.12    4.66
  54290.713    20.104     6.05    5.31
  54578.670    21.569     5.09    5.07
  54866.647    22.829     4.38    4.83
  55154.644    23.037     0.72    4.92
  55442.661    22.708    -1.14    4.70
  55730.699    22.380    -1.14    4.88
  56018.756    21.973    -1.41    4.92
  56306.834    21.802    -0.59    4.50
  56594.931    21.724    -0.27    3.60
  56883.049    22.075     1.22    3.03
  57171.186    22.668     2.06    2.48
  57459.344    23.202     1.85    1.59
  57747.522    23.185    -0.06    1.47
  58035.720    23.160    -0.09    1.49
  58323.938    23.244     0.29    1.51
  58612.177    23.324     0.28    1.63
  58900.435    24.044     2.50    2.62
  59188.714    25.119     3.73    3.55
  59477.012    25.897     2.70    3.57
  59765.331    26.475     2.00    3.75
  60053.670    27.415     3.26    4.18
  60342.029    27.803     1.35    4.30
  60630.409    27.581    -0.77    3.87
  60918.808    27.578    -0.01    3.67
  61207.228    27.785     0.72    3.49
  61495.668    28.196     1.42    3.09
  61784.128    28.795     2.07    2.41
  62072.608    29.268     1.64    2.80
  62361.108    30.268     3.47    3.53
  62649.629    30.990     2.50    3.64
  62938.170    31.363     1.29    3.45
  63226.731    31.940     2.00    2.87
  63515.312    31.872    -0.24    2.70
  63803.913    31.575    -1.03    3.34
  64092.535    31.422    -0.53    3.98
  64381.177    31.698     0.95    4.75
  64669.839    32.472     2.68    5.63
  64958.521    34.397     6.67    7.18
  65247.224    37.236     9.83    8.08
  65535.947    40.115     9.97    8.09
  65824.690    41.854     6.02    7.77
  66113.453    42.702     2.94    7.53
  66402.237    42.261    -1.53    7.85
  66691.040    41.219    -3.61    8.07
  66979.865    40.150    -3.70    7.57
  67268.270    40.388     0.83    7.04
  67552.899    41.521     3.98    7.27
  67837.546    42.829     4.59    6.82
  68122.212    44.561     6.09    5.95
  68406.897    45.748     4.17    5.03
  68691.601    45.770     0.08    5.04
  68976.324    44.778    -3.48    5.51
  69261.066    44.248    -1.86    6.50
  69545.827    44.422     0.61    7.40
  69830.607    44.324    -0.35    7.72
  70115.406    44.863     1.89    8.62
  70400.224    45.468     2.13    8.50
  70685.061    45.829     1.27    8.35
  70969.916    46.552     2.54    8.48
  71254.791    46.521    -0.11    8.14
  71539.685    46.272    -0.88    8.47
  71824.597    45.811    -1.62    8.68
  72109.529    44.577    -4.33    8.81
  72394.480    44.170    -1.43    9.26
  72679.449    44.287     0.41    9.61
  72964.438    44.759     1.65    9.20
