# NaN NaN NaN ;Mean Elev.(m), Avg Gradient(m/km), RMS Gradient(m/km) - SRTM1     
#  -12.838     NaN     NaN ;Mean Elev.(m), Avg Gradient(m/km), RMS Gradient(m/km) - ASTER GDEM
#    2.233   0.066   2.082 ;Mean Elev.(m), Avg Gradient(m/km), RMS Gradient(m/km) - GMTED2010 
   1  65.544219  64.884992     9.597     9.605  9 54665.42057118 29.037
   2  65.545148  64.885785     9.286     9.220  8 54675.33621586 45.668
   3  65.547493  64.887097     0.448     0.515  8 54685.25185926 27.468
   4  65.548296  64.888250     8.460     8.312  9 54695.16750103 30.154
   5  65.550038  64.887566     2.819     3.230  9 54705.08314050 28.256
   6  65.547124  64.885203     8.595     8.510  9 54714.99879216 28.668
   7  65.543768  64.882905     7.084     7.765  8 54724.91444228 31.299
   8  65.541733  64.882067     8.543     8.623  8 54734.83009032 25.544
   9  65.542670  64.883050     6.971     6.991  9 54744.74573735 41.989
  10  65.543517  64.884347     5.494     5.292  9 54754.66138392 44.436
  11  65.542608  64.884357     6.923     7.422  8 54764.57702939 30.794
  12  65.541272  64.882607     5.500     5.376  8 54774.49267218 49.811
  13  65.539127  64.881165     6.342     6.295  8 54784.40831231 48.222
  14  65.541950  64.881143     5.671     5.643  8 54794.32395101 41.493
  15  65.543125  64.883542     5.686     5.342  8 54804.23958858 28.944
  16  65.546844  64.885408     6.083     6.274  8 54814.15522602 26.516
  17  65.546000  64.885958     6.468     6.581  9 54824.07087071 21.773
  18  65.545566  64.884640     6.588     6.433  8 54833.98651076 20.020
  19  65.545466  64.883975     6.995     6.515  8 54843.90216078 19.247
  20  65.546586  64.884563     6.944     6.037  8 54853.81780982 18.806
  21  65.548297  64.885995     7.612     7.727  9 54863.73345860 17.818
  22  65.545999  64.886989     7.586     7.746  9 54873.64910683 17.939
  23  65.547522  64.885704     7.675     7.725  9 54883.56475318 16.429
  24  65.543139  64.883656     6.443     6.459  8 54893.48039566 16.338
  25  65.542352  64.881410     7.386     6.882  9 54903.39603581 16.347
  26  65.539912  64.881598     7.277     7.316  8 54913.31167443 16.655
  27  65.543787  64.882712     5.608     5.658  9 54923.22731283 18.714
  28  65.544123  64.884505     7.621     7.567  9 54933.14295009 15.837
  29  65.546214  64.884551     8.526     8.549  8 54943.05858577 13.758
  30  65.544059  64.883603     5.097     5.137  9 54952.97421919 20.481
  31  65.542193  64.881879     7.326     7.303  8 54962.88986288 43.138
  32  65.541289  64.881832    10.286    10.207  8 54972.80551135 42.266
  33  65.543252  64.883291     9.465     9.458  9 54982.72115902 31.351
  34  65.546782  64.884888     9.127     9.122  9 54992.63680654 30.618
  35  65.546202  64.885570     9.570     9.466  9 55002.55245290 34.336
  36  65.546681  64.884967     9.293     9.247  9 55012.46809759 26.900
  37  65.544322  64.884546     9.440     9.288  9 55022.38374060 26.296
  38  65.546404  64.884839     8.653     8.595  9 55032.29938316 27.845
  39  65.547659  64.886062     8.492     8.291  9 55042.21502490 30.709
  40  65.549193  64.886937     7.937     7.942  8 55052.13066517 31.494
  41  65.548355  64.886286     8.366     8.341  8 55062.04630314 29.011
  42  65.544603  64.884292     8.529     8.536  8 55071.96194629 25.561
  43  65.541440  64.882156     7.667     8.202  9 55081.87759475 34.916
  44  65.540973  64.881586     8.614     8.652  9 55091.79324166 23.160
  45  65.543884  64.882309     7.100     7.128  8 55101.70888830 38.790
  46  65.544268  64.883757     8.298     8.562  8 55111.62453427 26.190
  47  65.544738  64.883751     7.729     8.230  8 55121.54017820 28.979
  48  65.541449  64.882747     4.820     4.742  8 55131.45581903 36.664
  49  65.541213  64.881116     5.117     5.090  9 55141.37145820 47.957
  50  65.541048  64.881351     4.030     4.066  9 55151.28709661 37.753
  51  65.544371  64.883010     4.453     4.332  8 55161.20273539 35.632
  52  65.546354  64.885159     5.065     5.189  8 55171.11837363 31.673
  53  65.546307  64.886471     6.499     6.336  8 55181.03401025 25.803
  54  65.545298  64.885842     5.893     6.163  8 55190.94965905 29.702
  55  65.544836  64.885245     5.295     4.687  9 55200.86530933 27.020
  56  65.546806  64.885060     6.305     6.244  9 55210.78095910 18.050
  57  65.545199  64.885905     6.561     6.359  9 55220.69660799 17.489
  58  65.546547  64.885304     5.544     5.901  8 55230.61225619 26.054
  59  65.544443  64.884391     5.640     5.670  8 55240.52790087 24.424
  60  65.541358  64.882923     6.858     6.802  8 55250.44354194 16.419
  61  65.539819  64.881838     6.867     6.815  8 55260.35918088 15.882
  62  65.542561  64.881668     6.692     6.650  9 55270.27481937 16.139
  63  65.543618  64.882705     6.897     6.744  9 55280.19045757 14.725
  64  65.542957  64.883887     8.146     8.211  9 55290.10609438 15.609
  65  65.545351  64.883922     8.453     8.451  8 55300.02172918 14.353
  66  65.542945  64.883037     3.847     3.905  8 55309.93737437 41.337
  67  65.541253  64.882141     6.172     6.090  8 55319.85302004 38.778
  68  65.542814  64.881996     9.928     9.849  8 55329.76866485 46.516
  69  65.544703  64.883163     9.293     9.214  8 55339.68430935 24.662
  70  65.546357  64.884528     9.287     9.283  8 55349.59995351 24.095
  71  65.545929  64.885504     9.061     9.036  8 55359.51559549 23.609
  72  65.545296  64.885685     9.613     9.472  9 55369.43123536 47.381
  73  65.546247  64.885660     9.345     9.300  9 55379.34687393 47.618
  74  65.547151  64.886105     8.793     8.778  8 55389.26251178 23.394
  75  65.548207  64.886514     8.881     8.878  8 55399.17814866 26.162
  76  65.545843  64.886124     8.777     8.800  8 55409.09379477 26.671
  77  65.545603  64.884109     8.609     8.484  8 55419.00944558 29.556
  78  65.541975  64.882631     8.366     8.477  8 55428.92509265 35.720
  79  65.540904  64.882145     8.338     8.312  8 55438.84073723 25.982
  80  65.540864  64.882808     7.364     7.257  8 55448.75638037 31.456
  81  65.543881  64.883149     5.544     5.559  8 55458.67202348 46.988
  82  65.543691  64.883329     8.409     8.350  9 55468.58766556 26.173
  83  65.542133  64.882968     8.483     8.555  9 55478.50330429 26.232
  84  65.542916  64.882412     7.715     7.971  8 55488.41894028 27.903
  85  65.543709  64.882524     8.114     8.171  8 55498.33457399 27.171
  86  65.542618  64.883838     7.545     7.302  9 55508.25021242 23.109
  87  65.543842  64.884492     5.752     5.654  8 55518.16586278 43.197
  88  65.545448  64.885020     4.912     4.876  9 55528.08151227 34.791
  89  65.545738  64.885135     4.534     4.544  8 55537.99715975 33.893
  90  65.545973  64.885095     4.751     4.782  8 55547.91280496 24.644
  91  65.546969  64.885217     4.692     4.710  9 55557.82844842 22.841
  92  65.545092  64.886110     5.216     5.032  9 55567.74409067 20.701
  93  65.547403  64.885773     4.783     4.629  9 55577.65973258 21.204
  94  65.544732  64.884878     5.942     5.387  9 55587.57537194 18.895
  95  65.543571  64.883240     5.427     5.582  9 55597.49100841 18.974
  96  65.543562  64.882342     5.558     5.855  9 55607.40664217 20.089
  97  65.541619  64.883254     4.573     4.537  8 55617.32227367 20.604
  98  65.545805  64.884071     4.671     4.504  8 55627.23791874 20.014
  99  65.543736  64.884705     5.470     5.566  9 55637.15357015 18.696
 100  65.542548  64.884045     6.010     5.864  8 55647.06921969 15.203
 101  65.542917  64.882292     9.472     9.305  9 55656.98486660 11.362
 102  65.540279  64.881845     4.206     4.203  8 55666.90050882 45.986
 103  65.543270  64.882201     6.666     6.637  8 55676.81614861 40.902
 104  65.542685  64.884248     9.653     9.638  8 55686.73178606 41.486
 105  65.544669  64.885730     9.162     9.301  9 55696.64742259 26.922
 106  65.547815  64.886072     9.604     9.604  8 55706.56305801 54.978
 107  65.546466  64.885539     9.488     9.486  9 55716.47870793 55.137
 108  65.546561  64.885074     8.519     8.513  8 55726.39435664 25.530
 109  65.545829  64.885659     9.293     9.257  8 55736.31000345 54.939
 110  65.548641  64.886031     8.763     8.750  9 55746.22564937 25.958
 111  65.546113  64.886141     8.020     8.043  9 55756.14129293 32.416
 112  65.546103  64.884435     8.363     8.420  9 55766.05693437 23.709
 113  65.544145  64.882450     8.091     8.174  8 55775.97257273 25.109
 114  65.539941  64.881917     7.753     8.166  8 55785.88820788 26.487
 115  65.543455  64.882782     8.238     8.180  9 55795.80384164 23.942
 116  65.543900  64.884773     6.332     5.924  9 55805.71948143 32.832
 117  65.545147  64.885402     5.004     4.939  8 55815.63513062 43.418
 118  65.544726  64.884255     8.085     8.239  8 55825.55077704 24.998
 119  65.543915  64.882571     5.502     5.439  9 55835.46641898 38.401
 120  65.541424  64.882017     7.969     8.260  9 55845.38205721 26.406
 121  65.543574  64.883224     8.118     8.258  8 55855.29769301 25.454
 122  65.545792  64.885253     5.351     4.730  9 55865.21333359 32.552
 123  65.547254  64.886306     4.396     4.381  8 55875.12898671 40.189
 124  65.546700  64.886246     4.169     3.990  9 55885.04463402 31.600
 125  65.545179  64.885790     5.614     5.897  9 55894.96027531 24.907
 126  65.544621  64.885574     6.211     6.077  9 55904.87591134 23.419
 127  65.545681  64.886025     6.302     6.293  8 55914.79155246 21.187
 128  65.546539  64.886280     6.982     6.491  8 55924.70720632 20.066
 129  65.547347  64.885957     6.338     6.266  9 55934.62285703 20.244
 130  65.545352  64.884242     6.423     6.440  8 55944.53850292 19.992
 131  65.542113  64.882055     6.867     6.885  9 55954.45414439 19.638
 132  65.541278  64.880894     6.914     7.020  8 55964.36978322 18.956
 133  65.541982  64.882061     6.903     6.968  9 55974.28542054 17.488
 134  65.544454  64.884449     6.658     6.485  9 55984.20105688 17.641
 135  65.546870  64.885916     6.101     6.107  8 55994.11669101 17.404
 136  65.545878  64.884654     6.737     6.272  8 56004.03234206 18.199
 137  65.541640  64.882540     6.793     6.903  9 56013.94799066 16.502
 138  65.541337  64.881259     7.499     7.635  9 56023.86363633 12.270
 139  65.543878  64.882282     4.710     4.779  8 56033.77927972 21.601
 140  65.546660  64.884766     5.295     5.338  9 56043.69492092 35.198
 141  65.546370  64.886940     8.332     8.283  9 56053.61055917 42.986
 142  65.547853  64.887087     9.308     9.201  8 56063.52619435 25.862
 143  65.547307  64.885879     9.008     8.961  8 56073.44183650 28.151
 144  65.543809  64.885201     8.674     8.603  8 56083.35748618 26.325
 145  65.544630  64.885179     8.153     8.101  8 56093.27313383 53.882
 146  65.545687  64.885893     7.935     8.075  8 56103.18877926 35.957
 147  65.547505  64.885438     7.656     8.054  8 56113.10441040 29.666
 148  65.543799  64.884710     6.911     7.202  9 56123.02004891 33.451
 149  65.543936  64.882826     7.701     7.735  9 56132.93568393 23.761
 150  65.540992  64.882321     6.545     6.138  9 56142.85132141 32.901
 151  65.543121  64.882417     5.487     5.499  8 56152.76697223 32.335
 152  65.544580  64.883879     6.833     6.054  8 56162.68262136 27.688
 153  65.545470  64.884893     7.516     7.912  8 56172.59826847 21.177
 154  65.545061  64.884461     8.356     8.452  8 56182.51391072 21.907
 155  65.544912  64.882902     8.058     8.249  8 56192.42954933 23.470
 156  65.540933  64.882587     8.304     8.258  8 56202.34518483 22.272
 157  65.545245  64.883455     4.659     4.629  8 56212.26081919 48.559
 158  65.545878  64.886352     7.725     8.413  9 56222.17645116 25.265
 159  65.550663  64.887183     6.315     5.652  9 56232.09210639 26.381
 160  65.547028  64.887384     3.756     3.673  9 56242.00775859 38.424
 161  65.546764  64.885991     3.660     3.549  9 56251.92340690 30.238
 162  65.544861  64.885093     4.396     4.064  9 56261.83905036 26.358
 163  65.543866  64.885210     3.914     3.925  8 56271.75469167 31.082
 164  65.545499  64.885468     4.572     4.642  8 56281.67033296 22.745
 165  65.546667  64.884936     4.608     4.573  8 56291.58598520 21.791
 166  65.544715  64.883689     5.554     5.818  8 56301.50163273 18.814
 167  65.542377  64.882182     6.069     5.579  8 56311.41727606 18.569
 168  65.542571  64.881460     6.169     6.017  9 56321.33291741 17.654
 169  65.541773  64.882623     6.931     7.468  8 56331.24855798 17.300
 170  65.543504  64.884101     6.380     5.812  8 56341.16419827 15.863
 171  65.545067  64.885079     6.901     5.894  8 56351.07983632 16.239
 172  65.546403  64.884443     6.312     5.927  8 56360.99547537 16.057
 173  65.543735  64.883181     7.048     6.890  9 56370.91112490 15.032
 174  65.542675  64.882711     7.593     8.069  9 56380.82677185 14.754
 175  65.542678  64.883956     6.439     6.424  9 56390.74241654 16.848
 176  65.544997  64.885586     7.503     7.533  9 56400.65805973 11.262
 177  65.549079  64.886390     3.587     3.587  9 56410.57370045 35.742
 178  65.548251  64.886780     7.854     7.852  8 56420.48933593 35.593
 179  65.546192  64.886578     9.506     9.646  9 56430.40497292 34.060
 180  65.546588  64.885420     8.983     8.985  9 56440.32062615 26.344
 181  65.546550  64.884855     9.217     9.153  9 56450.23627687 24.905
 182  65.545561  64.884623     8.773     8.860  9 56460.15192525 24.257
 183  65.543095  64.884006     9.478     9.494  8 56470.06757021 37.856
 184  65.544283  64.882964     8.859     8.877  9 56479.98321174 23.572
 185  65.543383  64.882589     8.921     8.949  9 56489.89884905 23.152
 186  65.543826  64.883044     9.037     8.998  8 56499.81448388 26.655
 187  65.543462  64.884262     8.946     8.852  9 56509.73011722 41.748
 188  65.546158  64.884749     8.459     8.473  8 56519.64575930 29.271
 189  65.544038  64.884806     7.648     7.462  9 56529.56141271 26.793
 190  65.543688  64.884294     7.979     7.968  8 56539.47706227 23.090
 191  65.544891  64.883492     7.844     7.980  9 56549.39270776 21.988
 192  65.544135  64.883869     7.370     7.675  8 56559.30835064 24.849
 193  65.545536  64.884841     7.780     7.325  9 56569.22399277 24.280
 194  65.548478  64.886102     5.035     4.983  9 56579.13963373 36.673
 195  65.547420  64.887225     4.426     4.438  8 56589.05527051 35.931
 196  65.547496  64.886774     5.687     5.697  8 56598.97091484 47.522
 197  65.545685  64.885724     5.958     5.980  8 56608.88656569 34.005
 198  65.545172  64.885483     5.958     5.931  8 56618.80221166 32.139
 199  65.546997  64.885371     5.386     5.364  8 56628.71785456 26.318
 200  65.545302  64.885453     6.182     5.784  8 56638.63349411 21.189
 201  65.544878  64.884245     5.691     5.235  9 56648.54913806 19.930
 202  65.543588  64.882526     6.164     6.089  9 56658.46478955 19.251
 203  65.543146  64.881857     7.042     7.366  8 56668.38043695 17.356
 204  65.544127  64.882794     8.136     7.948  9 56678.29608196 16.071
 205  65.542742  64.884492     8.077     8.203  8 56688.21172535 16.638
 206  65.545631  64.884656     7.770     7.918  9 56698.12736690 17.351
 207  65.545141  64.884302     8.059     7.755  9 56708.04300357 17.566
 208  65.543451  64.883852     7.731     7.574  8 56717.95864085 16.107
 209  65.542740  64.883617     8.750     8.721  8 56727.87429354 16.063
 210  65.543236  64.884712     4.111     4.062  8 56737.78994223 20.305
 211  65.546843  64.885966     7.631     7.775  8 56747.70558756 13.658
 212  65.546755  64.886914     6.983     6.715  9 56757.62122807 13.730
 213  65.547475  64.886776     4.085     4.091  9 56767.53686279 31.664
 214  65.545203  64.885916     4.965     5.078  8 56777.45250725 28.089
 215  65.546563  64.884723     7.942     7.965  9 56787.36816361 40.991
 216  65.544617  64.884840     9.645     9.651  9 56797.28381605 30.630
 217  65.545932  64.884916     9.484     9.328  9 56807.19946360 32.457
 218  65.543623  64.884765     9.497     9.470  8 56817.11510469 27.790
 219  65.543742  64.883434    10.237    10.183  9 56827.03074258 53.037
 220  65.543137  64.882286     9.428     9.406  9 56836.94637705 28.731
 221  65.542109  64.882976     9.541     9.582  8 56846.86200831 26.316
 222  65.544981  64.883626     9.182     9.001  8 56856.77765884 26.683
 223  65.546758  64.884724     9.276     9.353  8 56866.69331228 26.446
 224  65.543947  64.885074     9.769     9.726  9 56876.60896399 53.405
 225  65.545306  64.883794     8.735     8.753  8 56886.52461307 40.638
 226  65.542166  64.882867     7.068     7.010  9 56896.44025897 33.231
 227  65.544034  64.882784     7.493     7.595  8 56906.35590238 24.304
 228  65.545761  64.884370     7.996     8.082  8 56916.27154353 23.734
 229  65.548212  64.886386     8.102     8.068  8 56926.18718283 24.806
 230  65.549198  64.887506     6.859     6.671  9 56936.10281873 37.658
 231  65.549508  64.887125     7.143     7.343  9 56946.01844937 35.042
 232  65.545601  64.885404     6.481     6.437  9 56955.93410162 39.785
 233  65.545471  64.884098     6.016     6.028  9 56965.84975083 34.910
 234  65.544605  64.884839     5.879     5.807  9 56975.76539543 31.408
 235  65.545760  64.886017     6.673     6.398  8 56985.68103567 23.607
 236  65.548030  64.885938     6.907     6.842  9 56995.59667060 24.620
 237  65.544651  64.884564     6.822     6.588  9 57005.51231261 21.786
 238  65.543051  64.882088     7.544     6.979  8 57015.42796759 18.216
 239  65.542202  64.881575     7.636     7.999  9 57025.34361826 18.222
 240  65.542511  64.883437     7.711     7.712  8 57035.25926675 17.901
 241  65.546301  64.885054     7.931     7.850  8 57045.17491305 16.141
 242  65.546084  64.885712     8.088     8.084  8 57055.09055597 14.843
 243  65.543575  64.884840     8.104     8.245  8 57065.00619384 15.112
 244  65.544335  64.883903     8.077     7.963  9 57074.92182729 14.649
 245  65.544845  64.884770     6.640     6.683  8 57084.83745730 15.438
 246  65.545798  64.886380     7.911     7.916  9 57094.75311112 14.167
 247  65.548982  64.887432     9.033     8.990  8 57104.66876786 12.436
 248  65.548512  64.887704     9.269     9.190  9 57114.58442002 11.606
 249  65.545999  64.886485     9.369     9.221  9 57124.50006591  3.159
 250  65.544652  64.884809     9.106     9.155  9 57134.41570666  6.848
 251  65.543792  64.884322     5.358     5.347  8 57144.33134296 27.360
 252  65.545194  64.885251     8.805     8.789  9 57154.24697682 42.661
 253  65.545669  64.886481     9.656     9.627  9 57164.16261377 37.250
 254  65.545235  64.886058     9.884     9.992  8 57174.07827064 36.006
 255  65.543247  64.884389     9.614     9.624  8 57183.99392407 29.774
 256  65.541712  64.882389     9.707     9.687  9 57193.90957361 27.078
 257  65.540732  64.881858    10.176    10.175  8 57203.82522077 54.927
 258  65.543619  64.882968     9.664     9.744  9 57213.74085487 29.228
 259  65.545962  64.884942     9.500     9.481  8 57223.65649871 28.791
 260  65.547396  64.885846    10.639    10.645  9 57233.57214081 42.977
 261  65.545309  64.885546    10.751    10.750  9 57243.48777966 53.456
 262  65.543554  64.884688     9.884     9.911  8 57253.40341607 31.105
 263  65.545028  64.884896     9.561     9.601  9 57263.31905124 33.888
 264  65.547707  64.886609     9.424     9.428  9 57273.23468881 30.110
 265  65.549421  64.887840     8.488     8.278  9 57283.15034630 29.005
 266  65.548644  64.887898     7.207     7.271  9 57293.06600099 41.995
 267  65.546705  64.886335     9.039     8.880  8 57302.98165224 25.042
 268  65.542805  64.884559     6.811     6.726  8 57312.89729946 48.137
 269  65.543507  64.883286     6.844     6.916  9 57322.81294380 32.629
 270  65.545543  64.883540     8.033     7.998  8 57332.72858606 49.658
 271  65.544311  64.885081     8.016     7.963  8 57342.64422593 36.286
 272  65.543930  64.884756     7.016     7.020  8 57352.55987815 31.652
 273  65.542571  64.883771     6.979     7.029  9 57362.47552230 26.780
 274  65.543190  64.882164     7.031     6.954  8 57372.39116341 23.060
 275  65.543953  64.882090     7.223     7.233  8 57382.30680261 20.751
 276  65.543170  64.883840     7.029     7.063  8 57392.22244106 20.816
 277  65.547094  64.885501     7.140     7.045  9 57402.13807902 20.906
 278  65.546801  64.886449     7.048     7.025  9 57412.05372176 17.764
 279  65.547048  64.885517     7.221     6.796  9 57421.96937374 16.864
 280  65.544684  64.884907     7.375     6.603  8 57431.88502274 17.312
 281  65.544666  64.885029     7.211     7.349  9 57441.80066999 17.287
 282  65.548230  64.885757     7.621     7.725  9 57451.71631673 17.411
 283  65.547043  64.887003     8.686     8.744  8 57461.63196139 17.841
 284  65.549808  64.886745     8.803     8.860  9 57471.54760306 16.392
 285  65.546270  64.886336     9.377     9.353  9 57481.46324022  9.359
 286  65.546836  64.885061     5.461     5.365  8 57491.37887480 11.851
 287  65.545859  64.885069     6.644     6.480  8 57501.29450714 44.289
 288  65.546434  64.885005     8.826     8.837  8 57511.21015529 37.508
 289  65.544120  64.885161     9.907     9.726  9 57521.12581061 34.046
 291  65.543770  64.883665     9.703     9.686  9 57540.95711342 31.904
 292  65.542283  64.882907     9.898     9.825  8 57550.87276017 28.105
 293  65.543671  64.882659     9.166     9.199  9 57560.78840569 27.522
 294  65.542459  64.883841     9.163     9.063  8 57570.70405038 28.555
 295  65.543718  64.884872    10.376    10.369  9 57580.61969512 48.913
 296  65.545141  64.885407     9.972     9.955  8 57590.53533819 41.860
 297  65.546178  64.885288     9.355     9.337  8 57600.45097853 27.976
