-128623.990   117.608     0.00    6.30
-128337.140   119.178     5.47    7.36
-128050.281   121.316     7.45    7.97
-127763.415   123.652     8.14    7.54
-127476.540   125.745     7.30    6.21
-127189.657   127.340     5.56    4.58
-126902.766   127.994     2.28    3.28
-126615.867   127.912    -0.29    3.02
-126328.959   126.993    -3.20    3.45
-126042.044   125.784    -4.22    3.70
-125755.120   124.698    -3.78    4.39
-125468.188   124.153    -1.90    4.81
-125181.247   123.511    -2.24    5.25
-124894.299   123.012    -1.74    5.26
-124607.342   122.970    -0.15    5.07
-124320.377   123.278     1.07    5.06
-124033.404   123.705     1.49    4.83
-123746.423   124.161     1.59    4.47
-123459.433   123.650    -1.78    5.13
-123172.436   122.593    -3.68    5.73
-122885.430   121.202    -4.84    6.55
-122598.416   118.803    -8.36    7.93
-122311.393   116.905    -6.61    9.33
-122024.363   115.080    -6.36   10.04
-121737.324   112.905    -7.58   10.32
-121450.277   110.827    -7.24    9.95
-121163.222   109.639    -4.14    8.59
-120876.159   108.304    -4.65    7.43
-120589.087   107.671    -2.21    6.29
-120302.008   107.440    -0.80    4.74
-120014.920   107.280    -0.56    3.52
-119727.823   106.735    -1.90    3.09
-119440.719   106.305    -1.50    2.89
-119153.606   105.745    -1.95    3.14
-118866.486   104.074    -5.82    4.20
-118579.357   101.806    -7.90    5.28
-118292.219    99.195    -9.09    6.23
-118005.074    96.497    -9.40    6.52
-117717.920    93.819    -9.32    6.50
-117430.758    91.151    -9.29    6.03
-117143.588    88.409    -9.55    5.73
-116856.410    85.555    -9.94    5.75
-116569.223    82.623   -10.21    5.84
-116282.028    79.642   -10.38    5.73
-115994.825    76.835    -9.77    5.52
-115707.614    73.949   -10.05    5.64
-115420.394    71.209    -9.54    5.66
-115133.167    68.584    -9.14    5.52
-114845.931    66.250    -8.12    5.45
-114558.687    64.463    -6.22    4.38
-114271.434    62.933    -5.33    2.75
-113984.174    61.785    -4.00    2.41
-113696.905    61.207    -2.01    2.67
-113409.628    60.955    -0.88    2.86
-113122.342    60.448    -1.76    3.79
-112835.049    59.680    -2.67    4.48
-112547.747    58.799    -3.07    4.97
-112260.437    57.674    -3.92    5.34
-111973.347    56.296    -4.80    5.69
-111687.704    54.445    -6.48    6.02
-111402.054    52.264    -7.63    6.46
-111116.396    50.109    -7.54    6.80
-110830.731    47.526    -9.05    6.82
-110545.059    44.345   -11.13    6.57
-110259.379    41.536    -9.83    5.70
-109973.692    40.144    -4.87    4.72
-109687.998    39.099    -3.66    3.89
-109402.296    38.638    -1.62    3.79
-109116.587    38.774     0.48    4.02
-108830.871    39.072     1.04    3.83
-108545.147    39.078     0.02    4.30
-108259.416    39.241     0.57    4.22
-107973.677    39.499     0.90    4.22
-107687.931    39.766     0.93    4.27
-107402.178    40.051     1.00    4.20
-107116.417    40.693     2.25    4.57
-106830.649    41.394     2.45    4.77
-106544.874    41.677     0.99    4.58
-106259.091    41.267    -1.43    4.88
-105973.301    40.623    -2.25    5.51
-105687.504    39.869    -2.64    6.51
-105401.699    38.939    -3.25    6.44
-105115.886    38.246    -2.43    6.06
-104830.067    39.161     3.20    6.79
-104544.240    40.998     6.43    8.22
-104258.405    43.691     9.42    9.31
-103972.563    46.869    11.12    8.64
-103686.714    49.645     9.71    6.80
-103400.858    51.836     7.66    5.20
-103114.994    53.115     4.48    4.42
-102829.122    53.304     0.66    4.26
-102543.244    52.687    -2.16    4.61
-102257.358    51.027    -5.80    5.21
-101971.464    49.080    -6.81    4.95
-101685.563    47.222    -6.50    4.28
-101399.655    46.138    -3.79    3.89
-101113.739    46.014    -0.43    4.12
-100827.816    46.999     3.45    5.29
-100541.886    48.623     5.68    6.45
-100255.948    50.560     6.77    6.53
 -99970.003    51.905     4.70    5.72
 -99684.051    52.919     3.55    4.85
 -99398.091    52.884    -0.12    4.62
 -99112.123    52.898     0.05    4.86
 -98826.148    53.041     0.50    4.78
 -98540.166    53.340     1.04    4.65
 -98254.177    53.594     0.89    4.70
 -97968.180    54.655     3.71    4.90
 -97682.175    56.455     6.29    4.64
 -97396.164    58.919     8.62    4.21
 -97110.145    60.562     5.74    4.62
 -96824.118    61.977     4.95    5.07
 -96538.084    63.193     4.25    4.79
 -96252.043    64.318     3.93    3.77
 -95965.994    64.550     0.81    3.40
 -95679.938    64.734     0.64    3.34
 -95393.875    65.141     1.42    3.79
 -95107.804    65.707     1.98    4.11
 -94821.725    66.778     3.75    4.22
 -94535.640    67.891     3.89    4.36
 -94249.546    67.898     0.02    4.87
 -93963.446    66.463    -5.01    6.77
 -93677.338    64.311    -7.52    8.53
 -93391.223    61.828    -8.68    8.70
 -93105.100    59.270    -8.94    7.84
 -92818.970    57.155    -7.39    6.04
 -92532.832    55.555    -5.59    4.54
 -92246.687    55.166    -1.36    3.96
 -91960.535    56.131     3.37    4.11
 -91674.375    57.138     3.52    4.55
 -91388.208    58.377     4.33    5.42
 -91102.033    59.731     4.73    6.37
 -90815.851    61.033     4.55    7.40
 -90529.661    62.412     4.82    7.19
 -90243.465    62.635     0.78    6.74
 -89957.260    62.617    -0.06    5.86
 -89671.049    63.248     2.20    4.52
 -89384.829    64.286     3.63    4.63
 -89098.603    64.760     1.66    4.63
 -88812.369    65.497     2.57    5.19
 -88526.128    65.828     1.16    5.35
 -88239.879    66.080     0.88    4.93
 -87953.623    66.250     0.59    4.84
 -87667.359    66.947     2.43    4.75
 -87381.088    68.485     5.37    4.62
 -87094.809    69.275     2.76    4.86
 -86808.523    69.015    -0.91    6.17
 -86522.230    68.529    -1.70    6.73
 -86235.929    68.088    -1.54    7.19
 -85949.621    68.657     1.99    7.68
 -85663.305    69.863     4.21    8.20
 -85376.982    71.620     6.14    8.30
 -85090.652    73.470     6.46    8.33
 -84804.314    76.257     9.73    7.84
 -84517.969    79.258    10.48    6.51
 -84231.616    81.507     7.85    5.10
 -83945.256    82.109     2.10    4.60
 -83658.888    82.035    -0.26    4.31
 -83372.513    81.202    -2.91    4.91
 -83086.131    81.109    -0.32    4.73
 -82799.741    81.011    -0.34    4.76
 -82513.343    82.125     3.89    5.36
 -82226.938    83.847     6.01    6.71
 -81940.526    86.366     8.79    7.49
 -81654.107    89.116     9.60    7.80
 -81367.679    92.547    11.98    7.91
 -81081.245    95.350     9.79    7.38
 -80794.803    97.742     8.35    6.13
 -80508.353    98.121     1.32    5.48
 -80221.897    96.711    -4.92    5.84
 -79935.432    93.792   -10.19    6.65
 -79648.960    91.639    -7.52    5.85
 -79362.481    90.391    -4.36    4.56
 -79075.995    89.796    -2.07    4.16
 -78789.500    89.807     0.04    4.02
 -78502.999    90.499     2.42    3.80
 -78216.490    91.296     2.78    3.60
 -77929.974    91.849     1.93    3.49
 -77643.450    92.736     3.10    3.74
 -77356.918    93.680     3.30    4.22
 -77070.380    93.589    -0.32    4.24
 -76783.833    93.632     0.15    4.29
 -76497.280    94.650     3.55    5.05
 -76210.718    97.118     8.61    5.97
 -75924.150    99.384     7.90    6.65
 -75637.574   101.742     8.23    7.40
 -75350.990   104.825    10.76    7.82
 -75064.399   108.276    12.04    6.51
 -74777.801   110.823     8.89    5.09
 -74491.195   112.920     7.32    4.12
 -74204.582   114.485     5.46    3.30
 -73917.961   115.166     2.38    2.53
 -73631.333   115.011    -0.54    3.08
 -73344.697   114.361    -2.27    3.49
 -73058.054   113.969    -1.37    3.63
 -72771.403   113.990     0.07    3.91
 -72484.745   114.173     0.64    3.94
 -72198.080   114.695     1.82    3.80
 -71911.407   115.590     3.12    4.11
 -71624.726   116.134     1.90    4.22
 -71338.038   115.869    -0.92    5.13
 -71051.343   113.919    -6.80    7.62
 -70764.640   110.954   -10.34   10.33
 -70477.930   107.547   -11.88   11.84
 -70191.212   104.876    -9.32   12.12
 -69904.487   102.447    -8.47   11.39
 -69617.754   101.459    -3.44    9.88
 -69331.014   103.594     7.44   10.23
 -69044.266   106.497    10.12   10.73
 -68757.511   110.283    13.20    9.26
 -68470.748   112.781     8.71    7.18
 -68183.978   113.727     3.30    6.53
 -67897.201   113.127    -2.09    8.03
 -67610.416   110.891    -7.80    9.93
 -67323.623   109.358    -5.34   10.90
 -67036.823   107.433    -6.71   11.52
 -66750.016   106.315    -3.90   11.82
 -66463.201   106.594     0.97   12.25
 -66176.378   107.497     3.15   13.03
 -65889.548   109.219     6.01   11.84
 -65602.711   110.079     3.00   10.41
 -65315.866   109.869    -0.73    9.70
 -65029.014   107.335    -8.83   10.71
 -64742.154   104.426   -10.14   11.10
 -64455.287   101.178   -11.32   11.15
 -64168.412    96.955   -14.72   10.95
 -63881.530    92.905   -14.12   11.04
 -63594.640    88.991   -13.64   10.61
 -63307.743    86.657    -8.14   10.80
 -63020.838    83.990    -9.29   10.00
 -62733.926    81.186    -9.77    8.51
 -62447.006    78.854    -8.13    7.16
 -62160.079    75.919   -10.23    7.66
 -61873.144    72.476   -12.00    8.39
 -61586.202    68.833   -12.70   10.63
 -61299.252    64.501   -15.10   11.44
 -61012.295    60.982   -12.26   10.30
 -60725.330    59.086    -6.61    8.42
 -60438.358    57.644    -5.02    6.41
 -60151.379    56.705    -3.27    6.15
 -59864.391    55.405    -4.53    7.03
 -59577.397    53.524    -6.56    7.73
 -59290.395    51.891    -5.69    7.38
 -59003.385    50.994    -3.13    6.76
 -58716.368    51.057     0.22    6.79
 -58429.343    52.238     4.12    7.62
 -58142.311    53.304     3.71    7.79
 -57855.272    53.722     1.46    7.76
 -57568.224    52.365    -4.73    8.32
 -57281.170    49.127   -11.28    9.29
 -56994.108    45.040   -14.24    8.44
 -56707.038    41.984   -10.64    6.48
 -56419.961    39.724    -7.87    4.97
 -56132.876    37.159    -8.94    5.27
 -55845.784    34.636    -8.79    6.52
 -55558.684    32.078    -8.91    7.54
 -55271.577    30.095    -6.91    7.76
 -54984.463    27.870    -7.75    7.27
 -54697.340    25.354    -8.76    6.47
 -54410.211    23.689    -5.80    5.64
 -54123.074    22.870    -2.85    5.32
 -53835.929    21.927    -3.29    5.25
 -53548.777    20.833    -3.81    5.29
 -53261.617    20.104    -2.54    5.43
 -52974.450    18.919    -4.12    5.60
 -52687.275    16.601    -8.07    5.82
 -52400.093    14.426    -7.57    5.87
 -52112.903    12.327    -7.31    5.91
 -51825.706     9.985    -8.15    6.06
 -51538.501     7.489    -8.69    5.92
 -51251.288     5.129    -8.22    4.23
 -50964.069     3.646    -5.16    3.62
 -50676.841     2.524    -3.91    2.74
 -50389.606     1.805    -2.50    1.96
 -50102.675     2.148     1.20    2.17
 -49816.957     2.891     2.60    2.16
 -49531.233     3.255     1.28    2.06
 -49245.502     3.714     1.60    2.19
 -48959.765     4.090     1.32    2.20
 -48674.020     4.307     0.76    2.26
 -48388.269     4.644     1.18    2.49
 -48102.512     4.690     0.16    2.71
 -47816.747     4.884     0.68    2.69
 -47530.976     4.970     0.30    2.48
 -47245.199     4.668    -1.06    2.49
 -46959.414     4.623    -0.15    2.51
 -46673.623     4.560    -0.22    2.61
 -46387.826     4.752     0.67    2.61
 -46102.021     5.118     1.28    2.53
 -45816.210     5.157     0.14    2.57
 -45530.393     5.258     0.35    2.53
 -45244.568     5.222    -0.13    2.65
 -44958.737     4.338    -3.09    2.90
 -44672.900     4.198    -0.49    2.91
 -44387.055     4.065    -0.47    2.95
 -44101.204     4.301     0.83    3.01
 -43815.346     4.318     0.06    3.09
 -43529.482     4.331     0.05    3.04
 -43243.611     4.651     1.12    3.01
 -42957.733     5.029     1.32    2.67
 -42671.849     4.560    -1.64    2.71
 -42385.957     4.250    -1.08    2.67
 -42100.060     4.253     0.01    2.61
 -41814.155     4.043    -0.74    2.69
 -41528.244     3.471    -2.00    2.52
 -41242.326     3.426    -0.16    2.55
 -40956.401     3.884     1.60    2.74
 -40670.470     4.305     1.47    2.90
 -40384.532     4.412     0.37    2.84
 -40098.587     4.797     1.35    2.88
 -39812.636     5.319     1.83    2.73
 -39526.678     5.493     0.61    2.53
 -39240.713     5.535     0.15    2.38
 -38954.742     5.630     0.33    1.97
 -38668.764     5.804     0.61    1.83
 -38382.779     5.673    -0.46    1.80
 -38096.788     5.638    -0.12    1.92
 -37810.789     5.723     0.30    2.05
 -37524.784     6.137     1.45    2.00
 -37238.773     6.423     1.00    1.86
 -36952.755     6.821     1.39    1.67
 -36666.730     7.027     0.72    1.67
 -36380.698     7.202     0.61    1.49
 -36094.660     7.259     0.20    1.37
 -35808.615     7.262     0.01    1.39
 -35522.563     7.294     0.11    1.40
 -35236.504     7.253    -0.14    1.39
 -34950.439     7.017    -0.82    1.65
 -34664.368     6.712    -1.07    1.97
 -34378.289     6.620    -0.32    1.99
 -34092.204     6.968     1.22    2.46
 -33806.112     7.968     3.50    3.88
 -33520.013     9.731     6.16    5.37
 -33233.908    11.847     7.40    5.88
 -32947.796    14.318     8.63    5.29
 -32661.677    16.284     6.87    4.33
 -32375.552    17.322     3.63    3.37
 -32089.419    17.427     0.37    3.38
 -31803.281    16.968    -1.60    3.67
 -31517.135    16.166    -2.81    3.83
 -31230.983    15.731    -1.52    3.73
 -30944.824    15.630    -0.35    3.65
 -30658.658    15.087    -1.90    3.76
 -30372.486    15.961     3.05    3.49
 -30086.307    16.985     3.58    2.63
 -29800.121    17.770     2.74    1.55
 -29513.928    17.391    -1.32    1.96
 -29227.729    16.785    -2.12    2.17
 -28941.523    16.384    -1.40    2.26
 -28655.310    16.088    -1.03    2.34
 -28369.091    16.166     0.27    2.66
 -28082.865    16.139    -0.09    2.74
 -27796.632    15.963    -0.61    2.72
 -27510.393    15.940    -0.08    2.59
 -27224.146    15.712    -0.80    2.54
 -26937.893    15.376    -1.17    2.45
 -26651.634    14.804    -2.00    1.79
 -26365.367    14.523    -0.98    1.63
 -26079.094    14.483    -0.14    1.48
 -25792.814    14.634     0.53    1.52
 -25506.528    15.124     1.71    1.55
 -25220.235    15.398     0.96    1.56
 -24933.935    15.572     0.61    1.59
 -24647.628    15.783     0.74    1.79
 -24361.315    15.798     0.05    2.00
 -24074.994    15.870     0.25    2.46
 -23788.668    15.678    -0.67    2.57
 -23502.334    15.229    -1.57    2.45
 -23215.994    14.912    -1.11    2.02
 -22929.647    14.947     0.12    1.71
 -22643.293    15.601     2.28    2.25
 -22356.932    14.701    -3.14    4.77
 -22070.565    12.814    -6.59    7.18
 -21784.191    11.748    -3.72    7.92
 -21497.811    11.753     0.02    8.04
 -21211.423    11.680    -0.25    7.99
 -20925.029    12.031     1.22    7.47
 -20638.628    13.017     3.44    6.74
 -20352.221    14.992     6.90    4.64
 -20065.806    16.144     4.02    1.55
 -19779.385    15.884    -0.91    1.50
 -19492.957    15.786    -0.34    1.52
 -19206.523    15.812     0.09    1.63
 -18920.082    15.812     0.00    1.86
 -18633.634    15.813     0.00    2.10
 -18347.179    15.919     0.37    2.11
 -18060.718    15.955     0.12    1.78
 -17774.249    15.933    -0.08    1.70
 -17487.774    15.995     0.22    1.43
 -17201.293    15.920    -0.26    1.28
 -16914.804    15.898    -0.08    1.17
 -16628.309    15.940     0.15    1.16
 -16341.807    16.094     0.54    1.17
 -16055.299    16.369     0.96    1.11
 -15768.783    16.488     0.42    1.13
 -15482.261    16.412    -0.26    1.30
 -15195.733    16.299    -0.39    1.57
 -14909.197    16.094    -0.72    1.90
 -14622.655    16.092    -0.00    1.91
 -14336.106    15.702    -1.36    2.02
 -14049.550    15.315    -1.35    2.18
 -13762.987    14.963    -1.23    2.15
 -13476.418    14.579    -1.34    2.06
 -13189.842    13.912    -2.33    2.30
 -12903.259    13.807    -0.37    2.24
 -12616.670    13.912     0.37    2.18
 -12330.073    14.295     1.34    2.71
 -12043.470    14.194    -0.35    3.74
 -11756.861    14.456     0.91    4.37
 -11470.244    15.250     2.77    4.38
 -11183.621    16.018     2.68    4.07
 -10896.991    15.961    -0.20    3.65
 -10610.354    16.405     1.55    2.72
 -10323.710    16.615     0.73    2.28
 -10037.060    16.624     0.03    2.35
  -9750.403    16.377    -0.86    2.19
  -9463.739    16.519     0.50    1.81
  -9177.069    16.666     0.51    1.84
  -8890.392    17.324     2.29    1.77
  -8603.707    17.641     1.11    1.96
  -8317.017    17.782     0.49    2.13
  -8030.319    17.714    -0.24    2.38
  -7743.615    17.702    -0.04    2.52
  -7456.904    17.454    -0.86    2.72
  -7170.186    17.178    -0.96    2.79
  -6883.461    17.077    -0.36    2.92
  -6596.730    17.218     0.49    3.33
  -6309.992    17.848     2.20    3.61
  -6023.247    18.725     3.06    3.48
  -5736.495    19.199     1.65    3.21
  -5449.737    19.145    -0.19    3.20
  -5162.972    18.565    -2.02    3.53
  -4876.200    17.180    -4.83    5.07
  -4589.421    15.764    -4.94    6.11
  -4302.636    15.010    -2.63    6.47
  -4015.844    14.877    -0.47    6.44
  -3729.045    14.589    -1.00    6.59
  -3442.239    14.551    -0.13    6.55
  -3155.426    14.762     0.74    6.27
  -2868.607    14.898     0.47    5.69
  -2581.781    14.609    -1.01    5.51
  -2294.948    13.038    -5.48    6.09
  -2008.109    11.048    -6.94    7.12
  -1721.262     8.920    -7.42    7.63
  -1434.409     6.212    -9.44    7.59
  -1147.549     3.558    -9.25    6.45
   -860.682     1.391    -7.55    4.27
   -573.809     0.099    -4.50    1.24
   -286.929    -0.095    -0.68    0.00
     -0.042    -0.095     0.00    0.00
    286.852    -0.095     0.00    0.00
    573.752     0.579     2.35    2.85
    860.660     3.036     8.56    7.31
   1147.574     6.933    13.58   11.07
   1434.495    11.362    15.44   13.18
   1721.422    15.141    13.17   13.09
   2008.357    19.196    14.13   11.86
   2295.298    22.437    11.30    9.48
   2582.246    22.985     1.91    9.47
   2869.201    21.799    -4.13    9.97
   3156.162    19.751    -7.14   10.46
   3443.131    18.028    -6.00   10.84
   3730.106    17.543    -1.69   11.61
   4017.088    19.259     5.98   12.31
   4304.076    21.056     6.26   12.25
   4591.072    22.991     6.74   12.02
   4878.074    25.193     7.67   12.14
   5165.083    27.423     7.77   11.47
   5452.099    29.808     8.31    9.02
   5739.122    30.905     3.82    7.62
   6026.151    30.920     0.05    7.95
   6313.187    30.529    -1.36    8.17
   6600.230    30.271    -0.90    8.12
   6887.280    29.322    -3.31    7.56
   7174.336    28.630    -2.41    7.02
   7461.400    28.271    -1.25    6.67
   7748.470    27.643    -2.19    6.11
   8035.547    27.243    -1.39    6.03
   8322.630    27.857     2.14    5.73
   8609.721    28.891     3.60    5.22
   8896.818    28.985     0.33    4.80
   9183.922    28.978    -0.03    4.69
   9471.033    29.187     0.73    4.37
   9758.151    29.671     1.69    4.16
  10045.275    30.634     3.35    4.34
  10332.407    31.243     2.12    4.25
  10619.545    32.405     4.05    4.25
  10906.690    33.821     4.93    4.83
  11193.841    35.043     4.25    5.37
  11481.000    35.963     3.20    5.89
  11767.792    37.885     6.70    7.03
  12053.584    39.058     4.11    7.59
  12339.382    40.398     4.69    7.37
  12625.186    41.229     2.91    7.30
  12910.996    41.588     1.26    6.81
  13196.813    41.321    -0.94    6.57
  13482.635    41.514     0.68    6.43
  13768.463    41.840     1.14    6.59
  14054.297    42.162     1.13    6.57
  14340.137    43.465     4.56    6.58
  14625.983    45.601     7.47    6.46
  14911.835    47.632     7.10    5.67
  15197.693    49.143     5.29    4.51
  15483.557    49.590     1.56    3.74
  15769.427    49.543    -0.16    3.46
  16055.303    49.202    -1.19    3.45
  16341.184    47.947    -4.39    4.13
  16627.072    45.384    -8.97    5.84
  16912.966    42.687    -9.43    7.01
  17198.866    41.028    -5.80    7.58
  17484.772    39.572    -5.09    7.68
  17770.683    37.997    -5.51    7.77
  18056.601    35.989    -7.02    8.25
  18342.525    33.495    -8.72    8.47
  18628.454    31.027    -8.63    9.03
  18914.390    28.159   -10.03    9.69
  19200.332    24.817   -11.69   10.41
  19486.279    20.318   -15.73    9.58
  19772.233    17.383   -10.26    8.48
  20058.193    15.593    -6.26    8.18
  20344.158    14.171    -4.97    7.71
  20630.130    14.224     0.19    8.10
  20916.107    15.634     4.93    8.73
  21202.091    18.085     8.57    9.00
  21488.080    20.447     8.26    8.85
  21774.076    23.229     9.73    7.95
  22060.077    25.927     9.43    5.78
  22346.085    27.466     5.38    4.26
  22632.098    28.308     2.94    3.42
  22918.118    28.666     1.25    3.23
  23204.143    28.282    -1.34    3.55
  23490.175    26.804    -5.17    4.97
  23776.212    24.218    -9.04    6.85
  24062.255    21.753    -8.61    7.60
  24348.305    19.340    -8.44    8.29
  24634.360    16.241   -10.83    8.21
  24920.422    13.067   -11.09    7.50
  25206.489     9.856   -11.23    6.15
  25492.562     7.669    -7.64    4.39
  25778.642     6.572    -3.84    3.68
  26064.727     5.558    -3.55    3.33
  26350.818     4.954    -2.11    3.15
  26636.916     4.765    -0.66    3.35
  26923.019     4.827     0.21    3.69
  27209.128     5.049     0.78    3.84
  27495.244     4.837    -0.74    3.85
  27781.365     5.340     1.76    3.71
  28067.492     5.492     0.53    3.90
  28353.626     5.675     0.64    4.03
  28639.765     5.718     0.15    3.87
  28925.910     5.814     0.34    3.70
  29212.062     5.347    -1.63    3.29
  29498.219     4.978    -1.29    3.24
  29784.382     4.798    -0.63    3.21
  30070.551     4.955     0.55    2.91
  30356.727     4.841    -0.40    2.63
  30642.908     4.577    -0.92    2.40
  30929.095     4.419    -0.55    2.47
  31215.289     4.280    -0.49    2.34
  31501.488     3.674    -2.12    2.27
  31787.693     2.934    -2.59    1.96
  32073.905     2.380    -1.94    1.84
  32360.122     2.238    -0.49    1.73
  32646.345     2.045    -0.68    1.49
  32932.575     1.941    -0.36    1.52
  33218.810     1.711    -0.80    1.34
  33505.051     1.681    -0.10    1.38
  33791.299     1.476    -0.72    1.11
  34077.552     1.319    -0.55    0.90
  34363.811     1.463     0.50    1.21
  34650.077     2.472     3.52    3.48
  34936.348     4.757     7.98    6.79
  35222.625     7.955    11.17    9.11
  35508.909    11.193    11.31    9.87
  35795.198    14.017     9.86    9.11
  36081.494    16.009     6.96    8.26
  36367.795    17.849     6.43    8.48
  36654.103    19.078     4.29    9.14
  36940.416    19.790     2.49    9.39
  37226.735    20.119     1.15    9.75
  37513.061    21.232     3.89    9.70
  37799.392    23.082     6.46    8.93
  38085.730    24.812     6.04    6.74
  38372.073    25.652     2.93    5.01
  38658.423    25.370    -0.98    5.05
  38944.778    25.473     0.36    4.97
  39231.140    25.834     1.26    5.26
  39517.508    26.646     2.84    5.28
  39803.881    27.565     3.21    4.92
  40090.261    28.488     3.22    4.34
  40376.646    29.380     3.12    3.82
  40663.038    29.822     1.54    3.56
  40949.436    29.615    -0.72    3.40
  41235.839    28.629    -3.45    4.11
  41522.249    28.289    -1.18    4.49
  41808.665    27.814    -1.66    5.18
  42095.087    26.353    -5.10    6.20
  42381.514    24.546    -6.31    6.44
  42667.948    23.214    -4.65    6.38
  42954.388    22.366    -2.96    6.85
  43240.834    21.677    -2.41    7.00
  43527.286    20.638    -3.63    7.03
  43813.744    19.519    -3.90    7.25
  44100.207    19.262    -0.90    7.85
  44386.677    19.311     0.17    7.78
  44673.153    19.346     0.12    7.43
  44959.635    18.437    -3.17    6.82
  45246.123    18.253    -0.64    6.56
  45532.617    17.527    -2.53    6.79
  45819.117    15.892    -5.71    7.68
  46105.623    14.629    -4.41    7.49
  46392.136    14.036    -2.07    7.19
  46678.654    14.271     0.82    7.58
  46965.178    15.065     2.77    8.06
  47251.708    15.828     2.66    8.51
  47538.244    16.920     3.81    8.46
  47824.787    17.702     2.73    8.32
  48111.335    17.441    -0.91    8.51
  48397.889    16.940    -1.75    8.26
  48684.449    16.991     0.18    7.76
  48971.016    17.466     1.66    7.47
  49257.588    18.346     3.07    7.03
  49544.167    19.891     5.39    6.59
  49830.751    22.121     7.78    4.99
  50117.342    23.666     5.39    3.07
  50403.938    23.629    -0.13    3.25
  50690.541    23.266    -1.27    3.60
  50977.150    23.227    -0.14    3.55
  51263.764    23.711     1.69    3.42
  51550.385    24.206     1.73    3.34
  51837.012    24.849     2.24    2.69
  52123.644    24.961     0.39    2.16
  52410.283    24.783    -0.62    2.30
  52696.928    24.191    -2.07    2.92
  52983.579    23.194    -3.48    3.49
  53270.236    22.461    -2.55    4.11
  53556.899    22.013    -1.56    4.45
  53843.568    21.589    -1.48    4.62
  54130.243    20.569    -3.55    4.83
  54416.924    18.787    -6.22    6.09
  54703.611    16.092    -9.40    7.97
  54990.304    12.991   -10.82    9.18
  55277.004     9.643   -11.68    9.57
  55563.709     5.980   -12.78    7.98
  55850.420     3.322    -9.27    5.29
  56137.137     2.804    -1.81    4.91
  56423.861     4.037     4.30    6.23
  56710.590     6.807     9.66    7.44
  56997.326     9.426     9.13    7.93
  57284.067    11.698     7.92    7.57
  57570.815    13.735     7.10    6.92
  57857.569    15.276     5.37    6.32
  58144.328    16.370     3.82    5.32
  58431.094    17.586     4.24    4.69
  58717.866    18.798     4.23    4.55
  59004.644    19.842     3.64    4.13
  59291.427    20.919     3.76    3.49
  59578.217    21.883     3.36    2.55
  59865.013    22.430     1.91    2.27
  60151.815    22.729     1.04    2.11
