# NaN NaN NaN ;Mean Elev.(m), Avg Gradient(m/km), RMS Gradient(m/km) - SRTM1     
#   -7.575  -0.819   6.231 ;Mean Elev.(m), Avg Gradient(m/km), RMS Gradient(m/km) - ASTER GDEM
#    4.041   0.434   1.912 ;Mean Elev.(m), Avg Gradient(m/km), RMS Gradient(m/km) - GMTED2010 
   1  65.918723  66.009126     6.744     6.649  8 54662.37326107 33.586
   2  65.926604  66.010098     6.255     6.221 12 54672.28890692 29.291
   3  65.923491  66.011092     2.129     1.709 11 54682.20455031 27.968
   4  65.925903  66.011781     5.250     5.418 11 54692.12019297 38.906
   5  65.923766  66.011113     2.539     1.983 11 54702.03583278 27.852
   6  65.925526  66.009537     5.134     5.579 12 54711.95148082 31.647
   7  65.931001  66.008338     3.835     3.433 13 54721.86713232 48.223
   8  65.930824  66.007644     5.334     5.298 13 54731.78278077 27.206
   9  65.938432  66.008589     3.280     2.874 12 54741.69842837 36.253
  10  65.939872  66.009262     4.844     4.708 12 54751.61407529 34.402
  11  65.939878  66.009236     5.715     5.923 12 54761.52972187 30.993
  12  65.939830  66.008203     4.997     4.568 12 54771.44536600 29.136
  13  65.945612  66.007522     3.548     3.519 13 54781.36100757 43.905
  14  65.937331  66.006831     3.058     3.004 14 54791.27664527 39.259
  15  65.939300  66.007809     2.752     2.735 12 54801.19228282 28.496
  16  65.939957  66.008852     2.474     2.474 12 54811.10792025 27.701
  17  65.925154  66.008897     3.603     4.326 11 54821.02355939 15.287
  18  65.928381  66.009056     3.851     4.288 11 54830.93921186 14.551
  19  65.939822  66.009891     4.614     5.010 12 54840.85485163 14.672
  20  65.926962  66.010443     4.771     5.286 12 54850.77049943 13.958
  21  65.926998  66.011939     5.041     5.569 11 54860.68614803 13.729
  22  65.924533  66.012582     3.882     4.208 10 54870.60179648 12.673
  23  65.922968  66.011377     4.850     5.100 11 54880.51744361 12.635
  24  65.925146  66.009038     5.010     5.175 11 54890.43308784 12.365
  25  65.939768  66.007660     4.773     4.835 12 54900.34873019 12.913
  26  65.939897  66.007787     5.352     5.555 12 54910.26436920 12.388
  27  65.925636  66.008602     5.383     5.555 12 54920.18000568 12.540
  28  65.928087  66.009559     5.503     5.722 12 54930.09564325 15.151
  29  65.927437  66.008512     6.264     6.490 12 54940.01127938 12.638
  30  65.937175  66.007022     6.901     6.931 12 54949.92691482  9.073
  31  65.940561  66.005963     3.656     3.666 13 54959.84255398 41.258
  32  65.937569  66.006644     5.489     5.460 14 54969.75820231 31.790
  33  65.938196  66.008388     7.116     7.137 12 54979.67384984 34.428
  34  65.926595  66.009211     7.211     7.180 11 54989.58949606 34.455
  35  65.928122  66.009388     6.978     7.027 11 54999.50514346 30.018
  36  65.925390  66.009124     6.820     6.879 11 55009.42078867 26.923
  37  65.927892  66.009272     6.761     6.716 12 55019.33643265 38.110
  38  65.927318  66.010348     6.458     6.410 11 55029.25207506 27.250
  39  65.925364  66.011581     6.143     6.018 11 55039.16771676 27.165
  40  65.922394  66.011939     5.156     5.141 11 55049.08335706 44.943
  41  65.927100  66.010663     5.141     5.285 11 55058.99899594 30.245
  42  65.938531  66.008532     4.931     4.928 12 55068.91463624 37.685
  43  65.945046  66.006874     4.176     3.931 13 55078.83028658 31.554
  44  65.945357  66.007074     3.224     3.023 13 55088.74593426 33.296
  45  65.928024  66.008077     2.936     2.877 11 55098.66157895 48.024
  46  65.927511  66.009591     4.651     4.653 11 55108.57722469 32.628
  47  65.925566  66.008998     4.986     4.676 12 55118.49286919 34.378
  48  65.937996  66.007400     5.818     5.853 12 55128.40851259 25.792
  49  65.936171  66.005570     3.118     2.926 14 55138.32415257 43.536
  50  65.941942  66.006233     2.269     2.295 13 55148.23979175 45.163
  51  65.939469  66.008322     2.018     2.033 12 55158.15542965 34.760
  52  65.926965  66.009648     2.173     2.123 11 55168.07106641 26.775
  53  65.928368  66.010094     4.046     4.427 11 55177.98670372 18.800
  54  65.928133  66.009178     4.511     4.710 11 55187.90234825 15.944
  55  65.927167  66.008946     4.278     4.646 12 55197.81799894 15.436
  56  65.927893  66.010079     4.941     5.052 12 55207.73364880 14.753
  57  65.923642  66.011513     4.991     4.988 11 55217.64929768 13.520
  58  65.922092  66.011824     5.006     5.051 10 55227.56494609 13.070
  59  65.926560  66.010479     4.474     4.778 12 55237.48059217 13.282
  60  65.930853  66.007942     4.610     4.596 13 55247.39623472 12.764
  61  65.945413  66.006709     4.535     4.570 13 55257.31187572 12.096
  62  65.929912  66.006379     5.159     5.162 13 55267.22751309 12.935
  63  65.927352  66.008181     4.709     4.731 11 55277.14315113 13.928
  64  65.925044  66.009219     5.448     5.523 11 55287.05878803 13.561
  65  65.938865  66.009098     6.694     6.673 12 55296.97442409 15.188
  66  65.930846  66.006618     6.921     7.045 13 55306.89006434  5.866
  67  65.942955  66.005812     2.898     2.865 14 55316.80571208 37.413
  68  65.945409  66.006587     4.921     4.875 13 55326.72135774 40.370
  69  65.926014  66.007904     7.012     6.949 12 55336.63700045 35.543
  70  65.924190  66.009751     6.666     6.625 10 55346.55264430 27.739
  71  65.921977  66.010136     6.731     6.728 11 55356.46828672 27.681
  72  65.928317  66.009982     6.426     6.403 11 55366.38392789 42.462
  73  65.926254  66.009403     6.084     6.123 11 55376.29956680 33.251
  74  65.927949  66.009834     6.170     6.131 12 55386.21520513 26.734
  75  65.925799  66.010429     6.025     5.911 12 55396.13084220 29.293
  76  65.924502  66.010546     5.910     5.773 10 55406.04648328 25.984
  77  65.925954  66.009530     5.827     5.742 11 55415.96213468 27.782
  78  65.938039  66.007911     5.585     5.457 12 55425.87778375 27.159
  79  65.938510  66.006358     5.041     4.799 12 55435.79342910 28.351
  80  65.945704  66.006886     4.522     4.147 13 55445.70907378 28.575
  81  65.929305  66.007685     4.673     3.837 13 55455.62471558 30.037
  82  65.927464  66.009001     4.948     4.824 12 55465.54035801 29.244
  83  65.928230  66.008667     4.325     3.624 11 55475.45599768 33.454
  84  65.938579  66.007321     4.373     3.952 12 55485.37163509 30.104
  85  65.936661  66.005636     4.527     4.151 14 55495.28726926 31.160
  86  65.937413  66.006161     4.047     4.103 12 55505.20290314 27.734
  87  65.938255  66.008339     3.576     3.591 12 55515.11855377 35.702
  88  65.928216  66.009925     2.724     2.755 11 55525.03420251 31.844
  89  65.925481  66.010508     2.245     2.129 11 55534.94984996 26.921
  90  65.925017  66.010077     2.552     2.210 11 55544.86549559 25.053
  91  65.927360  66.009906     2.216     2.274 12 55554.78113962 22.384
  92  65.925104  66.010219     2.330     2.380 10 55564.69678227 21.154
  93  65.924855  66.010529     2.181     2.227 11 55574.61242452 20.935
  94  65.925916  66.009867     2.088     2.130 12 55584.52806533 21.605
  95  65.927365  66.008351     2.218     2.112 11 55594.44370277 21.680
  96  65.937359  66.007181     2.383     2.423 12 55604.35933768 19.434
  97  65.944810  66.006818     2.368     2.011 13 55614.27497028 19.081
  98  65.931312  66.006702     3.512     3.871 13 55624.19060749 14.674
  99  65.929443  66.007649     3.785     3.497 13 55634.10625992 14.541
 100  65.931489  66.008157     3.278     2.722 13 55644.02191046 13.902
 101  65.927443  66.007627     2.589     1.925 11 55653.93755758 13.581
 102  65.945480  66.007469     7.423     7.550 13 55663.85320226 14.123
 103  65.946266  66.007164     3.293     3.271 13 55673.76884240 39.340
 104  65.931055  66.007148     5.212     5.033 13 55683.68447958 42.938
 105  65.938432  66.008846     6.894     6.980 12 55693.60011755 32.260
 106  65.927429  66.009538     6.919     6.874 11 55703.51575236 30.983
 107  65.927310  66.010029     6.619     6.602 12 55713.43139728 28.278
 108  65.927098  66.010093     6.260     6.196 12 55723.34704651 27.421
 109  65.925198  66.010172     6.190     6.226 11 55733.26269361 26.232
 110  65.926766  66.010475     5.972     5.943 12 55743.17833975 28.017
 111  65.925163  66.010209     5.788     5.803 11 55753.09398421 27.503
 112  65.927605  66.009165     4.369     4.409 12 55763.00962674 48.903
 113  65.931030  66.007771     4.735     5.004 13 55772.92526654 30.252
 114  65.937562  66.006747     4.067     4.164 14 55782.84090317 29.261
 115  65.938312  66.006870     3.703     3.324 12 55792.75653675 31.265
 116  65.930999  66.007373     3.888     4.084 13 55802.67217060 32.208
 117  65.926473  66.007978     4.286     4.702 12 55812.58782016 30.600
 118  65.931037  66.007958     4.040     4.245 13 55822.50346883 30.832
 119  65.945630  66.007690     4.499     5.121 13 55832.41911362 27.989
 120  65.937216  66.006588     3.983     3.945 14 55842.33475186 27.364
 121  65.930679  66.006601     4.716     4.884 13 55852.25038722 29.649
 122  65.925729  66.007789     4.230     4.637 12 55862.16602094 33.521
 123  65.925191  66.009261     2.466     2.538 11 55872.08167540 43.690
 124  65.925358  66.009859     1.771     1.804 12 55881.99732509 38.456
 125  65.926226  66.009781     1.740     1.787 11 55891.91296828 24.284
 126  65.925164  66.009610     1.795     1.837 11 55901.82860556 23.860
 127  65.927952  66.010109     1.798     1.842 12 55911.74424019 22.318
 128  65.924239  66.010692     1.962     2.014 10 55921.65989434 21.625
 129  65.927368  66.010464     1.901     1.915 12 55931.57554644 21.693
 130  65.928496  66.008736     1.690     1.765 11 55941.49119424 20.008
 131  65.944842  66.007363     1.841     1.619 13 55951.40683898 19.504
 132  65.936635  66.006305     1.707     1.672 14 55961.32247776 19.555
 133  65.929883  66.006976     2.715     2.780 13 55971.23811448 18.043
 134  65.926557  66.008341     2.414     1.776 12 55981.15375032 17.380
 135  65.927664  66.008557     2.647     2.629 12 55991.06938532 17.711
 136  65.939894  66.008173     1.957     1.772 12 56000.98503201 16.797
 137  65.945392  66.007081     3.810     2.587 13 56010.90068280 17.800
 138  65.929938  66.006223     5.814     5.839 13 56020.81632781 15.026
 139  65.930682  66.007487     6.208     6.377 13 56030.73197142 11.547
 140  65.925691  66.009220     2.960     2.478 12 56040.64761253 22.158
 141  65.927556  66.010394     4.054     4.044 12 56050.56325206 28.608
 142  65.926229  66.010386     6.228     5.984 12 56060.47888861 43.683
 143  65.925480  66.009428     6.687     6.594 12 56070.39452532 31.524
 144  65.928044  66.009415     6.117     5.969 12 56080.31017640 30.024
 145  65.927720  66.010077     5.900     5.954 12 56090.22582453 26.764
 146  65.922752  66.010806     5.185     5.004 11 56100.14146979 47.457
 147  65.925498  66.010509     4.606     4.410 11 56110.05710162 50.317
 148  65.926877  66.008534     4.783     4.894 12 56119.97274177 29.992
 149  65.937468  66.006562     3.324     3.022 12 56129.88837909 38.831
 150  65.945410  66.005916     3.425     3.000 13 56139.80401309 32.987
 151  65.930147  66.006800     3.044     2.724 13 56149.71966195 33.345
 152  65.925667  66.008759     3.742     4.379 12 56159.63531068 35.522
 153  65.927954  66.009591     3.219     4.201 12 56169.55095861 30.205
 154  65.931474  66.008384     3.345     2.931 13 56179.46660313 33.074
 155  65.944876  66.007148     2.052     2.006 13 56189.38224436 51.070
 156  65.937330  66.006297     3.902     3.460 14 56199.29788055 31.591
 157  65.938113  66.007941     3.705     3.756 12 56209.21351489 31.699
 158  65.925518  66.009680     3.329     3.200 12 56219.12914625 34.803
 159  65.926524  66.011205     4.351     4.477 11 56229.04479367 27.458
 160  65.926450  66.010812     2.007     2.024 12 56238.96044739 44.852
 161  65.924303  66.009718     1.603     1.575 10 56248.87609702 37.603
 162  65.939889  66.009742     1.802     1.815 12 56258.79174341 35.194
 163  65.926846  66.009830     1.940     2.038 11 56268.70738426 32.728
 164  65.922587  66.010319     1.870     1.882 11 56278.62302420 26.702
 165  65.927722  66.010547     1.969     1.867 12 56288.53867430 25.197
 166  65.925508  66.008584     1.733     1.710 11 56298.45432283 24.728
 167  65.946450  66.007261     2.115     1.739 13 56308.36996955 18.688
 168  65.936800  66.005911     2.197     1.726 14 56318.28561092 18.858
 169  65.931494  66.007151     2.452     2.402 13 56328.20125151 18.337
 170  65.926281  66.008952     3.357     3.366 12 56338.11689115 15.691
 171  65.927432  66.009777     4.277     4.546 12 56348.03252946 14.737
 172  65.931453  66.008587     2.879     2.963 13 56357.94816520 14.531
 173  65.946243  66.007493     2.370     1.982 13 56367.86381612 14.508
 175  65.939549  66.008746     3.149     3.159 12 56387.69510925 13.246
 176  65.927775  66.010763     5.483     5.539 12 56397.61075166 13.459
 177  65.924385  66.011932     2.026     1.658 10 56407.52639250 12.412
 178  65.926410  66.011439     2.687     2.719 11 56417.44202988 35.096
 179  65.926657  66.009772     5.275     5.229 11 56427.35766237 43.109
 180  65.927027  66.009067     6.871     6.897 12 56437.27331486 53.003
 181  65.925116  66.009426     6.346     6.417 11 56447.18896620 27.220
 182  65.927919  66.010503     6.145     6.114 12 56457.10461573 30.522
 183  65.926602  66.010249     6.174     6.145 11 56467.02026165 30.491
 184  65.928615  66.008801     6.217     6.052 11 56476.93590382 53.452
 185  65.937979  66.007118     5.817     5.897 12 56486.85154299 28.699
 186  65.937878  66.006354     5.664     5.686 12 56496.76717865 33.209
 187  65.946448  66.007677     5.472     5.453 13 56506.68281380 32.773
 188  65.925626  66.008497     4.962     4.342 12 56516.59844702 31.488
 189  65.927413  66.009462     4.396     3.815 11 56526.51410173 27.878
 190  65.927452  66.008808     4.399     3.588 12 56536.42975207 30.225
 192  65.938395  66.007830     3.668     3.938 12 56556.26104343 29.159
 193  65.928087  66.008786     4.296     4.744 11 56566.17668521 26.965
 194  65.924709  66.010741     4.105     4.580 11 56576.09232629 29.177
 195  65.923552  66.011766     3.606     3.974 11 56586.00796429 33.548
 196  65.925178  66.011299     3.023     3.028 11 56595.92360257 35.462
 197  65.926348  66.010221     3.118     3.133 11 56605.83925499 42.187
 198  65.926376  66.009387     3.292     3.272 12 56615.75490246 34.308
 199  65.927037  66.009403     3.151     3.122 11 56625.67054642 30.627
 200  65.926666  66.009595     2.759     2.525 12 56635.58618755 24.748
 201  65.927500  66.009354     2.343     2.399 12 56645.50182656 20.005
 202  65.928031  66.008447     2.569     2.559 12 56655.41747915 20.170
 203  65.936948  66.007526     3.281     2.956 12 56665.33312819 19.291
 204  65.937295  66.007152     2.920     2.952 12 56675.24877378 18.013
 205  65.931321  66.007781     3.426     3.273 13 56685.16441773 17.262
 206  65.927681  66.008880     3.680     3.574 11 56695.08005989 16.736
 207  65.926700  66.009316     2.927     2.625 11 56704.99569779 16.367
 208  65.927750  66.008643     3.897     3.772 12 56714.91133040 15.807
 209  65.926329  66.008024     4.759     5.404 12 56724.82698209 16.733
 210  65.928302  66.008480     6.532     6.435 11 56734.74263222 11.423
 211  65.926739  66.010003     6.291     6.302 12 56744.65827872 12.914
 212  65.923693  66.011298     6.401     6.344 11 56754.57392080 13.107
 213  65.927352  66.011746     1.953     2.018 11 56764.48955796 23.778
 214  65.926866  66.010874     2.558     2.535 12 56774.40519423 13.787
 215  65.925327  66.010220     3.604     3.664 11 56784.32085114 37.566
 216  65.928373  66.010182     6.812     6.730 11 56794.23650482 43.388
 217  65.927859  66.010258     6.917     6.953 12 56804.15215478 35.029
 218  65.925935  66.009795     6.632     6.740 11 56814.06779724 30.674
 219  65.939647  66.009392     6.746     6.777 12 56823.98343764 31.627
 220  65.939156  66.008247     6.835     6.789 12 56833.89907272 26.705
 221  65.930452  66.007285     6.783     6.747 13 56843.81470362 28.332
 222  65.939447  66.008130     6.757     6.755 12 56853.73034728 37.971
 223  65.938914  66.008962     6.587     6.504 12 56863.64600115 26.161
 224  65.927854  66.009030     6.276     6.338 11 56873.56165346 27.518
 225  65.926306  66.008960     6.030     6.136 12 56883.47730346 30.687
 226  65.939982  66.009377     5.552     5.589 12 56893.39295150 26.318
 227  65.926174  66.008902     5.560     5.859 12 56903.30859383 28.078
 228  65.926468  66.009963     5.276     5.221 12 56913.22423550 28.154
 229  65.923313  66.010928     3.768     3.754 11 56923.13987517 46.263
 230  65.924783  66.011605     4.435     4.899 11 56933.05551283 31.048
 231  65.924727  66.011113     4.707     5.106 10 56942.97114504 29.198
 232  65.926967  66.010292     3.784     3.751 12 56952.88679035 38.543
 233  65.928413  66.009795     3.454     3.431 11 56962.80244105 32.225
 234  65.927275  66.009914     3.908     4.399 11 56972.71808669 20.778
 235  65.925072  66.010074     4.033     4.298 10 56982.63372801 18.329
 236  65.926500  66.009558     4.779     4.994 12 56992.54936505 15.935
 237  65.930317  66.008136     4.638     4.843 13 57002.46500001 15.943
 238  65.930653  66.007090     4.746     4.793 13 57012.38065708 16.551
 239  65.938168  66.007318     4.737     4.869 12 57022.29630917 15.917
 240  65.940099  66.008753     4.569     4.394 12 57032.21195803 13.470
 241  65.927817  66.009449     4.568     4.775 12 57042.12760348 13.686
 242  65.925801  66.009650     5.073     5.058 12 57052.04324768 14.986
 243  65.928060  66.008807     4.626     5.100 11 57061.95888795 13.822
 244  65.931003  66.008189     4.017     4.221 13 57071.87452291 15.552
 245  65.925900  66.008406     4.407     4.647 12 57081.79015303 15.560
 246  65.922118  66.010062     3.645     4.037 11 57091.70579717 17.531
 247  65.924580  66.012058     5.274     5.644 10 57101.62145484 17.448
 248  65.923462  66.012296     6.591     6.440 11 57111.53710877 13.923
 249  65.924533  66.010976     6.886     6.792 11 57121.45275706 11.626
 250  65.926279  66.009449     4.864     5.548 11 57131.36839976 12.681
 251  65.926259  66.009089     6.917     6.931 11 57141.28403724 11.275
 252  65.924740  66.009836     4.561     4.431 10 57151.19967133 39.410
 253  65.927629  66.010408     7.549     7.533 12 57161.11530253 40.004
 254  65.925509  66.009677     7.016     7.089 11 57171.03095767 33.197
 255  65.930987  66.008162     7.055     7.079 13 57180.94661307 30.990
 256  65.944818  66.007348     6.833     6.777 13 57190.86226532 33.502
 257  65.946385  66.007787     6.957     6.994 13 57200.77791327 51.539
 258  65.926480  66.008582     7.052     6.968 12 57210.69354561 52.692
 259  65.925536  66.009994     6.863     6.942 12 57220.60918948 28.679
 260  65.926425  66.009976     6.904     6.932 12 57230.52483230 29.440
 261  65.927422  66.009118     6.993     7.043 12 57240.44047276 29.809
 262  65.926523  66.008189     7.054     7.132 12 57250.35611028 28.618
 263  65.925211  66.008741     7.226     7.194 11 57260.27174563 52.511
 264  65.926785  66.010514     6.861     6.773 12 57270.18737997 28.967
 265  65.922430  66.012166     6.203     6.115 10 57280.10303296 26.954
 266  65.923331  66.012335     6.099     6.192 11 57290.01868852 29.123
 267  65.925239  66.010933     4.245     4.213 11 57299.93434120 52.758
 268  65.927904  66.009029     5.087     5.296 11 57309.84999028 29.325
 269  65.927558  66.008400     4.336     4.370 11 57319.76563568 50.288
 270  65.927780  66.009339     4.858     4.862 12 57329.68127831 36.626
 271  65.926313  66.010630     4.571     4.594 11 57339.59691862 33.022
 272  65.925669  66.010378     4.028     4.039 11 57349.51256814 29.100
 273  65.928689  66.008508     3.491     3.486 11 57359.42821399 27.604
 274  65.944937  66.007062     3.516     3.535 13 57369.34385787 21.992
 275  65.937055  66.006629     3.509     3.517 14 57379.25949700 21.195
 276  65.928503  66.008235     3.813     3.845 11 57389.17513476 20.598
 277  65.927385  66.010131     4.291     4.192 12 57399.09077228 19.228
 278  65.927344  66.010373     5.029     5.099 12 57409.00640964 15.713
 279  65.925752  66.009142     4.853     4.943 11 57418.92206232 15.978
 280  65.938042  66.008858     4.271     4.554 12 57428.83771370 17.643
 281  65.925725  66.009182     4.741     4.886 12 57438.75336047 17.482
 282  65.924076  66.011224     4.846     5.213 11 57448.66900701 16.594
 283  65.922370  66.012680     5.737     5.789 10 57458.58465231 14.683
 284  65.921759  66.012307     5.327     5.486 11 57468.50029474 13.542
 285  65.927806  66.010481     4.658     4.821 12 57478.41593372 12.719
 286  65.926629  66.008372     6.765     6.977 12 57488.33156891  5.390
 287  65.931140  66.007883     3.553     2.827 13 57498.24720260 12.412
 288  65.928307  66.008845     4.548     4.506 11 57508.16284303 32.774
 289  65.927150  66.009912     6.244     6.275 11 57518.07849904 31.230
 290  65.926712  66.009889     7.426     7.429 12 57527.99415221 42.556
 291  65.938584  66.008765     7.061     7.062 12 57537.90980362 32.675
 292  65.930072  66.006843     6.960     6.880 13 57547.82545052 27.056
 293  65.937960  66.007044     6.688     6.763 12 57557.74109755 27.817
 294  65.940087  66.008821     6.839     6.890 12 57567.65674307 27.195
 295  65.924825  66.009933     6.893     6.904 10 57577.57238632 50.129
 296  65.922808  66.010520     6.552     6.507 11 57587.48802947 28.497
 297  65.924964  66.009962     6.190     6.167 10 57597.40367054 28.904
