# NaN NaN NaN ;Mean Elev.(m), Avg Gradient(m/km), RMS Gradient(m/km) - SRTM1     
#   34.950  -0.488   2.873 ;Mean Elev.(m), Avg Gradient(m/km), RMS Gradient(m/km) - ASTER GDEM
#   23.353  -0.596   3.305 ;Mean Elev.(m), Avg Gradient(m/km), RMS Gradient(m/km) - GMTED2010 
   1    41.007 54667.21066606 22.29  77.700967  60.529101 10.033  271.96  272.20  271.35
   1    40.745 54667.21066665 21.84  77.705284  60.530646  9.712  271.96  272.20  271.35
   2    36.519 54677.12631053 33.91  77.699597  60.530159   -100 -100.00 -100.00 -100.00
   2    40.232 54677.12631112 25.07  77.703914  60.531704 12.800 -100.00 -100.00 -100.00
   3   -30.224 54687.04195364  7.52  77.698092  60.531560  4.114  267.09  268.28  266.27
   3   -28.800 54687.04195423  6.53  77.702409  60.533105  2.745  267.09  268.28  266.27
   4    35.040 54696.95759514 39.99  77.699390  60.532464 17.366  259.20  259.73  259.95
   4    38.456 54696.95759573 37.54  77.703707  60.534009 26.792  259.20  259.73  259.95
   5   -24.586 54706.87323531  6.96  77.697645  60.529935  2.693  264.98  266.05  264.28
   5   -23.269 54706.87323590  7.96  77.701961  60.531480  3.166  264.98  266.05  264.28
   6    35.147 54716.78888729 42.66  77.699323  60.528561   -100  257.12  257.30  256.98
   6    35.416 54716.78888788 41.71  77.703639  60.530105 31.128  257.12  257.30  256.98
   7    -7.264 54726.70453693  8.82  77.701751  60.527614  2.782  255.38  255.17  255.83
   7     0.310 54726.70453752  9.29  77.706067  60.529159  2.920  255.38  255.17  255.83
   8    34.898 54736.62018457 33.43  77.699194  60.527264 28.533  257.69  258.02  258.34
   8    34.570 54736.62018516 32.50  77.703510  60.528808   -100  257.69  258.02  258.34
   9    40.794 54746.53583220 26.95  77.698395  60.529584 22.927  254.74  254.60  256.04
   9    40.754 54746.53583279 24.25  77.702712  60.531129 16.613  254.74  254.60  256.04
  10    41.425 54756.45147961 22.99  77.699215  60.532085  8.783  253.59  254.50  255.54
  10    40.429 54756.45148020 28.43  77.703533  60.533630 23.248  253.59  254.50  255.54
  11    35.072 54766.36712460 38.63  77.697262  60.530989   -100  254.38  254.89  256.61
  11    35.312 54766.36712519 30.13  77.701579  60.532534 16.777  254.38  254.89  256.61
  12    35.006 54776.28276706 33.87  77.702058  60.529830 27.048  255.06  253.48  253.84
  12    34.811 54776.28276766 35.93  77.706375  60.531375   -100  255.06  253.48  253.84
  13    35.942 54786.19840647 37.12  77.702317  60.527317   -100  259.94  259.05  259.06
  13    35.782 54786.19840706 38.41  77.706634  60.528861   -100  259.94  259.05  259.06
  14    37.020 54796.11404436 44.10  77.699205  60.525827   -100 -100.00 -100.00 -100.00
  14    36.920 54796.11404495 44.96  77.703522  60.527372   -100 -100.00 -100.00 -100.00
  14    36.905 54796.11404554 42.02  77.707839  60.528916   -100 -100.00 -100.00 -100.00
  15    36.126 54806.02968232 27.36  77.699047  60.527330 11.978 -100.00 -100.00 -100.00
  15    36.304 54806.02968291 27.53  77.703364  60.528875 11.494 -100.00 -100.00 -100.00
  16    35.610 54815.94531961 23.40  77.698913  60.528376  9.536  250.11  247.23  242.68
  16    35.670 54815.94532020 24.80  77.703229  60.529921 11.787  250.11  247.23  242.68
  17    35.302 54825.86096729 25.30  77.701318  60.530263 13.958  247.53  244.36  236.49
  17    35.396 54825.86096788 24.70  77.705635  60.531808 11.937  247.53  244.36  236.49
  18    36.897 54835.77660647 20.32  77.699891  60.530136  7.686  249.86  245.96  237.41
  18    39.878 54835.77660706 21.13  77.704209  60.531680  8.064  249.86  245.96  237.41
  19    40.803 54845.69225629 18.52  77.700348  60.531556  4.899  250.45  246.23  233.59
  19    41.089 54845.69225689 19.74  77.704666  60.533100  5.594  250.45  246.23  233.59
  20    42.603 54855.60790521 18.25  77.698359  60.532516  4.204  247.87  243.05  225.83
  20    41.670 54855.60790580 18.27  77.702677  60.534061  4.402  247.87  243.05  225.83
  21    41.681 54865.52355290 17.40  77.687385  60.530559  3.586  247.57  241.12  221.18
  21    41.308 54865.52355349 17.32  77.691703  60.532104  3.655  247.57  241.12  221.18
  21    41.255 54865.52355408 17.76  77.696020  60.533649  3.922  247.57  241.12  221.18
  21    40.997 54865.52355467 17.69  77.700338  60.535193  4.264  247.57  241.12  221.18
  22    41.606 54875.43920174 17.66  77.688961  60.531635  3.764  242.58  233.66  210.27
  22    42.118 54875.43920233 17.52  77.693278  60.533180  4.127  242.58  233.66  210.27
  22    41.811 54875.43920292 17.72  77.697596  60.534725  4.126 -100.00 -100.00 -100.00
  22    41.325 54875.43920351 17.95  77.701914  60.536269  4.845 -100.00 -100.00 -100.00
  23    41.268 54885.35484801 16.68  77.694067  60.532105  4.207  250.97  242.32  219.92
  23    41.143 54885.35484860 16.37  77.698385  60.533650  4.070  250.97  242.32  219.92
  23    40.835 54885.35484919 16.70  77.702703  60.535195  3.915  250.97  242.32  219.92
  24    41.840 54895.27049063 16.46  77.698960  60.531323  4.240  252.80  243.53  219.84
  24    41.016 54895.27049122 16.35  77.703278  60.532868  3.994  252.80  243.53  219.84
  25    40.841 54905.18613015 16.39  77.700466  60.529926  3.899  248.45  236.97  210.43
  25    41.021 54905.18613074 16.52  77.704784  60.531470  3.764  248.45  236.97  210.43
  27    34.260 54925.01740644 34.38  77.700635  60.530325   -100  262.12  258.95  247.40
  27    34.586 54925.01740703 32.36  77.704953  60.531870   -100  262.12  258.95  247.40
  28    34.896 54934.93304365 26.21  77.700869  60.530684 12.886  250.35  243.94  230.09
  28    34.952 54934.93304424 26.70  77.705186  60.532229 13.063  250.35  243.94  230.09
  30    40.392 54954.76431116 32.77  77.701437  60.526140 16.158  242.96  240.91  242.16
  30    40.430 54954.76431175 32.57  77.705753  60.527685 15.909  242.96  240.91  242.16
  31    40.273 54964.67995752 30.88  77.703053  60.525561 25.307 -100.00 -100.00 -100.00
  31    40.364 54964.67995811 33.25  77.707369  60.527105 32.309 -100.00 -100.00 -100.00
  32    40.562 54974.59560576 32.93  77.702641  60.526401   -100  243.39  243.37  246.51
  32    40.771 54974.59560635 32.05  77.706957  60.527946 28.254  243.39  243.37  246.51
  34    40.673 54994.42690132 29.87  77.698621  60.529468 22.921  254.31  253.86  256.62
  34    40.636 54994.42690191 32.31  77.702938  60.531012 32.632  254.31  253.86  256.62
  35    40.754 55004.34254798 31.96  77.699370  60.530866 22.324  263.44  264.06  265.36
  35    40.858 55004.34254857 38.25  77.703687  60.532411   -100  263.44  264.06  265.36
  36    40.738 55014.25819215 28.82  77.698192  60.530805 22.020  257.64  257.59  259.55
  36    40.392 55014.25819274 29.01  77.702509  60.532350 19.977  257.64  257.59  259.55
  37    39.910 55024.17383503 36.36  77.698339  60.531012 26.363  266.78  268.34  266.76
  37    39.881 55024.17383562 36.87  77.702657  60.532557 30.695  266.78  268.34  266.76
  38    41.165 55034.08947740 23.38  77.698883  60.532127 13.774 -100.00 -100.00 -100.00
  38    40.681 55034.08947799 25.86  77.703201  60.533671 18.018 -100.00 -100.00 -100.00
  39    38.289 55044.00511853 51.46  77.696468  60.531642   -100 -100.00 -100.00 -100.00
  39    38.038 55044.00511913 52.48  77.700785  60.533186 31.024 -100.00 -100.00 -100.00
  40    37.094 55053.92075862 29.43  77.700188  60.531639 16.565 -100.00 -100.00 -100.00
  40    38.414 55053.92075921 32.99  77.704505  60.533184 25.163 -100.00 -100.00 -100.00
  41    36.539 55063.83639576 46.42  77.700030  60.528785   -100 -100.00 -100.00 -100.00
  41    36.495 55063.83639635 43.93  77.704346  60.530330   -100 -100.00 -100.00 -100.00
  42    37.942 55073.75204163 24.15  77.701987  60.528096 16.080 -100.00 -100.00 -100.00
  42    39.522 55073.75204222 26.37  77.706303  60.529641 22.851 -100.00 -100.00 -100.00
  43    35.908 55083.66768954 30.42  77.700799  60.527733 19.668  267.54  269.00  267.30
  43    37.531 55083.66769014 25.94  77.705116  60.529278 12.008  267.54  269.00  267.30
  44    35.823 55093.58333603 35.02  77.698818  60.528315   -100  262.88  263.95  263.09
  44    35.828 55093.58333662 29.03  77.703135  60.529860 20.415  262.88  263.95  263.09
  45    35.249 55103.49898296 31.24  77.700872  60.530291 31.325  264.49  265.88  265.41
  45    38.133 55103.49898355 30.65  77.705189  60.531835 26.634  264.49  265.88  265.41
  46    35.164 55113.41462899 32.53  77.698498  60.530094   -100 -100.00 -100.00 -100.00
  46    35.151 55113.41462958 28.17  77.702815  60.531638 23.885 -100.00 -100.00 -100.00
  48    35.375 55133.24591370 42.16  77.700320  60.528390   -100 -100.00 -100.00 -100.00
  48    35.309 55133.24591429 41.88  77.704637  60.529935   -100 -100.00 -100.00 -100.00
  49    36.587 55143.16155243 39.13  77.701116  60.527526   -100 -100.00 -100.00 -100.00
  49    36.441 55143.16155302 39.79  77.705434  60.529071   -100 -100.00 -100.00 -100.00
  50    36.665 55153.07719065 38.61  77.701817  60.528092   -100  258.76  257.42  256.44
  50    36.391 55153.07719124 39.15  77.706135  60.529636   -100  258.76  257.42  256.44
  51    36.610 55162.99282870 37.57  77.698654  60.527789   -100  248.19  245.95  241.18
  51    36.652 55162.99282929 36.95  77.702971  60.529334   -100  248.19  245.95  241.18
  52    36.061 55172.90846710 29.30  77.700757  60.529116 13.772  252.33  248.73  242.61
  52    36.119 55172.90846769 30.27  77.705073  60.530660 17.294  252.33  248.73  242.61
  53    40.690 55182.82410389 19.55  77.701577  60.528983  5.263  251.30  247.98  239.44
  53    40.570 55182.82410448 19.49  77.705894  60.530527  5.369  251.30  247.98  239.44
  54    35.625 55192.73975496 18.91  77.699312  60.529574  5.807  247.39  242.09  228.74
  54    40.907 55192.73975555 18.28  77.703628  60.531119  5.288  247.39  242.09  228.74
  55    39.903 55202.65540516 17.40  77.698873  60.531422  5.952  249.05  243.19  227.43
  55    39.993 55202.65540575 16.69  77.703190  60.532967  4.514  249.05  243.19  227.43
  56    38.826 55212.57105450 16.77  77.696533  60.532370  4.598 -100.00 -100.00 -100.00
  56    39.962 55212.57105509 16.90  77.700851  60.533914  4.364 -100.00 -100.00 -100.00
  57    42.950 55222.48670299 15.99  77.692206  60.531339  3.679 -100.00 -100.00 -100.00
  57    40.060 55222.48670358 15.99  77.696523  60.532884  3.628 -100.00 -100.00 -100.00
  57    40.759 55222.48670417 16.76  77.700841  60.534429  4.905 -100.00 -100.00 -100.00
  58    41.960 55232.40235154 15.56  77.699485  60.532778  3.605  248.12  238.54  216.25
  58    41.312 55232.40235213 15.80  77.703803  60.534323  3.941  248.12  238.54  216.25
  60    42.062 55252.23363692 14.45  77.701694  60.529774  3.531  243.74  231.46  205.58
  60    41.064 55252.23363751 14.83  77.706012  60.531318  3.833  243.74  231.46  205.58
  61    42.051 55262.14927571 13.67  77.701807  60.529880  3.334  251.12  240.06  216.06
  61    41.401 55262.14927630 13.93  77.706125  60.531425  3.500  251.12  240.06  216.06
  62    42.283 55272.06491342 14.82  77.700704  60.530380  3.514  253.80  242.94  221.39
  62    41.217 55272.06491401 14.68  77.705022  60.531925  3.634  253.80  242.94  221.39
  63    42.830 55281.98055073 11.97  77.699072  60.529660  3.223  245.61  235.67  215.78
  63    42.628 55281.98055133 11.70  77.703390  60.531205  2.744  245.61  235.67  215.78
  64    43.356 55291.89618707 11.47  77.700394  60.528480  3.078 -100.00 -100.00 -100.00
  64    42.509 55291.89618766 11.61  77.704711  60.530025  2.981 -100.00 -100.00 -100.00
  65    41.874 55301.81182147  9.78  77.702968  60.526866  3.694  244.67  235.09  216.46
  65    42.401 55301.81182206  9.63  77.707284  60.528411  3.129  244.67  235.09  216.46
  66    36.767 55311.72746877 31.09  77.700498  60.525636 21.295 -100.00 -100.00 -100.00
  66    34.549 55311.72746936 32.07  77.704814  60.527181 25.507 -100.00 -100.00 -100.00
  66    41.465 55311.72746995 30.29  77.709131  60.528725 17.573 -100.00 -100.00 -100.00
  67    37.381 55321.64311418 46.32  77.699728  60.526280   -100  250.05  250.50  252.10
  67    37.440 55321.64311477 47.25  77.704044  60.527824  0.065  250.05  250.50  252.10
  67    37.174 55321.64311536 49.66  77.708361  60.529369   -100  250.05  250.50  252.10
  68    40.638 55331.55875859 52.52  77.698670  60.527741 24.150  249.85  251.15  252.12
  68    40.657 55331.55875918 53.54  77.702987  60.529286   -100  249.85  251.15  252.12
  70    41.382 55351.39004737 35.70  77.698925  60.529934 30.107  236.69  238.20  242.76
  70    41.470 55351.39004796 40.93  77.703242  60.531479   -100  236.69  238.20  242.76
  71    41.810 55361.30568922 32.72  77.698385  60.529470 23.395 -100.00 -100.00 -100.00
  71    41.752 55361.30568981 38.52  77.702701  60.531014   -100 -100.00 -100.00 -100.00
  72    41.999 55371.22132927 37.47  77.699981  60.530214   -100  244.95  250.22  248.45
  72    42.070 55371.22132986 41.22  77.704297  60.531758   -100  244.95  250.22  248.45
  73    42.000 55381.13696772 39.48  77.700371  60.531114   -100  235.57  238.68  239.24
  73    42.171 55381.13696831 40.18  77.704688  60.532659   -100  235.57  238.68  239.24
  74    41.920 55391.05260513 34.69  77.698865  60.531225 25.478 -100.00 -100.00 -100.00
  74    41.911 55391.05260572 35.84  77.703182  60.532769 31.519 -100.00 -100.00 -100.00
  76    40.237 55410.88389034 51.71  77.701787  60.529389   -100  259.38  263.04  260.62
  76    40.137 55410.88389093 54.66  77.706104  60.530934   -100  259.38  263.04  260.62
  77    38.393 55420.79953972 47.61  77.699938  60.526680   -100 -100.00 -100.00 -100.00
  77    38.279 55420.79954031 46.29  77.704254  60.528225   -100 -100.00 -100.00 -100.00
  78    40.828 55430.71518652 23.93  77.699650  60.525934 12.158  257.20  258.26  258.53
  78    40.613 55430.71518711 24.31  77.703966  60.527479 11.702  257.20  258.26  258.53
  78    40.359 55430.71518770 25.13  77.708282  60.529023 13.458  257.20  258.26  258.53
  80    35.985 55450.54647482 29.29  77.698989  60.529746 24.169  250.30  250.19  250.70
  80    40.820 55450.54647541 27.12  77.703306  60.531291 17.527  250.30  250.19  250.70
  81    35.720 55460.46211753 30.33  77.698507  60.530146 20.782  265.60  266.65  267.04
  81    35.425 55460.46211812 29.74  77.702824  60.531691 22.091  265.60  266.65  267.04
  82    41.399 55470.37775901 24.45  77.699145  60.528627  8.006 -100.00 -100.00 -100.00
  82    41.017 55470.37775960 24.07  77.703462  60.530171  8.815 -100.00 -100.00 -100.00
  83    35.579 55480.29339731 36.19  77.699623  60.526228   -100  255.87  256.48  258.04
  83    35.583 55480.29339790 30.94  77.703940  60.527773 27.475  255.87  256.48  258.04
  83    40.001 55480.29339849 28.31  77.708257  60.529317 18.743  255.87  256.48  258.04
  84    35.757 55490.20903328 36.56  77.701370  60.525225   -100  251.57  251.38  253.00
  84    37.924 55490.20903387 30.60  77.705686  60.526770 26.330  251.57  251.38  253.00
  85    35.436 55500.12466715 38.20  77.702366  60.525820   -100 -100.00 -100.00 -100.00
  85    37.985 55500.12466774 27.37  77.706683  60.527364 16.730 -100.00 -100.00 -100.00
  86    35.744 55510.04030872 45.52  77.700594  60.527482   -100 -100.00 -100.00 -100.00
  86    36.351 55510.04030931 44.31  77.704911  60.529026 18.897 -100.00 -100.00 -100.00
  87    36.277 55519.95595854 40.16  77.698723  60.529233 15.995 -100.00 -100.00 -100.00
  87    35.261 55519.95595913 42.28  77.703040  60.530778 31.571 -100.00 -100.00 -100.00
  88    35.106 55529.87160759 32.15  77.699998  60.530578 29.455  246.36  243.73  241.66
  88    35.216 55529.87160818 27.75  77.704315  60.532122 15.427  246.36  243.73  241.66
  89    35.493 55539.78725447 25.39  77.698821  60.530012 14.086  248.87  246.76  244.01
  89    35.477 55539.78725506 25.19  77.703138  60.531557 12.457  248.87  246.76  244.01
  90    41.002 55549.70289926 21.04  77.697796  60.529842  6.735 -100.00 -100.00 -100.00
  90    40.921 55549.70289985 20.51  77.702113  60.531386  5.686 -100.00 -100.00 -100.00
  91    40.764 55559.61854270 17.44  77.697530  60.531173  3.952  252.11  248.98  241.41
  91    40.534 55559.61854329 18.02  77.701848  60.532718  4.948  252.11  248.98  241.41
  92    40.970 55569.53418506 16.77  77.695190  60.531786  3.504 -100.00 -100.00 -100.00
  92    40.758 55569.53418565 17.87  77.699507  60.533331  5.072 -100.00 -100.00 -100.00
  93    42.325 55579.44982702 17.67  77.698373  60.532477  3.737  251.69  247.18  232.78
  93    40.475 55579.44982761 18.17  77.702690  60.534022  4.496 -100.00 -100.00 -100.00
  94    40.625 55589.36546567 17.21  77.698783  60.529600  3.701 -100.00 -100.00 -100.00
  94    40.327 55589.36546626 17.70  77.703101  60.531145  3.867 -100.00 -100.00 -100.00
  95    42.693 55599.28110143 17.11  77.701752  60.526435  4.004 -100.00 -100.00 -100.00
  95    40.345 55599.28110202 17.56  77.706069  60.527980  4.018 -100.00 -100.00 -100.00
  96    40.501 55609.19673447 17.15  77.701313  60.523856  3.757  248.35  239.74  217.97
  96    40.159 55609.19673506 17.06  77.705629  60.525401  3.828  248.35  239.74  217.97
  96    39.837 55609.19673565 17.67  77.709946  60.526946  4.644  248.35  239.74  217.97
  97    40.114 55619.11236614 16.64  77.700891  60.524108  4.792  251.26  241.80  219.06
  97    39.164 55619.11236673 16.53  77.705207  60.525653  4.443  251.26  241.80  219.06
  97    39.812 55619.11236732 17.28  77.709524  60.527198  4.908  251.26  241.80  219.06
  98    39.738 55629.02801522 17.05  77.701153  60.527836  5.071 -100.00 -100.00 -100.00
  98    39.649 55629.02801581 17.02  77.705470  60.529381  4.960 -100.00 -100.00 -100.00
  99    41.670 55638.94366634 14.21  77.700763  60.529513  3.557  254.78  246.65  225.62
  99    41.411 55638.94366693 14.37  77.705080  60.531057  3.682  254.78  246.65  225.62
 101    40.655 55658.77496028 12.22  77.701341  60.526255  8.162  258.74  255.86  249.47
 101    40.225 55658.77496087 12.55  77.705658  60.527799  7.845  258.74  255.86  249.47
 102    35.187 55668.69060204 35.61  77.701904  60.525607   -100 -100.00 -100.00 -100.00
 102    35.318 55668.69060263 34.52  77.706220  60.527152 29.656 -100.00 -100.00 -100.00
 103    40.148 55678.60624170 33.12  77.701773  60.527109 26.413  236.11  236.55  240.84
 103    40.445 55678.60624229 32.67  77.706090  60.528653 20.690  236.11  236.55  240.84
 104    41.077 55688.52187923 30.48  77.699048  60.528448 21.255  242.28  242.40  246.34
 104    40.654 55688.52187982 30.39  77.703365  60.529993 20.674  242.28  242.40  246.34
 105    40.897 55698.43751579 34.92  77.700330  60.529988   -100  245.92  246.56  249.84
 105    41.194 55698.43751638 33.73  77.704647  60.531533 26.060  245.92  246.56  249.84
 106    41.105 55708.35315257 32.30  77.702180  60.529635 26.503 -100.00 -100.00 -100.00
 106    41.220 55708.35315316 38.12  77.706497  60.531180   -100 -100.00 -100.00 -100.00
 107    40.937 55718.26880346 47.06  77.701682  60.529271  8.413  262.77  265.56  264.81
 107    41.050 55718.26880405 45.12  77.705999  60.530816   -100  262.77  265.56  264.81
 108    39.904 55728.18445153 32.02  77.698964  60.528961 29.644 -100.00 -100.00 -100.00
 108    39.929 55728.18445212 30.57  77.703280  60.530505 25.600 -100.00 -100.00 -100.00
 109    38.589 55738.10009831 33.71  77.697631  60.529999   -100  265.04  265.70  265.58
 109    38.761 55738.10009890 33.81  77.701948  60.531544 32.234  265.04  265.70  265.58
 111    36.965 55757.93138750 52.61  77.700061  60.532092 12.565 -100.00 -100.00 -100.00
 111    36.882 55757.93138809 54.01  77.704378  60.533636   -100 -100.00 -100.00 -100.00
 112    36.754 55767.84702778 30.82  77.700613  60.529786   -100  254.70  254.85  255.21
 112    36.889 55767.84702837 32.90  77.704930  60.531330   -100  254.70  254.85  255.21
 113    36.385 55777.76266493 30.67  77.701560  60.526667   -100  261.35  262.22  261.64
 113    39.958 55777.76266552 23.80  77.705877  60.528211 16.022  261.35  262.22  261.64
 114    35.929 55787.67829961 48.66  77.701676  60.524484  5.104 -100.00 -100.00 -100.00
 114    35.948 55787.67830020 48.05  77.705992  60.526028 16.359 -100.00 -100.00 -100.00
 114    35.717 55787.67830079 46.18  77.710308  60.527573 14.207 -100.00 -100.00 -100.00
 115    37.901 55797.59393321 33.05  77.701689  60.524871   -100 -100.00 -100.00 -100.00
 115    38.040 55797.59393380 31.07  77.706005  60.526416 30.268 -100.00 -100.00 -100.00
 116    35.849 55807.50957714 32.68  77.702936  60.527732   -100 -100.00 -100.00 -100.00
 116    40.006 55807.50957773 24.33  77.707253  60.529277 12.549 -100.00 -100.00 -100.00
 117    36.322 55817.42522628 31.19  77.701209  60.529017   -100  267.47  268.21  268.85
 117    36.387 55817.42522687 32.25  77.705525  60.530562   -100  267.47  268.21  268.85
 118    35.985 55827.34087166 42.46  77.701185  60.527843   -100  267.56  268.31  269.30
 118    36.213 55827.34087225 37.71  77.705502  60.529387 32.057  267.56  268.31  269.30
 119    35.345 55837.25651225 37.33  77.699276  60.524827   -100  258.54  258.75  260.10
 119    37.759 55837.25651284 30.93  77.703592  60.526372 26.959  258.54  258.75  260.10
 119    37.361 55837.25651343 29.25  77.707909  60.527917 24.682  258.54  258.75  260.10
 120    35.312 55847.17215006 38.96  77.699781  60.523466   -100 -100.00 -100.00 -100.00
 120    34.978 55847.17215065 33.35  77.704097  60.525011   -100 -100.00 -100.00 -100.00
 120    37.897 55847.17215124 30.85  77.708414  60.526556 21.190 -100.00 -100.00 -100.00
 121    35.067 55857.08778583 36.30  77.700958  60.524816 32.217  252.68  254.70  254.97
 121    37.560 55857.08778642 32.91  77.705275  60.526361 29.560  252.68  254.70  254.97
 121    34.844 55857.08778701 29.42  77.709591  60.527906 21.974  252.68  254.70  254.97
 122    34.184 55867.00343044 31.91  77.700505  60.527786 22.530  252.20  250.39  250.70
 122    34.167 55867.00343103 31.97  77.704822  60.529331 22.381  252.20  250.39  250.70
 124    34.817 55886.83472874 26.15  77.699617  60.530935 17.258  256.05  253.20  248.42
 124    34.593 55886.83472933 23.96  77.703934  60.532480 12.439  256.05  253.20  248.42
 125    42.412 55896.75036893 19.27  77.700930  60.530135  6.960 -100.00 -100.00 -100.00
 125    34.754 55896.75036952 21.16  77.705247  60.531680 10.337 -100.00 -100.00 -100.00
 126    43.383 55906.66600364 20.18  77.699748  60.527963  8.614 -100.00 -100.00 -100.00
 126    42.177 55906.66600423 20.37  77.704064  60.529508  9.109 -100.00 -100.00 -100.00
 127    34.896 55916.58164880 18.88  77.699847  60.528874  7.148 -100.00 -100.00 -100.00
 127    42.432 55916.58164939 16.99  77.704164  60.530419  4.778 -100.00 -100.00 -100.00
 128    43.281 55926.49730257 15.70  77.699322  60.530788  4.109  257.87  253.54  240.23
 128    42.255 55926.49730316 16.81  77.703639  60.532332  6.073  257.87  253.54  240.23
 129    43.191 55936.41295283 16.35  77.698687  60.531149  4.594 -100.00 -100.00 -100.00
 129    42.642 55936.41295342 15.94  77.703004  60.532693  3.985 -100.00 -100.00 -100.00
 130    42.936 55946.32859831 16.07  77.701289  60.530371  3.549 -100.00 -100.00 -100.00
 130    41.532 55946.32859890 16.41  77.705607  60.531916  4.577 -100.00 -100.00 -100.00
 131    42.757 55956.24423887 16.73  77.701875  60.527951  3.880 -100.00 -100.00 -100.00
 131    41.423 55956.24423946 17.15  77.706193  60.529496  4.977 -100.00 -100.00 -100.00
 132    42.882 55966.15987686 15.99  77.702005  60.526497  3.612 -100.00 -100.00 -100.00
 132    42.088 55966.15987745 16.55  77.706322  60.528042  3.851 -100.00 -100.00 -100.00
 133    43.281 55976.07551373 16.54  77.700405  60.526629  3.459 -100.00 -100.00 -100.00
 133    42.312 55976.07551432 16.86  77.704722  60.528173  4.269 -100.00 -100.00 -100.00
 134    43.182 55985.99115011 16.70  77.700974  60.528000  3.987  246.70  233.29  199.69
 134    42.068 55985.99115070 16.90  77.705291  60.529545  3.678  246.70  233.29  199.69
 135    42.941 55995.90678594 17.24  77.700828  60.527708  4.144 -100.00 -100.00 -100.00
 135    42.211 55995.90678653 17.32  77.705144  60.529253  4.227 -100.00 -100.00 -100.00
 136    43.102 56005.82243766 15.26  77.701580  60.527717  3.013 -100.00 -100.00 -100.00
 136    42.187 56005.82243825 15.40  77.705897  60.529261  3.548 -100.00 -100.00 -100.00
 137    43.021 56015.73808529 13.25  77.702270  60.526788  3.397  244.03  228.41  200.95
 137    41.777 56015.73808588 13.55  77.706586  60.528332  3.946  244.03  228.41  200.95
 138    33.768 56025.65373005 27.04  77.701856  60.526945 25.500 -100.00 -100.00 -100.00
 138    33.720 56025.65373064 27.58  77.706172  60.528489 26.930 -100.00 -100.00 -100.00
 139    35.038 56035.56937313 39.29  77.700220  60.528348   -100 -100.00 -100.00 -100.00
 139    35.310 56035.56937372 40.33  77.704536  60.529893   -100 -100.00 -100.00 -100.00
 141    42.459 56055.40065254 25.56  77.698320  60.530481 12.916 -100.00 -100.00 -100.00
 141    41.913 56055.40065313 24.69  77.702637  60.532025 12.726 -100.00 -100.00 -100.00
 142    40.791 56065.31628705 25.77  77.700988  60.530284 21.561 -100.00 -100.00 -100.00
 142    40.585 56065.31628764 25.16  77.705305  60.531829 17.235 -100.00 -100.00 -100.00
 143    40.784 56075.23193214 27.35  77.699074  60.529122 25.450  263.97  264.35  266.11
 143    37.932 56075.23193273 27.01  77.703391  60.530667 25.339  263.97  264.35  266.11
 144    37.908 56085.14758158 45.57  77.698512  60.529756   -100 -100.00 -100.00 -100.00
 144    37.892 56085.14758217 49.87  77.702829  60.531301   -100 -100.00 -100.00 -100.00
 146    35.782 56104.97887335 39.32  77.697750  60.530073  1.196  263.08  263.02  262.80
 146    35.731 56104.97887394 42.64  77.702067  60.531617  4.918  263.08  263.02  262.80
 147    35.192 56114.89450392 30.51  77.700794  60.529938 32.580 -100.00 -100.00 -100.00
 147    34.983 56114.89450451 28.04  77.705110  60.531483 27.286 -100.00 -100.00 -100.00
 148    34.485 56124.81014192 40.54  77.701598  60.528357   -100 -100.00 -100.00 -100.00
 148    34.911 56124.81014251 39.63  77.705914  60.529901 29.155 -100.00 -100.00 -100.00
 149    34.444 56134.72577569 44.61  77.700902  60.525771   -100  271.92  272.97  271.06
 149    34.197 56134.72577628 42.93  77.705217  60.527316   -100  271.92  272.97  271.06
 150    34.187 56144.64141634 33.99  77.700683  60.525262   -100 -100.00 -100.00 -100.00
 150    34.261 56144.64141693 33.66  77.704999  60.526807   -100 -100.00 -100.00 -100.00
 150    34.267 56144.64141752 31.18  77.709315  60.528351 27.892 -100.00 -100.00 -100.00
 151    33.993 56154.55706676 30.96  77.700738  60.526847   -100 -100.00 -100.00 -100.00
 151    33.869 56154.55706735 31.33  77.705054  60.528391   -100 -100.00 -100.00 -100.00
 152    33.655 56164.47271588 32.66  77.699065  60.528015   -100 -100.00 -100.00 -100.00
 152    33.577 56164.47271647 38.44  77.703381  60.529560  7.093 -100.00 -100.00 -100.00
 153    33.696 56174.38836328 29.57  77.701443  60.529573 29.700 -100.00 -100.00 -100.00
 153    33.353 56174.38836387 30.63  77.705760  60.531117   -100 -100.00 -100.00 -100.00
 154    33.926 56184.30400495 44.72  77.700831  60.528538   -100  270.17  269.79  270.30
 154    33.724 56184.30400554 43.84  77.705148  60.530083  0.498  270.17  269.79  270.30
 155    33.730 56194.21964290 34.89  77.701417  60.527318   -100 -100.00 -100.00 -100.00
 155    33.661 56194.21964349 33.04  77.705733  60.528863   -100 -100.00 -100.00 -100.00
 156    33.778 56204.13527805 32.64  77.702016  60.527001   -100  259.91  261.26  262.10
 156    34.141 56204.13527864 37.87  77.706333  60.528546   -100  259.91  261.26  262.10
 157    34.390 56214.05091179 43.80  77.703199  60.527971   -100 -100.00 -100.00 -100.00
 157    34.164 56214.05091238 43.63  77.707516  60.529516   -100 -100.00 -100.00 -100.00
 158    33.736 56223.96654655 27.65  77.701131  60.528275 17.027  250.78  247.56  243.16
 158    33.553 56223.96654714 29.65  77.705448  60.529820 23.192  250.78  247.56  243.16
 159    34.995 56233.88220255 37.03  77.699908  60.530014 18.657  258.63  257.77  258.22
 159    34.415 56233.88220314 40.69  77.704225  60.531559   -100  258.63  257.77  258.22
 161    34.886 56253.71350180 25.02  77.700316  60.530893 10.705  252.82  249.23  244.07
 161    39.722 56253.71350239 25.14  77.704633  60.532438 10.244  252.82  249.23  244.07
 163    42.263 56273.54478588 21.26  77.700657  60.531202  6.424  244.96  239.58  226.45
 163    41.605 56273.54478647 21.44  77.704974  60.532746  6.836  244.96  239.58  226.45
 164    40.333 56283.46042910 20.02  77.698065  60.529775  6.284 -100.00 -100.00 -100.00
 164    42.154 56283.46042969 19.12  77.702382  60.531320  4.920 -100.00 -100.00 -100.00
 165    40.619 56293.37608072 17.77  77.698543  60.529209  4.906  250.49  245.02  226.74
 165    40.679 56293.37608131 17.56  77.702860  60.530754  4.391  250.49  245.02  226.74
 166    39.103 56303.29172788 18.46  77.699218  60.528120  5.850 -100.00 -100.00 -100.00
 166    41.942 56303.29172847 17.54  77.703535  60.529665  4.106 -100.00 -100.00 -100.00
 167    39.184 56313.20737100 17.01  77.700045  60.527867  4.207 -100.00 -100.00 -100.00
 167    41.742 56313.20737159 17.05  77.704363  60.529412  4.208 -100.00 -100.00 -100.00
 168    39.889 56323.12301202 16.26  77.700444  60.528641  3.699  245.88  235.56  211.41
 168    41.149 56323.12301261 16.03  77.704761  60.530186  4.096  245.88  235.56  211.41
 169    41.916 56333.03865220 15.53  77.699480  60.529210  3.268  251.33  242.02  222.66
 169    40.783 56333.03865279 15.99  77.703797  60.530754  3.849  251.33  242.02  222.66
 171    42.696 56352.86992899 14.80  77.699469  60.527256  3.253  244.78  231.33  206.63
 171    41.952 56352.86992958 15.44  77.703786  60.528801  3.834  244.78  231.33  206.63
 172    41.788 56362.78557093 14.54  77.702452  60.527123  3.660  246.32  233.60  209.73
 172    41.675 56362.78557152 14.76  77.706769  60.528668  3.517  246.32  233.60  209.73
 173    41.380 56372.70121998 13.44  77.701411  60.527742  4.422  244.44  230.53  205.88
 173    40.878 56372.70122057 13.10  77.705728  60.529286  4.569  244.44  230.53  205.88
 175    33.852 56392.53251108 24.95  77.699500  60.531603   -100  265.25  263.09  261.39
 175    33.702 56392.53251167 23.26  77.703818  60.533147 30.629  265.25  263.09  261.39
 177    37.338 56412.36379372 39.54  77.699401  60.531427   -100  249.23  251.81  254.51
 177    37.527 56412.36379432 36.76  77.703719  60.532972   -100  249.23  251.81  254.51
 179    41.035 56432.19506993 31.27  77.701417  60.529974 21.333  240.14  242.15  245.67
 179    40.875 56432.19507052 37.83  77.705734  60.531519   -100  240.14  242.15  245.67
 180    41.493 56442.11072245 34.98  77.699299  60.531131 27.007  231.10  232.09  237.56
 180    41.562 56442.11072304 36.73  77.703617  60.532675 30.440  231.10  232.09  237.56
 181    42.161 56452.02637229 44.76  77.697049  60.531625   -100  227.89  231.70  234.46
 181    41.989 56452.02637288 43.96  77.701366  60.533170   -100  227.89  231.70  234.46
 182    42.128 56461.94201980 35.59  77.697740  60.531110 23.938 -100.00 -100.00 -100.00
 182    42.403 56461.94202039 34.63  77.702057  60.532654 18.050 -100.00 -100.00 -100.00
 183    42.349 56471.85766416 34.97  77.700680  60.530079 23.177  229.42  234.18  237.18
 183    42.328 56471.85766475 37.48  77.704997  60.531624   -100  229.42  234.18  237.18
 184    42.246 56481.77330484 35.71  77.702383  60.528493 19.394  226.66  229.39  231.86
 184    42.320 56481.77330543 45.14  77.706700  60.530037  0.351  226.66  229.39  231.86
 185    41.508 56491.68894179 37.98  77.702363  60.527778   -100  254.00  261.10  258.01
 185    41.627 56491.68894238 42.09  77.706679  60.529322   -100  254.00  261.10  258.01
 186    39.305 56501.60457617 35.07  77.700370  60.527395 19.394  267.36  269.40  267.90
 186    39.487 56501.60457676 34.83  77.704687  60.528940 18.986  267.36  269.40  267.90
 187    37.330 56511.52020932 31.64  77.700294  60.527410 29.538 -100.00 -100.00 -100.00
 187    37.611 56511.52020991 29.29  77.704611  60.528955 20.049 -100.00 -100.00 -100.00
 188    37.740 56521.43585519 26.76  77.700721  60.527685 21.359  275.56  277.20  275.49
 188    40.738 56521.43585578 22.66  77.705037  60.529230 11.997  275.56  277.20  275.49
 189    37.630 56531.35150831 28.37  77.700939  60.527718 27.176 -100.00 -100.00 -100.00
 189    36.655 56531.35150890 28.65  77.705255  60.529263 28.894 -100.00 -100.00 -100.00
 191    40.198 56551.18280296 23.30  77.702710  60.528727 14.951  258.81  258.12  259.37
 191    40.092 56551.18280355 23.18  77.707027  60.530272 13.225  258.81  258.12  259.37
 193    35.350 56571.01408740 33.53  77.699499  60.532022   -100  253.32  252.48  254.18
 193    38.426 56571.01408799 31.32  77.703816  60.533567   -100  253.32  252.48  254.18
 194    35.479 56580.92972738 36.69  77.698596  60.532216   -100  254.89  253.29  254.96
 194    40.851 56580.92972797 27.56  77.702913  60.533761 13.119  254.89  253.29  254.96
 195    35.350 56590.84536311 35.94  77.699532  60.530248   -100  259.93  259.35  260.11
 195    35.314 56590.84536370 32.07  77.703849  60.531793 20.789  259.93  259.35  260.11
 196    35.759 56600.76101091 35.50  77.701399  60.529663 29.399  252.19  250.73  251.20
 196    35.775 56600.76101150 37.68  77.705715  60.531207   -100  252.19  250.73  251.20
 197    37.527 56610.67666112 42.58  77.701722  60.530236   -100  254.43  252.11  247.26
 197    37.100 56610.67666171 49.24  77.706039  60.531780 11.684  254.43  252.11  247.26
 198    38.325 56620.59230644 42.86  77.698958  60.530856 27.132  253.08  250.30  245.21
 198    37.630 56620.59230703 45.22  77.703275  60.532401 19.752  253.08  250.30  245.21
 199    38.101 56630.50794907 29.96  77.699088  60.531952 25.556 -100.00 -100.00 -100.00
 199    38.021 56630.50794966 29.78  77.703405  60.533496 25.094 -100.00 -100.00 -100.00
 200    37.320 56640.42358755 23.80  77.697590  60.529933 10.787  249.63  247.50  240.32
 200    37.253 56640.42358814 23.72  77.701907  60.531477 10.105  249.63  247.50  240.32
 201    36.920 56650.33923473 20.03  77.702659  60.529099  7.853  246.80  243.15  234.12
 201    36.936 56650.33923532 19.87  77.706976  60.530644  7.427  246.80  243.15  234.12
 202    42.325 56660.25488522 19.51  77.701952  60.527227  6.445  245.18  240.16  232.00
 202    40.994 56660.25488581 20.21  77.706270  60.528772  7.961  245.18  240.16  232.00
 203    36.601 56670.17053219 26.85  77.699923  60.526997 23.836  254.52  251.25  242.63
 203    36.506 56670.17053278 28.20  77.704240  60.528542 30.279  254.52  251.25  242.63
 204    36.592 56680.08617754 21.70  77.700707  60.529891 11.390  247.35  240.95  229.27
 204    36.584 56680.08617813 21.91  77.705025  60.531435 12.047  247.35  240.95  229.27
 206    41.440 56699.91746070 17.61  77.700032  60.530685  6.919  247.45  239.40  219.03
 206    41.286 56699.91746129 16.92  77.704350  60.532230  5.833  247.45  239.40  219.03
 207    41.051 56709.83309574 18.22  77.700869  60.527936  6.301  245.21  235.53  213.01
 207    40.412 56709.83309633 17.84  77.705186  60.529481  5.409  245.21  235.53  213.01
 208    41.341 56719.74873689 17.89  77.702617  60.527137  7.618 -100.00 -100.00 -100.00
 208    40.229 56719.74873748 18.42  77.706933  60.528682  7.931 -100.00 -100.00 -100.00
 209    41.314 56729.66438899  8.17  77.700221  60.528288  3.065  267.85  265.87  264.57
 209    41.068 56729.66438958  8.46  77.704538  60.529832  3.484  267.85  265.87  264.57
 210    41.760 56739.58003745 11.84  77.697862  60.530976  3.947 -100.00 -100.00 -100.00
 210    41.962 56739.58003804 11.87  77.702179  60.532520  3.740 -100.00 -100.00 -100.00
 211    44.810 56749.49568069  7.77  77.686951  60.529719  3.500  260.61  256.56  248.40
 211    43.719 56749.49568187  7.91  77.695584  60.532809  3.487  260.61  256.56  248.40
 211    42.412 56749.49568246  7.80  77.699902  60.534353  3.451  260.61  256.56  248.40
 212    36.445 56759.41132030 27.80  77.687119  60.529474   -100  250.48  243.71  235.95
 212    36.112 56759.41132148 24.87  77.695752  60.532564   -100  250.48  243.71  235.95
 212    36.234 56759.41132207 24.40  77.700070  60.534109 28.163  250.48  243.71  235.95
 213    38.730 56769.32695480 33.68  77.698538  60.530578   -100  255.01  250.52  244.36
 213    38.815 56769.32695539 28.94  77.702855  60.532123 22.616  255.01  250.52  244.36
 214    42.088 56779.24260440 36.97  77.699568  60.529773 16.144  227.82  231.45  234.33
 214    42.121 56779.24260499 44.95  77.703885  60.531318   -100  227.82  231.45  234.33
 216    41.943 56799.07391192 52.09  77.695525  60.531400   -100 -100.00 -100.00 -100.00
 216    41.547 56799.07391251 55.45  77.699842  60.532945 30.330 -100.00 -100.00 -100.00
 217    41.474 56808.98955778 33.21  77.693624  60.532230 24.261 -100.00 -100.00 -100.00
 217    41.375 56808.98955837 33.60  77.697941  60.533775 27.672 -100.00 -100.00 -100.00
 217    41.523 56808.98955896 38.71  77.702259  60.535319   -100 -100.00 -100.00 -100.00
 218    41.505 56818.90519828 32.70  77.695284  60.531767 25.063  235.57  238.59  240.71
 218    41.593 56818.90519887 35.62  77.699602  60.533312   -100  235.57  238.59  240.71
 219    41.607 56828.82083536 31.60  77.701162  60.530572 16.839  255.03  260.57  260.70
 219    41.610 56828.82083595 39.28  77.705479  60.532117   -100  255.03  260.57  260.70
 220    41.384 56838.73646842 37.46  77.701310  60.526681   -100  247.54  249.52  250.13
 220    41.373 56838.73646901 42.19  77.705626  60.528226   -100  247.54  249.52  250.13
 221    40.971 56848.65209965 40.52  77.702065  60.525116   -100 -100.00 -100.00 -100.00
 221    40.697 56848.65210024 44.75  77.706381  60.526661 14.217 -100.00 -100.00 -100.00
 222    39.777 56858.56775481 29.91  77.703021  60.528709 26.916  263.29  263.81  263.73
 222    40.095 56858.56775540 29.99  77.707337  60.530254 23.809  263.29  263.81  263.73
 224    36.483 56878.39906005 38.78  77.698986  60.531788   -100 -100.00 -100.00 -100.00
 224    38.439 56878.39906064 35.01  77.703304  60.533333   -100 -100.00 -100.00 -100.00
 225    36.181 56888.31470816 39.85  77.698562  60.530790   -100 -100.00 -100.00 -100.00
 225    36.314 56888.31470875 33.78  77.702879  60.532335 20.645 -100.00 -100.00 -100.00
 226    35.806 56898.23035382 31.70  77.700678  60.530278   -100  265.14  265.56  265.22
 226    38.427 56898.23035441 28.44  77.704995  60.531823 23.538  265.14  265.56  265.22
 228    35.479 56918.06163733 38.55  77.695376  60.531362   -100  253.03  253.79  255.29
 228    35.630 56918.06163792 30.57  77.699693  60.532906 19.596  253.03  253.79  255.29
 229    35.471 56927.97727519 49.47  77.686539  60.529937   -100  248.34  246.92  248.22
 229    35.439 56927.97727578 44.14  77.690856  60.531482  0.634  248.34  246.92  248.22
 229    35.542 56927.97727637 50.24  77.695173  60.533027  0.717  248.34  246.92  248.22
 229    35.490 56927.97727696 51.61  77.699490  60.534572   -100  248.34  246.92  248.22
 230    35.378 56937.89291127 36.63  77.696762  60.532845   -100  249.29  247.27  248.52
 230    35.293 56937.89291186 33.44  77.701079  60.534390   -100  249.29  247.27  248.52
 231    34.982 56947.80854361 39.36  77.699536  60.530573   -100  250.61  247.56  244.96
 231    34.839 56947.80854420 34.03  77.703852  60.532117 25.552  250.61  247.56  244.96
 232    35.904 56957.72419698 36.32  77.699633  60.529485   -100  251.40  248.71  246.50
 232    35.975 56957.72419758 36.35  77.703950  60.531030   -100  251.40  248.71  246.50
 233    37.387 56967.63984542 45.37  77.701394  60.530012   -100  255.38  256.11  257.54
 233    37.280 56967.63984601 42.74  77.705711  60.531557   -100  255.38  256.11  257.54
 235    36.597 56987.47112947 19.77  77.699792  60.531217  6.315 -100.00 -100.00 -100.00
 235    36.833 56987.47113006 19.69  77.704109  60.532762  4.873 -100.00 -100.00 -100.00
 237    36.556 57007.30241020 18.40  77.702115  60.528484  5.107 -100.00 -100.00 -100.00
 237    35.546 57007.30241079 19.24  77.706432  60.530029  5.793 -100.00 -100.00 -100.00
 238    40.530 57017.21806367 18.93  77.700739  60.526954  5.507  253.64  249.67  238.31
 238    39.867 57017.21806426 18.83  77.705056  60.528498  4.595  253.64  249.67  238.31
 239    39.250 57027.13371378 17.09  77.699775  60.527079  5.850  248.75  243.12  228.62
 239    40.438 57027.13371437 16.17  77.704092  60.528624  4.365  248.75  243.12  228.62
 240    41.719 57037.04936232 16.08  77.699514  60.529287  5.018 -100.00 -100.00 -100.00
 240    40.243 57037.04936291 16.19  77.703831  60.530831  5.617 -100.00 -100.00 -100.00
 242    41.457 57056.88065009 14.35  77.698293  60.530754  3.668  252.91  245.77  228.53
 242    41.333 57056.88065068 13.84  77.702610  60.532298  3.450  252.91  245.77  228.53
 243    41.680 57066.79628699 14.84  77.701927  60.530062  5.017 -100.00 -100.00 -100.00
 243    41.048 57066.79628758 15.06  77.706244  60.531606  4.431 -100.00 -100.00 -100.00
 244    42.222 57076.71191885 13.86  77.700091  60.527700  3.479 -100.00 -100.00 -100.00
 244    41.201 57076.71191944 14.61  77.704408  60.529245  4.817 -100.00 -100.00 -100.00
 245    34.958 57086.62754891 19.13  77.701935  60.527463  7.803  250.39  239.48  220.73
 245    35.014 57086.62754950 18.99  77.706252  60.529007  8.176  250.39  239.48  220.73
 246    42.566 57096.54320791 14.97  77.698665  60.530130  4.223 -100.00 -100.00 -100.00
 246    42.474 57096.54320850 15.10  77.702982  60.531674  4.067 -100.00 -100.00 -100.00
 247    43.254 57106.45886418 15.22  77.696710  60.532492  4.113  242.69  230.76  211.52
 247    41.968 57106.45886477 15.40  77.701027  60.534036  4.331  242.69  230.76  211.52
 248    46.479 57116.37451425 10.48  77.686209  60.529443  3.243  265.88  264.10  263.30
 248    41.625 57116.37451543 10.87  77.694843  60.532533  3.667  265.88  264.10  263.30
 248    41.448 57116.37451602 11.68  77.699160  60.534078  4.911  265.88  264.10  263.30
 249    35.435 57126.29016072 24.71  77.697299  60.531995   -100  268.36  267.17  266.13
 249    35.500 57126.29016131 19.65  77.701617  60.533540 18.532  268.36  267.17  266.13
 251    40.346 57146.12143567 50.73  77.698473  60.528814   -100 -100.00 -100.00 -100.00
 251    40.042 57146.12143626 51.55  77.702790  60.530359 22.947 -100.00 -100.00 -100.00
 252    41.732 57156.03706874 48.92  77.699567  60.528292 12.780  230.55  233.00  236.73
 252    41.643 57156.03706933 47.49  77.703884  60.529836 10.451  230.55  233.00  236.73
 253    42.189 57165.95271074 36.98  77.700880  60.528915 30.426 -100.00 -100.00 -100.00
 253    42.333 57165.95271133 43.15  77.705197  60.530459  0.333 -100.00 -100.00 -100.00
 254    43.349 57175.86836723 44.88  77.700140  60.529799   -100 -100.00 -100.00 -100.00
 254    43.316 57175.86836782 48.19  77.704457  60.531343   -100 -100.00 -100.00 -100.00
 256    43.323 57195.69966850 40.25  77.701727  60.528932 27.851  232.84  244.75  238.45
 256    43.465 57195.69966909 42.41  77.706044  60.530476   -100  232.84  244.75  238.45
 257    42.931 57205.61530359 36.66  77.702258  60.529172 26.700 -100.00 -100.00 -100.00
 257    42.990 57205.61530419 42.33  77.706575  60.530717   -100 -100.00 -100.00 -100.00
 258    42.410 57215.53094887 46.84  77.700712  60.529977   -100  243.67  251.67  249.90
 258    42.375 57215.53094946 48.68  77.705029  60.531521   -100  243.67  251.67  249.90
 259    40.930 57225.44659292 30.36  77.700009  60.530858 23.264  258.93  260.90  260.42
 259    39.674 57225.44659351 34.09  77.704326  60.532403   -100  258.93  260.90  260.42
 260    37.208 57235.36223492 39.45  77.699620  60.530759   -100 -100.00 -100.00 -100.00
 260    37.413 57235.36223551 34.85  77.703937  60.532304   -100 -100.00 -100.00 -100.00
 261    36.412 57245.27787357 43.33  77.700902  60.530176   -100  264.89  265.85  265.81
 261    36.429 57245.27787416 37.21  77.705219  60.531720 28.147  264.89  265.85  265.81
 262    40.860 57255.19350926 28.02  77.699540  60.528660 20.357 -100.00 -100.00 -100.00
 262    41.453 57255.19350985 22.48  77.703857  60.530205  6.964 -100.00 -100.00 -100.00
 263    41.101 57265.10914387 27.13  77.699128  60.528641 17.022 -100.00 -100.00 -100.00
 263    41.552 57265.10914446 23.44  77.703444  60.530185  7.645 -100.00 -100.00 -100.00
 264    36.138 57275.02478569 30.66  77.699077  60.529855 24.873 -100.00 -100.00 -100.00
 264    35.984 57275.02478628 28.97  77.703393  60.531400 23.956 -100.00 -100.00 -100.00
 266    35.740 57294.85609725 42.72  77.699242  60.532197   -100  248.44  248.19  250.31
 266    36.016 57294.85609784 42.07  77.703559  60.533741   -100  248.44  248.19  250.31
 267    42.245 57304.77174749 24.16  77.697346  60.530866 10.105 -100.00 -100.00 -100.00
 267    41.754 57304.77174808 22.63  77.701663  60.532411  8.226 -100.00 -100.00 -100.00
 268    37.231 57314.68739434 33.11  77.698463  60.530760 22.947 -100.00 -100.00 -100.00
 268    37.144 57314.68739493 34.73  77.702780  60.532305 29.244 -100.00 -100.00 -100.00
 270    37.033 57334.51867992 40.28  77.699914  60.531572   -100  253.27  250.95  247.88
 270    36.940 57334.51868051 42.34  77.704231  60.533116   -100  253.27  250.95  247.88
 271    38.123 57344.43431953 40.30  77.699066  60.530456 26.918  248.21  245.16  239.45
 271    37.790 57344.43432012 42.67  77.703383  60.532001   -100  248.21  245.16  239.45
 272    36.773 57354.34997343 34.46  77.697761  60.530044 28.756  255.25  253.59  247.34
 272    36.964 57354.34997402 35.22  77.702079  60.531588 29.317  255.25  253.59  247.34
 274    37.129 57374.18125781 26.20  77.698839  60.528207 10.833  251.21  247.48  237.22
 274    37.061 57374.18125840 27.39  77.703157  60.529752 12.545  251.21  247.48  237.22
 275    36.964 57384.09689647 21.99  77.699059  60.528228  7.469  252.66  248.79  236.62
 275    37.044 57384.09689706 23.08  77.703376  60.529772  9.296  252.66  248.79  236.62
 276    37.011 57394.01253456 19.68  77.698573  60.528108  5.594 -100.00 -100.00 -100.00
 276    36.953 57394.01253515 20.39  77.702891  60.529653  6.958 -100.00 -100.00 -100.00
 277    39.463 57403.92817214 18.25  77.701539  60.528820  4.846  249.97  243.08  224.27
 277    36.909 57403.92817273 18.55  77.705855  60.530365  5.354  249.97  243.08  224.27
 279    40.699 57423.75946939 16.96  77.699663  60.529103  4.311 -100.00 -100.00 -100.00
 279    40.536 57423.75946998 17.42  77.703979  60.530648  4.582 -100.00 -100.00 -100.00
 280    41.207 57433.67511821 17.56  77.699604  60.530755  4.728  251.90  242.14  218.34
 280    40.733 57433.67511880 17.32  77.703921  60.532299  4.627  251.90  242.14  218.34
 281    41.807 57443.59076486 16.48  77.696041  60.531530  4.580  256.65  249.11  229.55
 281    41.633 57443.59076545 16.68  77.700358  60.533075  4.301  256.65  249.11  229.55
 282    44.704 57453.50640991 15.50  77.686160  60.529165  3.388  238.23  224.97  199.08
 282    41.799 57453.50641109 15.99  77.694793  60.532255  3.755  238.23  224.97  199.08
 282    41.940 57453.50641168 16.33  77.699111  60.533800  4.009  238.23  224.97  199.08
 283    43.096 57463.42205539 13.49  77.693315  60.531430  3.445  241.83  229.32  205.47
 283    42.479 57463.42205598 13.59  77.697632  60.532975  3.428  241.83  229.32  205.47
 283    42.042 57463.42205657 13.32  77.701950  60.534519  3.514  241.83  229.32  205.47
 285    35.069 57483.25333399 18.85  77.701816  60.529778 21.783  268.03  266.36  265.15
 285    34.916 57483.25333458 21.99  77.706133  60.531323   -100  268.03  266.36  265.15
 286    36.099 57493.16896758 30.01  77.699381  60.527611   -100  267.73  266.21  264.72
 286    35.935 57493.16896817 32.84  77.703698  60.529156   -100  267.73  266.21  264.72
 287    40.295 57503.08460001 49.79  77.702778  60.528512   -100 -100.00 -100.00 -100.00
 287    40.078 57503.08460060 53.90  77.707095  60.530057   -100 -100.00 -100.00 -100.00
 288    41.150 57513.00025184 36.49  77.699849  60.528897 27.429  230.79  230.90  235.89
 288    41.024 57513.00025243 39.04  77.704166  60.530442   -100  230.79  230.90  235.89
 289    41.184 57522.91590664 33.63  77.699775  60.529245 21.370  232.12  231.83  236.21
 289    41.362 57522.91590724 34.19  77.704092  60.530789 23.338  232.12  231.83  236.21
 290    41.698 57532.83155898 42.51  77.699813  60.528360   -100 -100.00 -100.00 -100.00
 290    41.698 57532.83155957 39.92  77.704129  60.529904   -100 -100.00 -100.00 -100.00
 291    41.960 57542.74720812 48.92  77.699647  60.527659   -100  235.63  239.25  240.75
 291    41.678 57542.74720871 48.83  77.703964  60.529204 15.135  235.63  239.25  240.75
 292    41.473 57552.66285513 31.97  77.702533  60.529276 23.193  253.98  259.02  255.58
 292    41.558 57552.66285572 40.61  77.706850  60.530820   -100  253.98  259.02  255.58
 293    40.774 57562.57849988 32.73  77.698433  60.529330 19.901  263.15  266.25  264.25
 293    40.798 57562.57850047 38.53  77.702750  60.530874   -100  263.15  266.25  264.25
 294    41.164 57572.49414504 24.79  77.700342  60.531246 13.283  269.47  271.78  269.75
 294    40.229 57572.49414563 28.90  77.704659  60.532790 23.636  269.47  271.78  269.75
 295    38.186 57582.40978950 33.06  77.699142  60.530750 14.769 -100.00 -100.00 -100.00
 295    37.899 57582.40979009 34.49  77.703459  60.532295 19.633 -100.00 -100.00 -100.00
 296    38.012 57592.32543213 39.46  77.698831  60.529742   -100  276.74  277.96  275.92
 296    38.200 57592.32543272 41.79  77.703148  60.531287  6.233  276.74  277.96  275.92
 297    37.536 57602.24107224 30.03  77.698609  60.529249   -100  269.90  270.27  269.27
 297    40.070 57602.24107283 24.17  77.702926  60.530794 16.633  269.90  270.27  269.27
