#   44.700  -3.788   5.951 ;Mean Elev.(m), Avg Gradient(m/km), RMS Gradient(m/km) - SRTM1     
#   36.560  -4.732   6.841 ;Mean Elev.(m), Avg Gradient(m/km), RMS Gradient(m/km) - ASTER GDEM
#   41.707  -1.644   4.975 ;Mean Elev.(m), Avg Gradient(m/km), RMS Gradient(m/km) - GMTED2010 
   2    49.581 54673.14398078 27.58  80.153611  59.290069 19.591 -100.00 -100.00 -100.00
   2    49.307 54673.14398137 24.42  80.157603  59.291725 13.902 -100.00 -100.00 -100.00
   2    49.589 54673.14398196 28.18  80.161595  59.293382 20.652 -100.00 -100.00 -100.00
   3   -32.477 54683.05962404  5.11  80.150414  59.290708  2.408 -100.00 -100.00 -100.00
   3   -30.575 54683.05962463  5.05  80.154405  59.292365  2.090 -100.00 -100.00 -100.00
   3   -29.492 54683.05962522  5.01  80.158397  59.294022  2.022 -100.00 -100.00 -100.00
   4    43.899 54692.97526601 37.13  80.149112  59.290309   -100 -100.00 -100.00 -100.00
   4    44.234 54692.97526660 39.62  80.153103  59.291966   -100 -100.00 -100.00 -100.00
   4    44.060 54692.97526719 40.59  80.157095  59.293623   -100 -100.00 -100.00 -100.00
   5   -29.569 54702.89090603  3.18  80.153685  59.289938  2.677 -100.00 -100.00 -100.00
   5   -29.295 54702.89090662  3.10  80.157676  59.291595  2.849 -100.00 -100.00 -100.00
   5   -28.998 54702.89090721  2.83  80.161667  59.293252  2.543 -100.00 -100.00 -100.00
   6    49.656 54712.80655504 26.43  80.156198  59.288714 16.194 -100.00 -100.00 -100.00
   6    49.047 54712.80655563 26.33  80.160189  59.290370 14.166 -100.00 -100.00 -100.00
   6    49.425 54712.80655622 30.68  80.164181  59.292027 24.670 -100.00 -100.00 -100.00
   7   -20.414 54722.72220568  5.89  80.156067  59.287634  2.649 -100.00 -100.00 -100.00
   7   -19.863 54722.72220627  5.38  80.160058  59.289290  2.636 -100.00 -100.00 -100.00
   7   -19.783 54722.72220686  5.05  80.164049  59.290947  1.937 -100.00 -100.00 -100.00
   8    49.516 54732.63785436 22.00  80.156787  59.288909 11.133 -100.00 -100.00 -100.00
   8    49.398 54732.63785495 22.19  80.160778  59.290565  8.730 -100.00 -100.00 -100.00
   8    49.599 54732.63785554 28.40  80.164770  59.292222 21.413 -100.00 -100.00 -100.00
   9    44.572 54742.55350133 34.22  80.154479  59.290495 20.690 -100.00 -100.00 -100.00
   9    44.814 54742.55350192 34.79  80.158470  59.292152 20.794 -100.00 -100.00 -100.00
   9    44.656 54742.55350251 40.01  80.162463  59.293808 32.547 -100.00 -100.00 -100.00
  10    49.398 54752.46914759 30.71  80.149349  59.289824 20.266 -100.00 -100.00 -100.00
  10    49.168 54752.46914818 31.38  80.153341  59.291480 24.544 -100.00 -100.00 -100.00
  10    44.231 54752.46914877 32.45  80.157333  59.293137 31.428 -100.00 -100.00 -100.00
  11    49.514 54762.38479450 30.41  80.152544  59.290647 15.417 -100.00 -100.00 -100.00
  11    48.587 54762.38479509 28.85  80.156536  59.292303 16.237 -100.00 -100.00 -100.00
  11    44.128 54762.38479568 30.27  80.160528  59.293960 18.183 -100.00 -100.00 -100.00
  12    50.092 54772.30043836 22.03  80.153548  59.288738  7.674 -100.00 -100.00 -100.00
  12    48.863 54772.30043895 26.76  80.157540  59.290395 18.599 -100.00 -100.00 -100.00
  12    48.928 54772.30043954 31.29  80.161532  59.292051   -100 -100.00 -100.00 -100.00
  13    44.676 54782.21607974 41.95  80.157533  59.288512 25.241 -100.00 -100.00 -100.00
  13    44.584 54782.21608033 46.06  80.161526  59.290168   -100 -100.00 -100.00 -100.00
  13    44.152 54782.21608092 50.35  80.165518  59.291825   -100 -100.00 -100.00 -100.00
  14    45.991 54792.13171840 41.08  80.159250  59.288716   -100 -100.00 -100.00 -100.00
  14    46.037 54792.13171899 42.57  80.163242  59.290373   -100 -100.00 -100.00 -100.00
  14    46.099 54792.13171958 36.52  80.167235  59.292029 29.814 -100.00 -100.00 -100.00
  15    92.288 54802.04735559 14.16  80.157628  59.289058  8.628 -100.00 -100.00 -100.00
  15    92.064 54802.04735618  3.22  80.161620  59.290715  8.250 -100.00 -100.00 -100.00
  16    91.799 54811.96299265 12.96  80.156612  59.289263 13.475 -100.00 -100.00 -100.00
  16   112.102 54811.96299324  1.33  80.160604  59.290919  4.407 -100.00 -100.00 -100.00
  18    49.658 54831.79428600 22.55  80.154751  59.288856 10.317 -100.00 -100.00 -100.00
  18    49.293 54831.79428659 22.46  80.158742  59.290513 10.656 -100.00 -100.00 -100.00
  18    45.163 54831.79428718 22.44  80.162734  59.292170  9.792 -100.00 -100.00 -100.00
  19    47.642 54841.70992467 18.57  80.154151  59.289922  6.316 -100.00 -100.00 -100.00
  19    46.269 54841.70992526 18.76  80.158143  59.291579  6.334 -100.00 -100.00 -100.00
  19    48.347 54841.70992585 18.70  80.162135  59.293236  5.045 -100.00 -100.00 -100.00
  20    47.158 54851.62557349 18.27  80.150719  59.291249  4.922 -100.00 -100.00 -100.00
  20    47.327 54851.62557408 18.72  80.154711  59.292906  4.400 -100.00 -100.00 -100.00
  21    47.273 54861.54122172 17.60  80.145138  59.291836  5.104 -100.00 -100.00 -100.00
  21    47.176 54861.54122231 18.79  80.149130  59.293493  6.877 -100.00 -100.00 -100.00
  21    45.999 54861.54122290 19.65  80.153122  59.295150  7.427 -100.00 -100.00 -100.00
  22    48.145 54871.45687073 15.78  80.145856  59.293417  3.693 -100.00 -100.00 -100.00
  22    48.547 54871.45687132 16.19  80.149849  59.295074  3.680 -100.00 -100.00 -100.00
  23    48.626 54881.37251749 14.56  80.145217  59.291370  4.738 -100.00 -100.00 -100.00
  23    48.699 54881.37251808 14.72  80.149209  59.293027  4.019 -100.00 -100.00 -100.00
  23    48.584 54881.37251867 15.17  80.153201  59.294684  3.697 -100.00 -100.00 -100.00
  24    49.448 54891.28816162 14.45  80.150766  59.290007  4.748 -100.00 -100.00 -100.00
  24    48.132 54891.28816221 14.99  80.154759  59.291664  4.401 -100.00 -100.00 -100.00
  24    49.113 54891.28816280 14.66  80.158751  59.293321  4.395 -100.00 -100.00 -100.00
  25    48.404 54901.20380295 15.62  80.156468  59.289871  6.404 -100.00 -100.00 -100.00
  25    49.481 54901.20380354 15.44  80.160461  59.291527  4.479 -100.00 -100.00 -100.00
  25    49.080 54901.20380413 15.45  80.164454  59.293184  4.174 -100.00 -100.00 -100.00
  26    49.749 54911.11944173 14.82  80.154763  59.289741  6.302 -100.00 -100.00 -100.00
  26    49.216 54911.11944232 14.95  80.158755  59.291398  5.418 -100.00 -100.00 -100.00
  26    49.506 54911.11944291 14.55  80.162748  59.293054  3.756 -100.00 -100.00 -100.00
  27    44.100 54921.03507904 16.13  80.150139  59.289786 14.426 -100.00 -100.00 -100.00
  27    43.904 54921.03507963 16.56  80.154131  59.291442 16.011 -100.00 -100.00 -100.00
  27    43.569 54921.03508022 18.21  80.158124  59.293099 18.404 -100.00 -100.00 -100.00
  28    48.755 54930.95071615 21.48  80.149848  59.289995 10.318 -100.00 -100.00 -100.00
  28    49.368 54930.95071674 21.37  80.153840  59.291652  9.968 -100.00 -100.00 -100.00
  28    49.479 54930.95071733 21.25  80.157832  59.293309  7.437 -100.00 -100.00 -100.00
  29    46.467 54940.86635241 38.19  80.155877  59.289659   -100 -100.00 -100.00 -100.00
  29    46.739 54940.86635300 34.59  80.159869  59.291316   -100 -100.00 -100.00 -100.00
  29    46.900 54940.86635359 38.73  80.163861  59.292973   -100 -100.00 -100.00 -100.00
  30    84.314 54950.78198672 15.75  80.161007  59.287636  7.687 -100.00 -100.00 -100.00
  30    84.217 54950.78198731 14.02  80.164998  59.289293  6.637 -100.00 -100.00 -100.00
  30    83.638 54950.78198790 12.66  80.168990  59.290949  4.984 -100.00 -100.00 -100.00
  31    84.329 54960.69762661 20.63  80.160788  59.285530 10.525 -100.00 -100.00 -100.00
  31    84.555 54960.69762720 17.52  80.164779  59.287187  7.705 -100.00 -100.00 -100.00
  31    84.007 54960.69762780 15.93  80.168770  59.288843  6.169 -100.00 -100.00 -100.00
  32    84.827 54970.61327539 16.48  80.160087  59.287156  8.491 -100.00 -100.00 -100.00
  32    84.277 54970.61327598 15.29  80.164078  59.288812  7.892 -100.00 -100.00 -100.00
  32    83.715 54970.61327657 13.09  80.168070  59.290469  5.825 -100.00 -100.00 -100.00
  33    50.009 54980.52892293 29.75  80.157449  59.288933 13.779 -100.00 -100.00 -100.00
  33    49.913 54980.52892352 32.02  80.161440  59.290590 20.815 -100.00 -100.00 -100.00
  33    49.890 54980.52892411 38.07  80.165432  59.292246   -100 -100.00 -100.00 -100.00
  34    50.224 54990.44456971 42.74  80.151853  59.288863 26.446 -100.00 -100.00 -100.00
  34    50.167 54990.44457030 45.33  80.155844  59.290519 28.274 -100.00 -100.00 -100.00
  34    49.766 54990.44457089 50.16  80.159836  59.292176   -100 -100.00 -100.00 -100.00
  35    49.666 55000.36021694 43.11  80.151993  59.289476   -100 -100.00 -100.00 -100.00
  35    49.553 55000.36021753 40.59  80.155984  59.291133 30.084 -100.00 -100.00 -100.00
  35    49.847 55000.36021812 41.83  80.159976  59.292789 30.543 -100.00 -100.00 -100.00
  36    49.507 55010.27586252 33.08  80.153662  59.290221 24.669 -100.00 -100.00 -100.00
  36    49.980 55010.27586311 24.32  80.157653  59.291878  6.382 -100.00 -100.00 -100.00
  36    49.819 55010.27586370 26.49  80.161646  59.293535  9.471 -100.00 -100.00 -100.00
  37    48.951 55020.19150602 43.24  80.152460  59.289635 24.357 -100.00 -100.00 -100.00
  37    48.685 55020.19150661 42.04  80.156452  59.291291   -100 -100.00 -100.00 -100.00
  37    48.886 55020.19150720 35.65  80.160444  59.292948 12.078 -100.00 -100.00 -100.00
  38    50.145 55030.10714818 27.30  80.149384  59.289704  9.891 -100.00 -100.00 -100.00
  38    49.636 55030.10714877 29.71  80.153376  59.291361 15.574 -100.00 -100.00 -100.00
  38    49.683 55030.10714936 26.57  80.157368  59.293017  9.265 -100.00 -100.00 -100.00
  39    50.099 55040.02279017 25.16  80.149752  59.291423 17.387 -100.00 -100.00 -100.00
  39    49.594 55040.02279076 26.73  80.153744  59.293079 19.823 -100.00 -100.00 -100.00
  40    45.745 55049.93843021 37.05  80.147963  59.290600 23.884 -100.00 -100.00 -100.00
  40    46.196 55049.93843080 43.24  80.151954  59.292257 28.434 -100.00 -100.00 -100.00
  40    45.958 55049.93843139 53.04  80.155946  59.293914   -100 -100.00 -100.00 -100.00
  41    45.522 55059.85406881 39.22  80.153348  59.290060 24.795 -100.00 -100.00 -100.00
  41    45.760 55059.85406940 50.37  80.157340  59.291717   -100 -100.00 -100.00 -100.00
  41    45.484 55059.85406999 52.18  80.161331  59.293374  0.232 -100.00 -100.00 -100.00
  42    45.148 55069.76970928 37.09  80.157529  59.288184 28.782 -100.00 -100.00 -100.00
  42    45.742 55069.76970987 48.48  80.161520  59.289840   -100 -100.00 -100.00 -100.00
  42    45.560 55069.76971046 53.41  80.165511  59.291497   -100 -100.00 -100.00 -100.00
  43    50.063 55079.68535866 31.94  80.158591  59.287173 28.423 -100.00 -100.00 -100.00
  43    44.332 55079.68535925 29.41  80.162582  59.288829 23.453 -100.00 -100.00 -100.00
  43    49.594 55079.68535984 27.88  80.166573  59.290486 15.285 -100.00 -100.00 -100.00
  44    44.750 55089.60100635 34.01  80.158234  59.288428   -100 -100.00 -100.00 -100.00
  44    49.528 55089.60100694 25.51  80.162226  59.290085 12.972 -100.00 -100.00 -100.00
  44    49.749 55089.60100753 27.66  80.166218  59.291741 16.240 -100.00 -100.00 -100.00
  45    49.481 55099.51665226 32.26  80.151530  59.288809 17.034 -100.00 -100.00 -100.00
  45    43.907 55099.51665285 34.28  80.155521  59.290466   -100 -100.00 -100.00 -100.00
  45    44.183 55099.51665344 31.31  80.159513  59.292122 30.305 -100.00 -100.00 -100.00
  45    49.465 55099.51665403 25.96  80.163505  59.293778 14.316 -100.00 -100.00 -100.00
  46    49.430 55109.43229818 28.39  80.149055  59.290052 22.210 -100.00 -100.00 -100.00
  46    49.405 55109.43229877 28.88  80.153047  59.291709 18.024 -100.00 -100.00 -100.00
  46    49.158 55109.43229936 27.57  80.157039  59.293365 15.783 -100.00 -100.00 -100.00
  47    49.854 55119.34794324 28.11  80.152949  59.290736 15.093 -100.00 -100.00 -100.00
  47    49.052 55119.34794383 29.76  80.156941  59.292393 31.372 -100.00 -100.00 -100.00
  47    49.263 55119.34794442 28.80  80.160933  59.294049 25.453 -100.00 -100.00 -100.00
  48    49.531 55129.26358556 31.62  80.157374  59.289429 14.448 -100.00 -100.00 -100.00
  48    44.467 55129.26358615 36.98  80.161367  59.291086 27.967 -100.00 -100.00 -100.00
  48    49.160 55129.26358674 36.96  80.165359  59.292742 21.491 -100.00 -100.00 -100.00
  49    46.473 55139.17922553 39.99  80.159431  59.287846 22.072 -100.00 -100.00 -100.00
  49    45.817 55139.17922612 47.51  80.163423  59.289502   -100 -100.00 -100.00 -100.00
  49    45.748 55139.17922671 50.23  80.167416  59.291159  4.150 -100.00 -100.00 -100.00
  50    46.023 55149.09486432 37.71  80.160171  59.288485   -100 -100.00 -100.00 -100.00
  50    45.967 55149.09486491 38.91  80.164163  59.290142   -100 -100.00 -100.00 -100.00
  51    46.064 55159.01050191 31.89  80.154376  59.288152 18.542 -100.00 -100.00 -100.00
  51    46.003 55159.01050250 34.99  80.158368  59.289809 27.565 -100.00 -100.00 -100.00
  51    46.206 55159.01050309 37.10  80.162360  59.291466 27.473 -100.00 -100.00 -100.00
  52   111.022 55168.92614007  0.70  80.155334  59.290001  2.358 -100.00 -100.00 -100.00
  52   111.671 55168.92614066  0.96  80.159325  59.291658  2.637 -100.00 -100.00 -100.00
  52   112.251 55168.92614125  0.94  80.163318  59.293314  2.416 -100.00 -100.00 -100.00
  53   107.684 55178.84177653  0.72  80.153036  59.288620  2.364 -100.00 -100.00 -100.00
  53   110.096 55178.84177712  0.42  80.157027  59.290277  2.501 -100.00 -100.00 -100.00
  53   110.947 55178.84177771  0.27  80.161019  59.291934  2.288 -100.00 -100.00 -100.00
  54    49.198 55188.75742217 18.31  80.153380  59.288152  6.032 -100.00 -100.00 -100.00
  54    48.758 55188.75742276 18.30  80.157371  59.289809  6.114 -100.00 -100.00 -100.00
  54    48.840 55188.75742335 18.61  80.161363  59.291466  5.223 -100.00 -100.00 -100.00
  55    49.072 55198.67307298 15.41  80.153686  59.289448  4.098 -100.00 -100.00 -100.00
  55    48.346 55198.67307357 16.02  80.157678  59.291105  4.776 -100.00 -100.00 -100.00
  55    48.478 55198.67307416 16.28  80.161670  59.292762  4.372 -100.00 -100.00 -100.00
  56    48.621 55208.58872272 15.06  80.151279  59.290712  8.265 -100.00 -100.00 -100.00
  56    48.639 55208.58872331 14.60  80.155271  59.292369  6.700 -100.00 -100.00 -100.00
  56    48.650 55208.58872390 15.07  80.159263  59.294026  5.334 -100.00 -100.00 -100.00
  57    48.630 55218.50437185 14.06  80.147939  59.291493  4.981 -100.00 -100.00 -100.00
  57    48.375 55218.50437244 14.65  80.151931  59.293150  4.460 -100.00 -100.00 -100.00
  58    48.587 55228.42002031 13.15  80.146649  59.291399  5.485 -100.00 -100.00 -100.00
  58    48.553 55228.42002090 12.83  80.150641  59.293056  4.521 -100.00 -100.00 -100.00
  58    48.475 55228.42002149 13.16  80.154633  59.294713  4.007 -100.00 -100.00 -100.00
  59    49.792 55238.33566611 13.26  80.150050  59.291106  4.713 -100.00 -100.00 -100.00
  59    49.454 55238.33566671 12.85  80.154042  59.292763  4.231 -100.00 -100.00 -100.00
  60    49.281 55248.25130821 13.58  80.153717  59.289652  7.762 -100.00 -100.00 -100.00
  60    47.153 55248.25130880 13.22  80.157710  59.291309  5.117 -100.00 -100.00 -100.00
  60    48.777 55248.25130939 13.24  80.161703  59.292965  4.851 -100.00 -100.00 -100.00
  61    48.374 55258.16694787 12.33  80.156679  59.289112 11.516 -100.00 -100.00 -100.00
  61    49.543 55258.16694846 12.73  80.160671  59.290769  7.709 -100.00 -100.00 -100.00
  61    49.258 55258.16694905 13.07  80.164664  59.292425  6.208 -100.00 -100.00 -100.00
  62    48.370 55268.08258640 11.85  80.156056  59.289102  7.934 -100.00 -100.00 -100.00
  62    48.441 55268.08258699 12.54  80.160048  59.290759  6.020 -100.00 -100.00 -100.00
  62    48.211 55268.08258758 12.53  80.164041  59.292415  6.021 -100.00 -100.00 -100.00
  63    47.329 55277.99822412 12.16  80.151890  59.288876  7.388 -100.00 -100.00 -100.00
  63    48.346 55277.99822471 12.22  80.155882  59.290533  5.159 -100.00 -100.00 -100.00
  63    48.545 55277.99822530 12.19  80.159874  59.292189  4.507 -100.00 -100.00 -100.00
  64    48.948 55287.91386094  9.60  80.151401  59.288758  7.731 -100.00 -100.00 -100.00
  64    49.875 55287.91386153 10.01  80.155392  59.290415  6.935 -100.00 -100.00 -100.00
  64    50.026 55287.91386212  9.50  80.159384  59.292071  6.542 -100.00 -100.00 -100.00
  64    50.333 55287.91386271  9.03  80.163376  59.293728  4.252 -100.00 -100.00 -100.00
  65    49.609 55297.82949576  9.23  80.155587  59.288288  7.487 -100.00 -100.00 -100.00
  65    49.862 55297.82949635  9.50  80.159579  59.289944  7.860 -100.00 -100.00 -100.00
  65    49.862 55297.82949694  9.18  80.163571  59.291601  5.150 -100.00 -100.00 -100.00
  66    44.190 55307.74513802 29.92  80.159489  59.287432 24.258 -100.00 -100.00 -100.00
  66    49.494 55307.74513861 27.80  80.163481  59.289088 15.906 -100.00 -100.00 -100.00
  66    51.038 55307.74513920 27.47  80.167472  59.290745 12.080 -100.00 -100.00 -100.00
  67    83.829 55317.66078429 18.40  80.159883  59.286934 11.274 -100.00 -100.00 -100.00
  67    83.597 55317.66078488 15.20  80.163874  59.288591  5.554 -100.00 -100.00 -100.00
  67    83.683 55317.66078547 12.55  80.167866  59.290247  4.457 -100.00 -100.00 -100.00
  68    50.379 55327.57642954 28.76  80.158306  59.287625 21.333 -100.00 -100.00 -100.00
  68    50.010 55327.57643013 27.39  80.162297  59.289282 15.531 -100.00 -100.00 -100.00
  68    50.117 55327.57643072 30.31  80.166289  59.290938 17.070 -100.00 -100.00 -100.00
  69    50.379 55337.49207403 28.75  80.155376  59.288987 14.898 -100.00 -100.00 -100.00
  69    50.092 55337.49207462 27.11  80.159367  59.290644 10.667 -100.00 -100.00 -100.00
  69    50.212 55337.49207521 31.18  80.163359  59.292300 20.139 -100.00 -100.00 -100.00
  70    50.310 55347.40771779 32.60  80.150983  59.289170 20.135 -100.00 -100.00 -100.00
  70    50.304 55347.40771838 30.92  80.154975  59.290827 16.738 -100.00 -100.00 -100.00
  70    50.920 55347.40771897 33.77  80.158967  59.292483 19.315 -100.00 -100.00 -100.00
  71    50.901 55357.32336074 39.94  80.153372  59.290685   -100 -100.00 -100.00 -100.00
  71    50.966 55357.32336133 35.59  80.157364  59.292342 25.946 -100.00 -100.00 -100.00
  71    51.097 55357.32336192 41.49  80.161356  59.293999   -100 -100.00 -100.00 -100.00
  72    50.494 55367.23900117 32.79  80.153574  59.290447 23.273 -100.00 -100.00 -100.00
  72    50.915 55367.23900176 30.50  80.157566  59.292104 12.437 -100.00 -100.00 -100.00
  72    51.414 55367.23900235 39.32  80.161558  59.293760   -100 -100.00 -100.00 -100.00
  73    50.571 55377.15463993 38.11  80.152882  59.289590   -100 -100.00 -100.00 -100.00
  73    50.841 55377.15464052 31.10  80.156873  59.291246 12.108 -100.00 -100.00 -100.00
  73    50.859 55377.15464111 35.14  80.160865  59.292903 23.891 -100.00 -100.00 -100.00
  74    50.148 55387.07027772 42.98  80.151578  59.288861   -100 -100.00 -100.00 -100.00
  74    50.464 55387.07027831 37.60  80.155569  59.290518 26.017 -100.00 -100.00 -100.00
  74    50.397 55387.07027890 35.79  80.159561  59.292175 21.279 -100.00 -100.00 -100.00
  74    50.478 55387.07027949 43.33  80.163553  59.293831   -100 -100.00 -100.00 -100.00
  75    50.132 55396.98591534 26.12  80.155674  59.290266 12.200 -100.00 -100.00 -100.00
  75    50.025 55396.98591593 27.37  80.159666  59.291923 14.482 -100.00 -100.00 -100.00
  75    50.473 55396.98591652 30.92  80.163657  59.293579 21.181 -100.00 -100.00 -100.00
  76    50.062 55406.90155777 23.52  80.155672  59.289485 10.374 -100.00 -100.00 -100.00
  76    49.806 55406.90155836 23.03  80.159664  59.291142  8.835 -100.00 -100.00 -100.00
  76    50.472 55406.90155895 28.19  80.163655  59.292798 14.653 -100.00 -100.00 -100.00
  77    50.449 55416.81720853 27.45  80.154238  59.288345 20.122 -100.00 -100.00 -100.00
  77    50.145 55416.81720912 21.01  80.158229  59.290001  7.685 -100.00 -100.00 -100.00
  77    50.008 55416.81720971 24.25  80.162221  59.291658 11.335 -100.00 -100.00 -100.00
  78    50.573 55426.73285615 24.55  80.155071  59.287432 13.099 -100.00 -100.00 -100.00
  78    49.882 55426.73285674 23.74  80.159062  59.289089 11.989 -100.00 -100.00 -100.00
  78    50.270 55426.73285733 24.19  80.163053  59.290745 12.387 -100.00 -100.00 -100.00
  79    50.335 55436.64850147 26.03  80.157212  59.287845 13.252 -100.00 -100.00 -100.00
  79    50.161 55436.64850206 23.19  80.161203  59.289501  8.101 -100.00 -100.00 -100.00
  79    49.789 55436.64850265 28.49  80.165195  59.291158 18.591 -100.00 -100.00 -100.00
  80    50.160 55446.56414527 29.72  80.155962  59.288298 14.930 -100.00 -100.00 -100.00
  80    44.618 55446.56414586 33.34  80.159954  59.289954 24.534 -100.00 -100.00 -100.00
  80    44.711 55446.56414645 34.80  80.163946  59.291610 26.230 -100.00 -100.00 -100.00
  81    49.649 55456.47978880 24.78  80.155372  59.289632 15.833 -100.00 -100.00 -100.00
  81    49.749 55456.47978939 22.23  80.159364  59.291288  8.192 -100.00 -100.00 -100.00
  81    50.233 55456.47978998 24.96  80.163356  59.292945 12.612 -100.00 -100.00 -100.00
  82    44.256 55466.39543160 38.06  80.155148  59.290298   -100 -100.00 -100.00 -100.00
  82    44.051 55466.39543219 37.88  80.159140  59.291955   -100 -100.00 -100.00 -100.00
  82    44.413 55466.39543278 39.49  80.163132  59.293611   -100 -100.00 -100.00 -100.00
  83    50.020 55476.31107109 24.51  80.155841  59.289148 11.053 -100.00 -100.00 -100.00
  83    49.563 55476.31107168 25.31  80.159833  59.290804 11.928 -100.00 -100.00 -100.00
  83    49.909 55476.31107227 29.52  80.163825  59.292461 20.480 -100.00 -100.00 -100.00
  84    49.904 55486.22670762 27.23  80.159142  59.287914 10.488 -100.00 -100.00 -100.00
  84    49.694 55486.22670821 26.49  80.163134  59.289571 10.015 -100.00 -100.00 -100.00
  84    49.704 55486.22670880 35.00  80.167126  59.291227   -100 -100.00 -100.00 -100.00
  85    49.920 55496.14234189 20.19  80.161737  59.287060  5.597 -100.00 -100.00 -100.00
  85    49.645 55496.14234248 23.26  80.165729  59.288717  9.794 -100.00 -100.00 -100.00
  85    49.850 55496.14234307 30.23  80.169721  59.290373 21.619 -100.00 -100.00 -100.00
  86    50.136 55506.05797706 25.60  80.161723  59.287476 16.599 -100.00 -100.00 -100.00
  86    49.763 55506.05797765 23.17  80.165715  59.289133  9.158 -100.00 -100.00 -100.00
  87    50.200 55515.97362739 27.94  80.158185  59.289108  8.696 -100.00 -100.00 -100.00
  87    49.692 55515.97362798 30.60  80.162177  59.290765 11.867 -100.00 -100.00 -100.00
  87    49.788 55515.97362857 29.21  80.166169  59.292422  9.801 -100.00 -100.00 -100.00
  88    44.527 55525.88927638 37.55  80.152595  59.289104 27.548 -100.00 -100.00 -100.00
  88    44.368 55525.88927697 37.91  80.156587  59.290761   -100 -100.00 -100.00 -100.00
  88    44.007 55525.88927756 38.88  80.160579  59.292418   -100 -100.00 -100.00 -100.00
  89    44.953 55535.80492371 23.28  80.150427  59.289290  9.649 -100.00 -100.00 -100.00
  89    45.186 55535.80492430 23.66  80.154419  59.290947 10.298 -100.00 -100.00 -100.00
  89    45.758 55535.80492489 22.97  80.158411  59.292604  8.245 -100.00 -100.00 -100.00
  89    44.975 55535.80492548 24.43  80.162403  59.294260 10.944 -100.00 -100.00 -100.00
  90    49.535 55545.72056957 19.39  80.152980  59.290740  5.570 -100.00 -100.00 -100.00
  90    46.040 55545.72057017 19.87  80.156972  59.292396  6.870 -100.00 -100.00 -100.00
  90    49.184 55545.72057076 19.72  80.160964  59.294053  6.253 -100.00 -100.00 -100.00
  91    49.545 55555.63621298 19.27  80.150607  59.290487  6.036 -100.00 -100.00 -100.00
  91    49.462 55555.63621357 19.61  80.154599  59.292144  6.168 -100.00 -100.00 -100.00
  91    49.330 55555.63621416 18.81  80.158591  59.293801  5.048 -100.00 -100.00 -100.00
  92    47.442 55565.55185550 16.92  80.147723  59.290115  5.758 -100.00 -100.00 -100.00
  92    49.263 55565.55185609 17.67  80.151714  59.291772  6.394 -100.00 -100.00 -100.00
  92    49.307 55565.55185668 16.82  80.155706  59.293429  4.404 -100.00 -100.00 -100.00
  93    49.165 55575.46749812 16.70  80.150752  59.290805  5.790 -100.00 -100.00 -100.00
  93    49.450 55575.46749871 17.05  80.154743  59.292462  6.483 -100.00 -100.00 -100.00
  93    49.306 55575.46749930 16.65  80.158736  59.294119  5.065 -100.00 -100.00 -100.00
  94    46.136 55585.38313859 17.14  80.152047  59.289140  8.592 -100.00 -100.00 -100.00
  94    46.053 55585.38313918 16.31  80.156039  59.290797  4.814 -100.00 -100.00 -100.00
  94    48.960 55585.38313977 16.29  80.160031  59.292453  4.328 -100.00 -100.00 -100.00
  95    50.096 55595.29877627 16.04  80.157606  59.288507  6.981 -100.00 -100.00 -100.00
  95    49.821 55595.29877686 15.77  80.161598  59.290164  6.174 -100.00 -100.00 -100.00
  95    49.568 55595.29877745 16.11  80.165590  59.291821  5.510 -100.00 -100.00 -100.00
  96    49.731 55605.21441050 15.02  80.161171  59.287876  7.348 -100.00 -100.00 -100.00
  96    47.524 55605.21441110 14.64  80.165163  59.289533  5.700 -100.00 -100.00 -100.00
  97    50.180 55615.13004196 13.43  80.159680  59.286363 21.511 -100.00 -100.00 -100.00
  97    49.940 55615.13004255 13.87  80.163672  59.288020 16.186 -100.00 -100.00 -100.00
  97    49.474 55615.13004314 14.62  80.167664  59.289676  8.108 -100.00 -100.00 -100.00
  98    50.195 55625.04568188 13.90  80.158214  59.286591 11.813 -100.00 -100.00 -100.00
  98    49.937 55625.04568247 14.23  80.162205  59.288248  7.401 -100.00 -100.00 -100.00
  98    49.504 55625.04568306 14.23  80.166197  59.289905  6.269 -100.00 -100.00 -100.00
  99    47.897 55634.96133438 13.50  80.158777  59.288548  7.301 -100.00 -100.00 -100.00
  99    47.882 55634.96133497 13.58  80.162768  59.290204  5.447 -100.00 -100.00 -100.00
  99    48.368 55634.96133556 13.63  80.166761  59.291861  5.592 -100.00 -100.00 -100.00
 100    49.969 55644.87698405 10.57  80.156256  59.287940 12.364 -100.00 -100.00 -100.00
 100    49.425 55644.87698464 12.68  80.160248  59.289597 16.713 -100.00 -100.00 -100.00
 100    46.464 55644.87698523 13.43  80.164240  59.291253 13.048 -100.00 -100.00 -100.00
 101    85.143 55654.79263135  0.66  80.157356  59.287932  4.983 -100.00 -100.00 -100.00
 101    82.050 55654.79263194  2.92  80.161347  59.289589  6.992 -100.00 -100.00 -100.00
 101    82.464 55654.79263253  1.34  80.165339  59.291245  6.188 -100.00 -100.00 -100.00
 102    49.624 55664.70827408 29.95  80.158061  59.287603 19.631 -100.00 -100.00 -100.00
 102    50.077 55664.70827467 30.56  80.162052  59.289260 19.206 -100.00 -100.00 -100.00
 102    50.231 55664.70827526 33.34  80.166044  59.290916 24.705 -100.00 -100.00 -100.00
 103    84.563 55674.62391386 16.69  80.157376  59.287624  6.735 -100.00 -100.00 -100.00
 103    83.813 55674.62391445 15.36  80.161367  59.289281  5.124 -100.00 -100.00 -100.00
 103    83.482 55674.62391504 14.48  80.165359  59.290937  4.942 -100.00 -100.00 -100.00
 104    50.264 55684.53955238 26.83  80.157783  59.288840 13.148 -100.00 -100.00 -100.00
 104    50.115 55684.53955297 27.65  80.161775  59.290497 14.988 -100.00 -100.00 -100.00
 104    50.399 55684.53955356 27.66  80.165767  59.292153 13.636 -100.00 -100.00 -100.00
 105    49.624 55694.45518935 36.59  80.155938  59.288774   -100 -100.00 -100.00 -100.00
 105    49.955 55694.45518994 31.07  80.159929  59.290430 24.104 -100.00 -100.00 -100.00
 105    50.166 55694.45519053 36.94  80.163921  59.292087   -100 -100.00 -100.00 -100.00
 106    82.508 55704.37082500 14.31  80.155243  59.288156 16.020 -100.00 -100.00 -100.00
 106    84.337 55704.37082559  9.65  80.159234  59.289813  7.131 -100.00 -100.00 -100.00
 106    83.596 55704.37082618  8.15  80.163226  59.291469  5.506 -100.00 -100.00 -100.00
 107    50.350 55714.28647164 28.33  80.155998  59.288810 14.787 -100.00 -100.00 -100.00
 107    49.822 55714.28647223 28.03  80.159989  59.290467 13.386 -100.00 -100.00 -100.00
 107    49.708 55714.28647282 39.58  80.163981  59.292124   -100 -100.00 -100.00 -100.00
 108    50.200 55724.20212090 23.68  80.155767  59.290000 10.403 -100.00 -100.00 -100.00
 108    49.902 55724.20212149 23.60  80.159759  59.291657  9.548 -100.00 -100.00 -100.00
 108    50.065 55724.20212208 29.10  80.163751  59.293314 18.690 -100.00 -100.00 -100.00
 109    49.584 55734.11776773 36.27  80.152452  59.290253   -100 -100.00 -100.00 -100.00
 109    49.315 55734.11776832 31.71  80.156444  59.291910 19.411 -100.00 -100.00 -100.00
 109    47.486 55734.11776891 38.56  80.160436  59.293567   -100 -100.00 -100.00 -100.00
 110    50.165 55744.03341350 25.81  80.151371  59.290967 16.157 -100.00 -100.00 -100.00
 110    49.756 55744.03341409 24.51  80.155362  59.292624 14.781 -100.00 -100.00 -100.00
 111    49.796 55753.94905770 29.29  80.151363  59.290563 25.335 -100.00 -100.00 -100.00
 111    49.426 55753.94905829 29.74  80.155355  59.292220 30.695 -100.00 -100.00 -100.00
 111    49.696 55753.94905888 26.19  80.159347  59.293876 17.883 -100.00 -100.00 -100.00
 112    50.510 55763.86469979 25.73  80.154754  59.289380 14.720 -100.00 -100.00 -100.00
 112    50.145 55763.86470039 22.87  80.158746  59.291036  9.434 -100.00 -100.00 -100.00
 112    49.804 55763.86470098 28.64  80.162737  59.292693 20.069 -100.00 -100.00 -100.00
 113    45.444 55773.78033916 30.47  80.158903  59.288113 21.906 -100.00 -100.00 -100.00
 113    45.783 55773.78033975 31.66  80.162894  59.289770 20.131 -100.00 -100.00 -100.00
 113    45.835 55773.78034034 33.93  80.166886  59.291426 18.953 -100.00 -100.00 -100.00
 114    82.588 55783.69597521 16.33  80.161927  59.287624 16.875 -100.00 -100.00 -100.00
 114    84.295 55783.69597580 11.61  80.165918  59.289280  7.161 -100.00 -100.00 -100.00
 115    44.489 55793.61160857 41.38  80.160602  59.287376   -100 -100.00 -100.00 -100.00
 115    44.612 55793.61160916 33.27  80.164593  59.289033 24.422 -100.00 -100.00 -100.00
 115    49.355 55793.61160975 37.13  80.168585  59.290689   -100 -100.00 -100.00 -100.00
 116    82.556 55803.52724471 17.52  80.160184  59.288114 15.235 -100.00 -100.00 -100.00
 116    84.147 55803.52724530 13.40  80.164176  59.289771  8.500 -100.00 -100.00 -100.00
 116    83.428 55803.52724589 11.56  80.168167  59.291427  6.763 -100.00 -100.00 -100.00
 117    50.018 55813.44289426 31.51  80.156708  59.288012 29.225 -100.00 -100.00 -100.00
 117    44.740 55813.44289485 33.88  80.160700  59.289669   -100 -100.00 -100.00 -100.00
 117    45.377 55813.44289544 37.31  80.164691  59.291325 27.629 -100.00 -100.00 -100.00
 118    45.040 55823.35854218 38.51  80.156874  59.287308 27.992 -100.00 -100.00 -100.00
 118    44.771 55823.35854277 37.74  80.160865  59.288964   -100 -100.00 -100.00 -100.00
 118    45.134 55823.35854336 36.63  80.164857  59.290621 28.627 -100.00 -100.00 -100.00
 119    49.929 55833.27418590 25.04  80.161696  59.287634 15.027 -100.00 -100.00 -100.00
 119    49.446 55833.27418649 26.83  80.165687  59.289291 18.078 -100.00 -100.00 -100.00
 120    93.765 55843.18982484 15.26  80.162235  59.286976 12.183 -100.00 -100.00 -100.00
 120    95.265 55843.18982543 11.09  80.166226  59.288633  8.621 -100.00 -100.00 -100.00
 120    98.731 55843.18982602 19.26  80.170219  59.290289 15.787 -100.00 -100.00 -100.00
 121    50.198 55853.10546051 27.00  80.160354  59.286918 15.666 -100.00 -100.00 -100.00
 121    49.360 55853.10546110 26.54  80.164346  59.288575 15.356 -100.00 -100.00 -100.00
 121    49.834 55853.10546169 26.04  80.168338  59.290232 10.580 -100.00 -100.00 -100.00
 122    43.114 55863.02109609 37.52  80.157208  59.287368 30.103 -100.00 -100.00 -100.00
 122    43.618 55863.02109668 49.46  80.161200  59.289025   -100 -100.00 -100.00 -100.00
 122    43.492 55863.02109727 54.05  80.165191  59.290681   -100 -100.00 -100.00 -100.00
 123    96.384 55872.93674982 19.13  80.152580  59.288471 10.789 -100.00 -100.00 -100.00
 123    95.582 55872.93675041 23.47  80.156572  59.290128 14.007 -100.00 -100.00 -100.00
 123    89.311 55872.93675100 28.20  80.160563  59.291785   -100 -100.00 -100.00 -100.00
 124    43.900 55882.85239915 38.32  80.154903  59.289873   -100 -100.00 -100.00 -100.00
 124    43.969 55882.85239974 38.11  80.158894  59.291530   -100 -100.00 -100.00 -100.00
 124    43.890 55882.85240033 34.22  80.162886  59.293187 23.415 -100.00 -100.00 -100.00
 125    49.952 55892.76804137 29.88  80.153288  59.288524 20.653 -100.00 -100.00 -100.00
 125    50.035 55892.76804196 27.41  80.157279  59.290181 13.421 -100.00 -100.00 -100.00
 125    49.843 55892.76804255 24.12  80.161271  59.291837  8.284 -100.00 -100.00 -100.00
 126    49.954 55902.68367849 24.54  80.154909  59.288363 11.263 -100.00 -100.00 -100.00
 126    48.168 55902.68367908 22.86  80.158900  59.290020 10.466 -100.00 -100.00 -100.00
 126    49.172 55902.68367967 23.11  80.162892  59.291677  9.275 -100.00 -100.00 -100.00
 127    50.036 55912.59931471 22.18  80.154315  59.288491  9.157 -100.00 -100.00 -100.00
 127    48.542 55912.59931530 22.68  80.158306  59.290148 10.299 -100.00 -100.00 -100.00
 127    49.411 55912.59931589 21.31  80.162297  59.291805  8.037 -100.00 -100.00 -100.00
 128    49.470 55922.51496891 21.37  80.150466  59.289740  7.674 -100.00 -100.00 -100.00
 128    44.026 55922.51496951 22.96  80.154457  59.291397 10.415 -100.00 -100.00 -100.00
 128    49.113 55922.51497010 22.20  80.158449  59.293053  9.554 -100.00 -100.00 -100.00
 129    43.892 55932.43062036 21.08  80.149042  59.289587  9.606 -100.00 -100.00 -100.00
 129    43.828 55932.43062095 22.23  80.153034  59.291244 11.823 -100.00 -100.00 -100.00
 129    49.359 55932.43062154 18.46  80.157026  59.292901  5.628 -100.00 -100.00 -100.00
 130    49.686 55942.34626800 19.64  80.153240  59.289009  8.120 -100.00 -100.00 -100.00
 130    49.025 55942.34626859 19.88  80.157232  59.290666  9.729 -100.00 -100.00 -100.00
 130    49.279 55942.34626918 20.33  80.161225  59.292323  9.718 -100.00 -100.00 -100.00
 131    50.200 55952.26191113 18.16  80.157037  59.287661  9.136 -100.00 -100.00 -100.00
 131    49.706 55952.26191172 19.45  80.161029  59.289318  8.971 -100.00 -100.00 -100.00
 131    49.293 55952.26191231 18.83  80.165021  59.290975  8.146 -100.00 -100.00 -100.00
 132    50.171 55962.17755051 17.94  80.157441  59.286881  7.016 -100.00 -100.00 -100.00
 132    49.447 55962.17755110 17.65  80.161434  59.288538  5.881 -100.00 -100.00 -100.00
 132    49.084 55962.17755169 17.93  80.165426  59.290195  5.554 -100.00 -100.00 -100.00
 133    49.882 55972.09318787 18.66  80.156885  59.287995  7.688 -100.00 -100.00 -100.00
 133    49.347 55972.09318846 17.91  80.160877  59.289652  6.960 -100.00 -100.00 -100.00
 133    49.148 55972.09318905 20.50  80.164869  59.291309 10.228 -100.00 -100.00 -100.00
 134    50.090 55982.00882382 19.14  80.155661  59.288909  9.782 -100.00 -100.00 -100.00
 134    49.728 55982.00882441 19.20  80.159653  59.290565  7.716 -100.00 -100.00 -100.00
 134    49.149 55982.00882500 17.74  80.163646  59.292222  5.450 -100.00 -100.00 -100.00
 135    50.173 55991.92445803 19.10  80.155409  59.287626  8.662 -100.00 -100.00 -100.00
 135    49.305 55991.92445862 19.42  80.159401  59.289283  9.107 -100.00 -100.00 -100.00
 135    48.760 55991.92445921 18.87  80.163392  59.290940  7.186 -100.00 -100.00 -100.00
 136    49.511 56001.84010547 17.17  80.160039  59.288246  7.947 -100.00 -100.00 -100.00
 136    49.163 56001.84010606 18.10  80.164031  59.289902  8.262 -100.00 -100.00 -100.00
 136    48.468 56001.84010665 19.59  80.168022  59.291559  9.846 -100.00 -100.00 -100.00
 137    49.801 56011.75575538 13.46  80.161839  59.287822 12.098 -100.00 -100.00 -100.00
 137    44.408 56011.75575597 13.90  80.165830  59.289478 12.397 -100.00 -100.00 -100.00
 138    96.556 56021.67140102 15.20  80.157576  59.286574 14.655 -100.00 -100.00 -100.00
 138    87.365 56021.67140161 16.24  80.161568  59.288231 17.623 -100.00 -100.00 -100.00
 138    92.907 56021.67140220  7.17  80.165559  59.289887  6.300 -100.00 -100.00 -100.00
 139    44.631 56031.58704444 42.80  80.155274  59.288092 32.727 -100.00 -100.00 -100.00
 139    44.306 56031.58704503 43.60  80.159266  59.289749   -100 -100.00 -100.00 -100.00
 139    44.121 56031.58704562 39.44  80.163258  59.291405   -100 -100.00 -100.00 -100.00
 140    50.116 56041.50268585 34.86  80.152480  59.289694   -100 -100.00 -100.00 -100.00
 140    50.195 56041.50268644 28.14  80.156471  59.291351 17.135 -100.00 -100.00 -100.00
 140    50.099 56041.50268703 28.91  80.160463  59.293008 20.442 -100.00 -100.00 -100.00
 141    49.959 56051.41832503 34.36  80.152166  59.290461 31.848 -100.00 -100.00 -100.00
 141    49.796 56051.41832562 30.79  80.156158  59.292117 23.499 -100.00 -100.00 -100.00
 141    50.008 56051.41832621 29.18  80.160150  59.293774 19.253 -100.00 -100.00 -100.00
 142    50.188 56061.33396124 33.15  80.152363  59.289163   -100 -100.00 -100.00 -100.00
 142    49.996 56061.33396183 26.84  80.156354  59.290820 21.573 -100.00 -100.00 -100.00
 142    49.928 56061.33396242 28.94  80.160346  59.292477 25.393 -100.00 -100.00 -100.00
 143    84.404 56071.24959986 13.51  80.156025  59.288354  7.624 -100.00 -100.00 -100.00
 143    83.721 56071.24960045 14.10  80.160017  59.290011  9.564 -100.00 -100.00 -100.00
 143    83.372 56071.24960104 12.47  80.164008  59.291667  5.853 -100.00 -100.00 -100.00
 144    47.572 56081.16525045 38.58  80.154989  59.288771 13.890 -100.00 -100.00 -100.00
 144    46.733 56081.16525104 43.93  80.158981  59.290427 22.959 -100.00 -100.00 -100.00
 144    46.441 56081.16525163 49.13  80.162973  59.292084   -100 -100.00 -100.00 -100.00
 145    49.743 56091.08089856 28.50  80.154525  59.290485 11.864 -100.00 -100.00 -100.00
 145    48.522 56091.08089915 29.27  80.158517  59.292142 13.267 -100.00 -100.00 -100.00
 145    45.784 56091.08089974 35.97  80.162509  59.293799 23.111 -100.00 -100.00 -100.00
 146    45.629 56100.99654389 39.81  80.151953  59.291105 15.314 -100.00 -100.00 -100.00
 146    44.926 56100.99654448 51.05  80.155945  59.292762   -100 -100.00 -100.00 -100.00
 147    44.236 56110.91217504 39.82  80.151843  59.290491 22.952 -100.00 -100.00 -100.00
 147    44.265 56110.91217563 51.20  80.155834  59.292148   -100 -100.00 -100.00 -100.00
 147    44.187 56110.91217622 47.34  80.159826  59.293805   -100 -100.00 -100.00 -100.00
 148    44.244 56120.82781490 40.65  80.156981  59.289432 22.608 -100.00 -100.00 -100.00
 148    43.631 56120.82781549 51.62  80.160972  59.291088   -100 -100.00 -100.00 -100.00
 148    43.533 56120.82781608 47.72  80.164964  59.292745   -100 -100.00 -100.00 -100.00
 149    49.603 56130.74345053 41.05  80.159294  59.286265   -100 -100.00 -100.00 -100.00
 149    43.825 56130.74345112 40.19  80.163284  59.287922   -100 -100.00 -100.00 -100.00
 149    43.470 56130.74345171 43.17  80.167276  59.289578   -100 -100.00 -100.00 -100.00
 150    43.692 56140.65908511 43.23  80.165181  59.286717   -100 -100.00 -100.00 -100.00
 150    43.719 56140.65908570 44.01  80.169173  59.288373   -100 -100.00 -100.00 -100.00
 151    50.221 56150.57473548 30.99  80.157543  59.286862 29.176 -100.00 -100.00 -100.00
 151    43.207 56150.57473607 32.43  80.161534  59.288519   -100 -100.00 -100.00 -100.00
 151    43.237 56150.57473667 33.28  80.165526  59.290175   -100 -100.00 -100.00 -100.00
 152    43.002 56160.49038490 28.35  80.155529  59.289472 25.569 -100.00 -100.00 -100.00
 152    43.070 56160.49038549 30.92  80.159520  59.291129 30.801 -100.00 -100.00 -100.00
 152    49.224 56160.49038608 32.75  80.163512  59.292786 30.581 -100.00 -100.00 -100.00
 153    43.189 56170.40603233 37.20  80.152869  59.289449 24.684 -100.00 -100.00 -100.00
 153    42.903 56170.40603292 49.07  80.156860  59.291105   -100 -100.00 -100.00 -100.00
 153    42.748 56170.40603351 45.69  80.160852  59.292762  3.722 -100.00 -100.00 -100.00
 154    49.576 56180.32167644 26.66  80.156888  59.289225 18.684 -100.00 -100.00 -100.00
 154    43.005 56180.32167703 27.56  80.160880  59.290882 23.157 -100.00 -100.00 -100.00
 154    49.093 56180.32167762 30.73  80.164872  59.292538   -100 -100.00 -100.00 -100.00
 155    43.319 56190.23731631 31.98  80.160140  59.288076 20.402 -100.00 -100.00 -100.00
 155    43.431 56190.23731690 37.05  80.164131  59.289733 30.593 -100.00 -100.00 -100.00
 155    43.209 56190.23731749 37.81  80.168124  59.291389 32.415 -100.00 -100.00 -100.00
 156    43.027 56200.15295294 25.98  80.160260  59.287212 18.506 -100.00 -100.00 -100.00
 156    48.642 56200.15295353 26.03  80.164251  59.288868 19.276 -100.00 -100.00 -100.00
 156    49.459 56200.15295412 28.14  80.168243  59.290525 21.208 -100.00 -100.00 -100.00
 157    43.601 56210.06858711 25.27  80.158909  59.287883 20.640 -100.00 -100.00 -100.00
 157    43.322 56210.06858770 27.93  80.162901  59.289540 28.011 -100.00 -100.00 -100.00
 157    49.247 56210.06858829 27.31  80.166893  59.291196 24.065 -100.00 -100.00 -100.00
 158    49.865 56219.98421935 30.81  80.157135  59.288724 30.178 -100.00 -100.00 -100.00
 158    49.622 56219.98421994 28.20  80.161126  59.290381 17.340 -100.00 -100.00 -100.00
 158    49.264 56219.98422053 32.20  80.165118  59.292038 32.390 -100.00 -100.00 -100.00
 159    43.497 56229.89986856 38.77  80.154549  59.290065 23.732 -100.00 -100.00 -100.00
 159    43.066 56229.89986915 43.90  80.158540  59.291722   -100 -100.00 -100.00 -100.00
 159    42.928 56229.89986974 48.11  80.162532  59.293378 17.884 -100.00 -100.00 -100.00
 160    44.908 56239.81552159 41.79  80.152755  59.289795 26.363 -100.00 -100.00 -100.00
 160    44.604 56239.81552218 43.60  80.156747  59.291452   -100 -100.00 -100.00 -100.00
 160    44.208 56239.81552277 43.27  80.160738  59.293108   -100 -100.00 -100.00 -100.00
 161    49.537 56249.73117115 25.63  80.154533  59.290141  8.500 -100.00 -100.00 -100.00
 161    49.191 56249.73117174 25.14  80.158525  59.291798  7.776 -100.00 -100.00 -100.00
 161    49.086 56249.73117233 25.32  80.162517  59.293455  7.003 -100.00 -100.00 -100.00
 162    50.407 56259.64681594 20.88  80.156499  59.290327  5.460 -100.00 -100.00 -100.00
 162    50.006 56259.64681653 20.37  80.160491  59.291984  5.035 -100.00 -100.00 -100.00
 163    49.772 56269.56245769 20.50  80.154326  59.290011  8.398 -100.00 -100.00 -100.00
 163    49.568 56269.56245828 17.74  80.158317  59.291668  4.190 -100.00 -100.00 -100.00
 163    49.555 56269.56245887 18.16  80.162309  59.293324  4.479 -100.00 -100.00 -100.00
 164    50.147 56279.47809769 17.07  80.151816  59.289434  5.497 -100.00 -100.00 -100.00
 164    49.741 56279.47809828 16.39  80.155808  59.291091  4.009 -100.00 -100.00 -100.00
 164    49.465 56279.47809887 16.07  80.159800  59.292748  3.753 -100.00 -100.00 -100.00
 165    49.670 56289.39374855 15.22  80.150813  59.289886  4.393 -100.00 -100.00 -100.00
 165    49.407 56289.39374914 15.61  80.154804  59.291543  5.903 -100.00 -100.00 -100.00
 165    49.270 56289.39374973 14.48  80.158796  59.293200  3.677 -100.00 -100.00 -100.00
 166    49.758 56299.30939748 14.31  80.154926  59.290067  4.553 -100.00 -100.00 -100.00
 166    49.314 56299.30939807 14.55  80.158919  59.291724  3.780 -100.00 -100.00 -100.00
 166    49.187 56299.30939866 14.88  80.162911  59.293381  3.957 -100.00 -100.00 -100.00
 167    49.566 56309.22504210 14.32  80.157784  59.288925  5.525 -100.00 -100.00 -100.00
 167    49.466 56309.22504269 14.27  80.161776  59.290582  5.505 -100.00 -100.00 -100.00
 167    49.046 56309.22504328 14.25  80.165769  59.292238  3.973 -100.00 -100.00 -100.00
 168    49.901 56319.14068374 15.14  80.156311  59.287231 14.410 -100.00 -100.00 -100.00
 168    49.788 56319.14068433 14.69  80.160304  59.288888  8.928 -100.00 -100.00 -100.00
 168    49.538 56319.14068492 13.95  80.164296  59.290544  5.550 -100.00 -100.00 -100.00
 169    47.539 56329.05632484 14.60  80.156231  59.288650  5.219 -100.00 -100.00 -100.00
 169    49.387 56329.05632543 14.17  80.160223  59.290306  3.975 -100.00 -100.00 -100.00
 169    49.250 56329.05632602 14.15  80.164216  59.291963  4.191 -100.00 -100.00 -100.00
 170    49.561 56338.97196496 13.81  80.155547  59.290027  6.205 -100.00 -100.00 -100.00
 170    49.352 56338.97196555 14.32  80.159540  59.291684  6.650 -100.00 -100.00 -100.00
 170    49.162 56338.97196614 14.77  80.163532  59.293340  6.617 -100.00 -100.00 -100.00
 171    49.512 56348.88760260 15.78  80.153855  59.289106  7.888 -100.00 -100.00 -100.00
 171    49.534 56348.88760319 15.25  80.157847  59.290763  6.757 -100.00 -100.00 -100.00
 171    49.443 56348.88760378 15.45  80.161839  59.292420  6.033 -100.00 -100.00 -100.00
 172    50.276 56358.80323813  7.85  80.159290  59.288635  9.803 -100.00 -100.00 -100.00
 172    49.407 56358.80323872 13.21  80.163281  59.290292 16.409 -100.00 -100.00 -100.00
 172    48.861 56358.80323931 13.13  80.167273  59.291948 11.890 -100.00 -100.00 -100.00
 173    49.801 56368.71888849 13.54  80.158522  59.287739 15.708 -100.00 -100.00 -100.00
 173    49.641 56368.71888908 12.70  80.162514  59.289396  9.891 -100.00 -100.00 -100.00
 173    49.305 56368.71888967 13.64  80.166506  59.291052  8.705 -100.00 -100.00 -100.00
 175    50.145 56388.55018141 10.72  80.152877  59.289210  8.914 -100.00 -100.00 -100.00
 175    50.557 56388.55018200 10.00  80.156869  59.290867  6.472 -100.00 -100.00 -100.00
 175    50.176 56388.55018259 10.58  80.160861  59.292524  5.321 -100.00 -100.00 -100.00
 176    94.431 56398.46582478  2.10  80.149764  59.290455  6.216 -100.00 -100.00 -100.00
 176    93.934 56398.46582537  9.35  80.153756  59.292112 16.250 -100.00 -100.00 -100.00
 176    96.894 56398.46582596  9.47  80.157748  59.293768  9.050 -100.00 -100.00 -100.00
 177    46.651 56408.38146588 34.27  80.149417  59.291048 30.885 -100.00 -100.00 -100.00
 177    49.802 56408.38146648 30.34  80.153408  59.292705 15.987 -100.00 -100.00 -100.00
 178    49.913 56418.29710295 35.87  80.152687  59.290724   -100 -100.00 -100.00 -100.00
 178    50.100 56418.29710354 29.67  80.156679  59.292381 16.234 -100.00 -100.00 -100.00
 178    50.017 56418.29710413 32.08  80.160671  59.294038 21.259 -100.00 -100.00 -100.00
 179    50.223 56428.21273519 33.80  80.153618  59.288075 31.884 -100.00 -100.00 -100.00
 179    50.084 56428.21273578 27.84  80.157609  59.289732 14.815 -100.00 -100.00 -100.00
 179    50.221 56428.21273637 27.72  80.161601  59.291389 12.153 -100.00 -100.00 -100.00
 180    50.373 56438.12838943 30.44  80.155031  59.289701 16.074 -100.00 -100.00 -100.00
 180    50.517 56438.12839002 31.70  80.159022  59.291357 17.554 -100.00 -100.00 -100.00
 180    50.629 56438.12839061 38.63  80.163015  59.293014 32.536 -100.00 -100.00 -100.00
 181    50.933 56448.04404062 33.33  80.153489  59.290602 24.151 -100.00 -100.00 -100.00
 181    51.284 56448.04404122 32.28  80.157481  59.292259 14.173 -100.00 -100.00 -100.00
 181    51.182 56448.04404181 37.01  80.161474  59.293915 26.405 -100.00 -100.00 -100.00
 182    50.794 56457.95968920 36.87  80.149837  59.290189   -100 -100.00 -100.00 -100.00
 182    50.706 56457.95968979 35.75  80.153828  59.291846   -100 -100.00 -100.00 -100.00
 182    51.301 56457.95969038 32.25  80.157820  59.293502 15.733 -100.00 -100.00 -100.00
 183    50.841 56467.87533528 31.67  80.152980  59.291015 19.027 -100.00 -100.00 -100.00
 183    51.204 56467.87533587 31.57  80.156972  59.292671 13.508 -100.00 -100.00 -100.00
 183    51.028 56467.87533646 38.46  80.160964  59.294328 31.772 -100.00 -100.00 -100.00
 184    50.761 56477.79097675 47.37  80.153464  59.289376 30.823 -100.00 -100.00 -100.00
 184    50.767 56477.79097734 50.35  80.157455  59.291032   -100 -100.00 -100.00 -100.00
 184    50.769 56477.79097793 51.47  80.161447  59.292689   -100 -100.00 -100.00 -100.00
 185    49.668 56487.70661487 35.26  80.157340  59.288404 26.484 -100.00 -100.00 -100.00
 185    49.705 56487.70661546 41.14  80.161331  59.290061 29.602 -100.00 -100.00 -100.00
 185    49.842 56487.70661605 41.07  80.165323  59.291717 27.032 -100.00 -100.00 -100.00
 186    47.945 56497.62225012 38.94  80.157475  59.287116 24.431 -100.00 -100.00 -100.00
 186    48.006 56497.62225071 40.95  80.161466  59.288772 24.279 -100.00 -100.00 -100.00
 186    47.997 56497.62225130 52.37  80.165457  59.290428   -100 -100.00 -100.00 -100.00
 187    46.660 56507.53788447 40.06  80.158280  59.287136 24.949 -100.00 -100.00 -100.00
 187    46.723 56507.53788506 41.01  80.162271  59.288792 25.417 -100.00 -100.00 -100.00
 187    46.465 56507.53788565 46.26  80.166262  59.290449   -100 -100.00 -100.00 -100.00
 188    50.246 56517.45352155 29.35  80.156645  59.286925 28.037 -100.00 -100.00 -100.00
 188    50.239 56517.45352214 24.36  80.160635  59.288582 13.170 -100.00 -100.00 -100.00
 188    50.303 56517.45352273 25.03  80.164627  59.290238 13.875 -100.00 -100.00 -100.00
 189    50.164 56527.36917626 20.65  80.156637  59.288619  6.974 -100.00 -100.00 -100.00
 189    49.874 56527.36917685 22.62  80.160628  59.290276 10.637 -100.00 -100.00 -100.00
 189    50.148 56527.36917744 24.32  80.164620  59.291933 11.626 -100.00 -100.00 -100.00
 190    46.260 56537.28482613 33.11  80.154169  59.287767 17.878 -100.00 -100.00 -100.00
 190    49.636 56537.28482672 30.38  80.158161  59.289424 11.358 -100.00 -100.00 -100.00
 190    46.248 56537.28482731 35.00  80.162152  59.291080 22.071 -100.00 -100.00 -100.00
 192    49.671 56557.11611645 23.33  80.156799  59.289570 11.041 -100.00 -100.00 -100.00
 192    49.547 56557.11611704 25.51  80.160791  59.291227 14.782 -100.00 -100.00 -100.00
 192    49.796 56557.11611763 30.85  80.164783  59.292883 25.369 -100.00 -100.00 -100.00
 193    49.742 56567.03175873 29.11  80.153807  59.289954 18.274 -100.00 -100.00 -100.00
 193    44.514 56567.03175932 30.96  80.157799  59.291611 23.478 -100.00 -100.00 -100.00
 193    49.652 56567.03175992 29.34  80.161791  59.293267 18.825 -100.00 -100.00 -100.00
 194    49.953 56576.94739990 29.32  80.152632  59.290979 17.431 -100.00 -100.00 -100.00
 194    49.519 56576.94740049 29.54  80.156624  59.292636 16.252 -100.00 -100.00 -100.00
 194    49.557 56576.94740109 28.48  80.160616  59.294293 12.341 -100.00 -100.00 -100.00
 195    45.492 56586.86303753 42.14  80.152659  59.290602 19.300 -100.00 -100.00 -100.00
 195    44.916 56586.86303812 47.42  80.156650  59.292259   -100 -100.00 -100.00 -100.00
 195    44.889 56586.86303871 52.10  80.160642  59.293915   -100 -100.00 -100.00 -100.00
 196    50.114 56596.77867748 23.54  80.155107  59.290236  7.366 -100.00 -100.00 -100.00
 196    49.692 56596.77867807 24.94  80.159098  59.291893  9.905 -100.00 -100.00 -100.00
 196    49.649 56596.77867866 29.70  80.163090  59.293550 22.562 -100.00 -100.00 -100.00
 197    47.574 56606.69432938 26.17  80.154966  59.290482  9.229 -100.00 -100.00 -100.00
 197    45.496 56606.69432997 29.25  80.158957  59.292139 15.060 -100.00 -100.00 -100.00
 197    49.471 56606.69433056 25.79  80.162949  59.293795  8.540 -100.00 -100.00 -100.00
 198    45.938 56616.60997606 40.98  80.152107  59.289605 23.212 -100.00 -100.00 -100.00
 198    45.687 56616.60997665 44.30  80.156098  59.291262 32.019 -100.00 -100.00 -100.00
 198    45.142 56616.60997724 49.15  80.160090  59.292918  3.016 -100.00 -100.00 -100.00
 199    45.942 56626.52562003 42.17  80.154129  59.290500 28.419 -100.00 -100.00 -100.00
 199    45.371 56626.52562062 47.36  80.158121  59.292157   -100 -100.00 -100.00 -100.00
 199    45.581 56626.52562121 37.86  80.162113  59.293814   -100 -100.00 -100.00 -100.00
 200    46.947 56636.44126056 29.57  80.151787  59.288939 19.223 -100.00 -100.00 -100.00
 200    46.892 56636.44126115 32.14  80.155779  59.290596 22.663 -100.00 -100.00 -100.00
 200    46.775 56636.44126174 28.69  80.159771  59.292253 16.119 -100.00 -100.00 -100.00
 201    46.266 56646.35690159 23.25  80.156279  59.289185 11.351 -100.00 -100.00 -100.00
 201    46.007 56646.35690218 25.17  80.160271  59.290842 15.199 -100.00 -100.00 -100.00
 201    48.954 56646.35690277 23.66  80.164264  59.292499  9.556 -100.00 -100.00 -100.00
 202    46.489 56656.27255388 21.67  80.155614  59.288807 10.341 -100.00 -100.00 -100.00
 202    46.188 56656.27255447 21.86  80.159607  59.290464 11.000 -100.00 -100.00 -100.00
 202    46.328 56656.27255506 21.22  80.163599  59.292120  8.954 -100.00 -100.00 -100.00
 203    48.415 56666.18820188 20.49  80.155802  59.288508 11.513 -100.00 -100.00 -100.00
 203    46.109 56666.18820247 22.30  80.159795  59.290165 14.506 -100.00 -100.00 -100.00
 203    46.119 56666.18820306 20.38  80.163787  59.291821  9.842 -100.00 -100.00 -100.00
 204    46.015 56676.10384697 25.32  80.154142  59.288345 21.328 -100.00 -100.00 -100.00
 204    45.765 56676.10384756 24.36  80.158135  59.290001 20.260 -100.00 -100.00 -100.00
 204    45.621 56676.10384815 26.72  80.162127  59.291658 24.673 -100.00 -100.00 -100.00
 205    45.666 56686.01949144 20.23  80.155801  59.290043 12.467 -100.00 -100.00 -100.00
 205    49.350 56686.01949203 19.71  80.159794  59.291700  9.480 -100.00 -100.00 -100.00
 205    49.419 56686.01949262 18.26  80.163787  59.293356  7.910 -100.00 -100.00 -100.00
 206    45.638 56695.93513338 21.19  80.154578  59.289924 14.170 -100.00 -100.00 -100.00
 206    48.260 56695.93513397 19.58  80.158570  59.291581 11.135 -100.00 -100.00 -100.00
 206    49.038 56695.93513456 18.66  80.162562  59.293238  9.090 -100.00 -100.00 -100.00
 207    47.953 56705.85077097 20.79  80.156275  59.289336 12.497 -100.00 -100.00 -100.00
 207    45.204 56705.85077156 24.18  80.160266  59.290992 19.392 -100.00 -100.00 -100.00
 207    49.224 56705.85077215 18.82  80.164258  59.292649  8.155 -100.00 -100.00 -100.00
 208    48.888 56715.76640332 17.21  80.159013  59.288169 12.354 -100.00 -100.00 -100.00
 208    48.991 56715.76640391 16.83  80.163005  59.289825  9.560 -100.00 -100.00 -100.00
 208    49.168 56715.76640450 15.81  80.166997  59.291482  6.585 -100.00 -100.00 -100.00
 209    47.651 56725.68205638 17.58  80.154803  59.288183 10.456 -100.00 -100.00 -100.00
 209    47.783 56725.68205697 17.74  80.158795  59.289840  9.751 -100.00 -100.00 -100.00
 209    48.789 56725.68205756 16.65  80.162786  59.291497  8.322 -100.00 -100.00 -100.00
 210    50.223 56735.59770614  9.46  80.153881  59.290365  7.256 -100.00 -100.00 -100.00
 210    50.236 56735.59770673  9.60  80.157873  59.292021  7.188 -100.00 -100.00 -100.00
 210    49.990 56735.59770732  9.23  80.161865  59.293678  6.478 -100.00 -100.00 -100.00
 211    48.561 56745.51335201  9.68  80.148893  59.290843  5.703 -100.00 -100.00 -100.00
 211    49.169 56745.51335260  9.36  80.152885  59.292499  5.342 -100.00 -100.00 -100.00
 211    49.726 56745.51335319  9.45  80.156877  59.294156  4.932 -100.00 -100.00 -100.00
 212   104.690 56755.42899428  0.33  80.150308  59.291818  3.907 -100.00 -100.00 -100.00
 212    95.239 56755.42899487  6.50  80.154300  59.293475 13.563 -100.00 -100.00 -100.00
 213    49.612 56765.34463029 38.20  80.149675  59.289618 25.629 -100.00 -100.00 -100.00
 213    48.353 56765.34463088 38.66  80.153666  59.291275   -100 -100.00 -100.00 -100.00
 213    48.653 56765.34463147 37.92  80.157658  59.292932   -100 -100.00 -100.00 -100.00
 213    48.009 56765.34463206 42.16  80.161650  59.294589   -100 -100.00 -100.00 -100.00
 214    50.193 56775.26026942 27.93  80.154156  59.289577  8.738 -100.00 -100.00 -100.00
 214    50.175 56775.26027001 26.58  80.158148  59.291234  6.955 -100.00 -100.00 -100.00
 214    50.000 56775.26027060 30.49  80.162140  59.292891 13.816 -100.00 -100.00 -100.00
 215    50.391 56785.17592607 33.81  80.151636  59.290226 25.935 -100.00 -100.00 -100.00
 215    49.987 56785.17592666 34.44  80.155628  59.291883 28.667 -100.00 -100.00 -100.00
 215    50.032 56785.17592725 36.26  80.159620  59.293540   -100 -100.00 -100.00 -100.00
 216    50.170 56795.09157911 30.84  80.149579  59.291428 17.663 -100.00 -100.00 -100.00
 216    50.190 56795.09157970 30.08  80.153571  59.293085 14.892 -100.00 -100.00 -100.00
 217    50.385 56805.00722835 41.08  80.149460  59.292477 24.566 -100.00 -100.00 -100.00
 217    50.611 56805.00722894 49.42  80.153452  59.294134 29.591 -100.00 -100.00 -100.00
 218    49.936 56814.92287047 33.19  80.150875  59.291496 26.384 -100.00 -100.00 -100.00
 218    50.240 56814.92287106 31.64  80.154867  59.293152 18.130 -100.00 -100.00 -100.00
 219    49.787 56824.83850938 42.06  80.155099  59.290444   -100 -100.00 -100.00 -100.00
 219    49.854 56824.83850997 36.13  80.159091  59.292100 24.122 -100.00 -100.00 -100.00
 219    50.231 56824.83851056 37.09  80.163083  59.293757 26.488 -100.00 -100.00 -100.00
 220    50.202 56834.75414394 32.75  80.155619  59.287950 32.705 -100.00 -100.00 -100.00
 220    49.928 56834.75414453 29.90  80.159610  59.289607 22.687 -100.00 -100.00 -100.00
 220    49.675 56834.75414513 33.32  80.163601  59.291263   -100 -100.00 -100.00 -100.00
 221    49.666 56844.66977589 32.19  80.159673  59.288071 10.107 -100.00 -100.00 -100.00
 221    49.732 56844.66977648 32.47  80.163665  59.289727 10.223 -100.00 -100.00 -100.00
 221    49.650 56844.66977707 35.81  80.167656  59.291384 15.059 -100.00 -100.00 -100.00
 222    84.034 56854.58542054 14.08  80.156518  59.288112  9.272 -100.00 -100.00 -100.00
 222    83.508 56854.58542113 15.29  80.160509  59.289769 13.150 -100.00 -100.00 -100.00
 222    83.311 56854.58542172 12.34  80.164501  59.291425  8.239 -100.00 -100.00 -100.00
 223    50.265 56864.50107429 24.23  80.154105  59.289363 10.568 -100.00 -100.00 -100.00
 223    50.006 56864.50107488 22.76  80.158097  59.291019  7.596 -100.00 -100.00 -100.00
 223    49.905 56864.50107547 26.32  80.162088  59.292676 14.868 -100.00 -100.00 -100.00
 224    49.874 56874.41672727 29.83  80.152157  59.289518 25.429 -100.00 -100.00 -100.00
 224    49.979 56874.41672786 23.35  80.156148  59.291175 11.267 -100.00 -100.00 -100.00
 224    49.593 56874.41672845 27.67  80.160140  59.292831 22.967 -100.00 -100.00 -100.00
 225    49.862 56884.33237714 32.36  80.151510  59.289302 27.174 -100.00 -100.00 -100.00
 225    49.644 56884.33237773 28.35  80.155501  59.290959 22.370 -100.00 -100.00 -100.00
 225    45.449 56884.33237832 33.38  80.159493  59.292615   -100 -100.00 -100.00 -100.00
 226    49.670 56894.24802400 30.46  80.152092  59.289447 26.464 -100.00 -100.00 -100.00
 226    49.449 56894.24802459 24.41  80.156083  59.291104 15.556 -100.00 -100.00 -100.00
 226    49.529 56894.24802518 25.02  80.160076  59.292760 17.047 -100.00 -100.00 -100.00
 227    49.879 56904.16366739 30.31  80.150108  59.289661 25.051 -100.00 -100.00 -100.00
 227    49.418 56904.16366798 31.48  80.154100  59.291318 30.183 -100.00 -100.00 -100.00
 227    49.312 56904.16366857 29.12  80.158092  59.292974 24.232 -100.00 -100.00 -100.00
 228    44.273 56914.07930874 37.57  80.147831  59.290820 24.657 -100.00 -100.00 -100.00
 228    44.371 56914.07930933 41.41  80.151823  59.292476 25.241 -100.00 -100.00 -100.00
 228    44.201 56914.07930992 44.47  80.155815  59.294133 31.962 -100.00 -100.00 -100.00
 229    49.208 56923.99494864 25.66  80.148866  59.292386 15.959 -100.00 -100.00 -100.00
 229    49.182 56923.99494923 29.43  80.152858  59.294043 19.167 -100.00 -100.00 -100.00
 230    44.063 56933.91058570 37.44  80.150311  59.292054   -100 -100.00 -100.00 -100.00
 230    44.002 56933.91058629 43.15  80.154303  59.293711  0.145 -100.00 -100.00 -100.00
 231    49.307 56943.82621710 34.59  80.151484  59.289310 18.533 -100.00 -100.00 -100.00
 231    43.781 56943.82621769 37.95  80.155475  59.290967   -100 -100.00 -100.00 -100.00
 231    43.858 56943.82621828 36.79  80.159466  59.292624 30.413 -100.00 -100.00 -100.00
 232    91.527 56953.74186448 20.04  80.154085  59.288971 12.547 -100.00 -100.00 -100.00
 232    90.468 56953.74186507 25.23  80.158076  59.290627 23.536 -100.00 -100.00 -100.00
 232    89.690 56953.74186566 24.43  80.162067  59.292284   -100 -100.00 -100.00 -100.00
 233    47.843 56963.65751452 28.71  80.152559  59.288993 21.081 -100.00 -100.00 -100.00
 233    48.247 56963.65751511 29.89  80.156551  59.290649 22.573 -100.00 -100.00 -100.00
 233    48.737 56963.65751570 32.35  80.160542  59.292306 17.871 -100.00 -100.00 -100.00
 234    47.904 56973.57315983 39.20  80.149763  59.289408   -100 -100.00 -100.00 -100.00
 234    47.682 56973.57316042 40.30  80.153755  59.291065   -100 -100.00 -100.00 -100.00
 234    47.607 56973.57316101 39.02  80.157746  59.292721   -100 -100.00 -100.00 -100.00
 234    47.576 56973.57316160 36.71  80.161738  59.294378 29.073 -100.00 -100.00 -100.00
 235    47.108 56983.48880108 24.71  80.149344  59.289836 13.198 -100.00 -100.00 -100.00
 235    47.011 56983.48880167 27.90  80.153335  59.291493 21.061 -100.00 -100.00 -100.00
 235    46.807 56983.48880226 24.78  80.157327  59.293150 12.987 -100.00 -100.00 -100.00
 236    46.226 56993.40443792 19.61  80.153791  59.289588  9.069 -100.00 -100.00 -100.00
 236    46.080 56993.40443851 19.48  80.157783  59.291245  7.611 -100.00 -100.00 -100.00
 236    46.136 56993.40443910 19.17  80.161775  59.292901  6.111 -100.00 -100.00 -100.00
 237    45.673 57003.32007481 18.86  80.156773  59.287004  9.632 -100.00 -100.00 -100.00
 237    45.662 57003.32007540 19.26  80.160764  59.288661  9.078 -100.00 -100.00 -100.00
 237    45.911 57003.32007599 18.63  80.164756  59.290318  6.955 -100.00 -100.00 -100.00
 238    49.912 57013.23573197 17.14  80.160329  59.288178  8.025 -100.00 -100.00 -100.00
 238    45.390 57013.23573256 18.58  80.164321  59.289835  9.579 -100.00 -100.00 -100.00
 238    49.096 57013.23573315 17.27  80.168313  59.291491  4.924 -100.00 -100.00 -100.00
 239    49.687 57023.15138309 17.23  80.158487  59.288625  6.246 -100.00 -100.00 -100.00
 239    48.834 57023.15138368 16.90  80.162479  59.290282  4.291 -100.00 -100.00 -100.00
 239    49.521 57023.15138428 16.53  80.166472  59.291938  3.906 -100.00 -100.00 -100.00
 240    46.526 57033.06703147 16.55  80.154911  59.289984  5.749 -100.00 -100.00 -100.00
 240    46.444 57033.06703206 16.89  80.158903  59.291641  6.348 -100.00 -100.00 -100.00
 240    49.316 57033.06703265 16.10  80.162896  59.293298  3.534 -100.00 -100.00 -100.00
 241    47.172 57042.98267711 16.61  80.149521  59.289598  8.540 -100.00 -100.00 -100.00
 241    47.182 57042.98267770 16.85  80.153513  59.291255  8.402 -100.00 -100.00 -100.00
 241    47.581 57042.98267829 16.69  80.157505  59.292911  7.724 -100.00 -100.00 -100.00
 241    49.237 57042.98267888 16.30  80.161498  59.294568  5.882 -100.00 -100.00 -100.00
 242    45.125 57052.89832128 16.22  80.151976  59.290285  9.537 -100.00 -100.00 -100.00
 242    45.066 57052.89832187 16.52  80.155968  59.291942 10.195 -100.00 -100.00 -100.00
 242    47.532 57052.89832246 14.72  80.159960  59.293599  5.193 -100.00 -100.00 -100.00
 243    45.024 57062.81396087 14.31  80.155562  59.289309 14.527 -100.00 -100.00 -100.00
 243    45.183 57062.81396146 15.52  80.159554  59.290966 11.509 -100.00 -100.00 -100.00
 243    45.841 57062.81396205 14.04  80.163546  59.292622  8.584 -100.00 -100.00 -100.00
 244    45.251 57072.72959501 15.78  80.156829  59.287733 14.577 -100.00 -100.00 -100.00
 244    45.045 57072.72959560 18.06  80.160820  59.289390 16.205 -100.00 -100.00 -100.00
 244    45.329 57072.72959619 17.08  80.164812  59.291047 11.166 -100.00 -100.00 -100.00
 245    44.996 57082.64522549 16.71  80.157801  59.287771 11.771 -100.00 -100.00 -100.00
 245    44.783 57082.64522608 17.42  80.161792  59.289427 11.524 -100.00 -100.00 -100.00
 245    44.902 57082.64522667 16.62  80.165784  59.291084  8.741 -100.00 -100.00 -100.00
 246    46.637 57092.56087236 15.18  80.152956  59.289187 11.096 -100.00 -100.00 -100.00
 246    44.753 57092.56087295 17.97  80.156947  59.290844 16.354 -100.00 -100.00 -100.00
 246    45.663 57092.56087355 14.96  80.160939  59.292501  8.461 -100.00 -100.00 -100.00
 247    82.752 57102.47652976  6.87  80.150268  59.292153  7.209 -100.00 -100.00 -100.00
 247    81.358 57102.47653035  6.73  80.154260  59.293810  7.958 -100.00 -100.00 -100.00
 248    46.820 57112.39218311 14.53  80.147552  59.291838 16.349 -100.00 -100.00 -100.00
 248    44.599 57112.39218370 15.32  80.151544  59.293495 17.790 -100.00 -100.00 -100.00
 249    82.856 57122.30783116  2.97  80.151902  59.291478  5.646 -100.00 -100.00 -100.00
 249    81.348 57122.30783175  6.25  80.155894  59.293135 10.852 -100.00 -100.00 -100.00
 250    46.047 57132.22347340 33.73  80.154837  59.290394   -100 -100.00 -100.00 -100.00
 250    46.027 57132.22347399 32.21  80.158829  59.292051   -100 -100.00 -100.00 -100.00
 250    49.878 57132.22347458 30.90  80.162822  59.293707 22.968 -100.00 -100.00 -100.00
 251    50.360 57142.13911061 28.32  80.155944  59.289902 10.831 -100.00 -100.00 -100.00
 251    49.935 57142.13911120 30.72  80.159936  59.291559 15.490 -100.00 -100.00 -100.00
 251    49.903 57142.13911179 33.50  80.163929  59.293216 21.523 -100.00 -100.00 -100.00
 252    50.457 57152.05474463 30.82  80.155577  59.290135 16.491 -100.00 -100.00 -100.00
 252    50.587 57152.05474522 32.48  80.159569  59.291792 18.763 -100.00 -100.00 -100.00
 252    50.923 57152.05474581 40.26  80.163561  59.293449   -100 -100.00 -100.00 -100.00
 253    51.468 57161.97037502 35.92  80.154047  59.288708 27.927 -100.00 -100.00 -100.00
 253    51.373 57161.97037561 32.15  80.158038  59.290365 13.528 -100.00 -100.00 -100.00
 253    51.618 57161.97037620 33.04  80.162030  59.292022 13.176 -100.00 -100.00 -100.00
 254    51.904 57171.88603246 35.35  80.154540  59.289604 25.020 -100.00 -100.00 -100.00
 254    51.552 57171.88603305 34.33  80.158531  59.291260 20.742 -100.00 -100.00 -100.00
 254    51.373 57171.88603364 31.58  80.162523  59.292917 14.280 -100.00 -100.00 -100.00
 255    51.863 57181.80168673 32.47  80.155267  59.288483 20.211 -100.00 -100.00 -100.00
 255    51.623 57181.80168732 32.16  80.159258  59.290139 16.571 -100.00 -100.00 -100.00
 255    51.693 57181.80168791 30.83  80.163250  59.291796 12.661 -100.00 -100.00 -100.00
 256    51.653 57191.71733733 51.21  80.156995  59.287928   -100 -100.00 -100.00 -100.00
 256    51.490 57191.71733792 49.70  80.160987  59.289584   -100 -100.00 -100.00 -100.00
 256    51.545 57191.71733851 52.53  80.164979  59.291240   -100 -100.00 -100.00 -100.00
 257    51.147 57201.63298478 50.62  80.154474  59.287734   -100 -100.00 -100.00 -100.00
 257    50.952 57201.63298537 51.77  80.158465  59.289391   -100 -100.00 -100.00 -100.00
 257    51.127 57201.63298596 51.69  80.162457  59.291047   -100 -100.00 -100.00 -100.00
 258    49.654 57211.54861882 37.75  80.151362  59.288774   -100 -100.00 -100.00 -100.00
 258    49.761 57211.54861941 30.51  80.155353  59.290431 23.606 -100.00 -100.00 -100.00
 258    50.144 57211.54862000 28.20  80.159345  59.292087 15.757 -100.00 -100.00 -100.00
 258    50.832 57211.54862059 37.09  80.163337  59.293744   -100 -100.00 -100.00 -100.00
 259    49.984 57221.46426310 31.11  80.152109  59.290768 28.866 -100.00 -100.00 -100.00
 259    49.884 57221.46426369 31.44  80.156100  59.292424 31.386 -100.00 -100.00 -100.00
 259    50.025 57221.46426428 32.97  80.160092  59.294081 31.743 -100.00 -100.00 -100.00
 260    50.034 57231.37990545 31.96  80.150643  59.289734 13.136 -100.00 -100.00 -100.00
 260    49.622 57231.37990604 33.30  80.154634  59.291391 17.271 -100.00 -100.00 -100.00
 260    45.453 57231.37990663 36.73  80.158626  59.293047 24.942 -100.00 -100.00 -100.00
 261    45.717 57241.29554598 38.43  80.154902  59.289803 21.474 -100.00 -100.00 -100.00
 261    45.369 57241.29554657 43.54  80.158893  59.291460   -100 -100.00 -100.00 -100.00
 261    45.274 57241.29554716 47.37  80.162885  59.293117   -100 -100.00 -100.00 -100.00
 262    50.433 57251.21118324 22.99  80.155310  59.288063  8.124 -100.00 -100.00 -100.00
 262    49.346 57251.21118383 25.93  80.159301  59.289719 12.915 -100.00 -100.00 -100.00
 262    49.755 57251.21118442 28.22  80.163293  59.291376 17.736 -100.00 -100.00 -100.00
 263    50.006 57261.12681863 24.55  80.155160  59.287895 22.009 -100.00 -100.00 -100.00
 263    49.585 57261.12681922 24.18  80.159151  59.289552 16.552 -100.00 -100.00 -100.00
 263    50.319 57261.12681981 23.41  80.163143  59.291209 12.229 -100.00 -100.00 -100.00
 264    50.361 57271.04245257 27.34  80.152988  59.288236 13.392 -100.00 -100.00 -100.00
 264    50.118 57271.04245316 26.48  80.156979  59.289893 10.166 -100.00 -100.00 -100.00
 264    44.429 57271.04245375 34.41  80.160970  59.291550   -100 -100.00 -100.00 -100.00
 265    44.376 57280.95810803 37.81  80.150801  59.290850 25.547 -100.00 -100.00 -100.00
 265    44.664 57280.95810862 48.63  80.154793  59.292507   -100 -100.00 -100.00 -100.00
 265    44.509 57280.95810921 50.48  80.158784  59.294163   -100 -100.00 -100.00 -100.00
 266    44.606 57290.87376303 39.58  80.148942  59.291183 27.364 -100.00 -100.00 -100.00
 266    44.756 57290.87376362 50.94  80.152934  59.292840   -100 -100.00 -100.00 -100.00
 267    50.304 57300.78941537 27.33  80.151762  59.291128 17.386 -100.00 -100.00 -100.00
 267    49.618 57300.78941596 28.72  80.155754  59.292784 23.783 -100.00 -100.00 -100.00
 268    49.908 57310.70506401 23.61  80.155061  59.290429  9.304 -100.00 -100.00 -100.00
 268    49.675 57310.70506460 22.92  80.159052  59.292086  6.832 -100.00 -100.00 -100.00
 268    49.843 57310.70506520 31.11  80.163044  59.293742 24.544 -100.00 -100.00 -100.00
 269    50.285 57320.62070909 22.82  80.154735  59.290029  7.172 -100.00 -100.00 -100.00
 269    45.597 57320.62070968 29.29  80.158727  59.291685 22.756 -100.00 -100.00 -100.00
 269    49.691 57320.62071027 23.99  80.162719  59.293342 10.197 -100.00 -100.00 -100.00
 270    45.869 57330.53635142 38.59  80.151526  59.290203   -100 -100.00 -100.00 -100.00
 270    45.633 57330.53635201 39.11  80.155518  59.291859   -100 -100.00 -100.00 -100.00
 270    45.726 57330.53635260 32.25  80.159510  59.293516 28.139 -100.00 -100.00 -100.00
 271   101.840 57340.45199185 19.11  80.149777  59.290783 11.456 -100.00 -100.00 -100.00
 271    99.932 57340.45199244 15.96  80.153769  59.292440  8.497 -100.00 -100.00 -100.00
 271    94.503 57340.45199303 25.42  80.157761  59.294096 31.583 -100.00 -100.00 -100.00
 272    45.482 57350.36764205 37.34  80.147615  59.290179 28.660 -100.00 -100.00 -100.00
 272    45.366 57350.36764264 36.34  80.151606  59.291836 22.742 -100.00 -100.00 -100.00
 272    45.148 57350.36764323 34.52  80.155599  59.293493 18.234 -100.00 -100.00 -100.00
 273    91.813 57360.28328758 14.55  80.151441  59.289137  9.141 -100.00 -100.00 -100.00
 273    91.105 57360.28328817 11.13  80.155433  59.290794 10.693 -100.00 -100.00 -100.00
 274    96.512 57370.19892995  4.25  80.155978  59.288024  3.607 -100.00 -100.00 -100.00
 274    95.186 57370.19893054  5.25  80.159970  59.289680  4.255 -100.00 -100.00 -100.00
 274   112.370 57370.19893113  3.68  80.163963  59.291337  3.432 -100.00 -100.00 -100.00
 276    49.882 57390.03020838 14.91  80.156779  59.289280 17.738 -100.00 -100.00 -100.00
 276    48.308 57390.03020897 16.36  80.160771  59.290937  9.822 -100.00 -100.00 -100.00
 276    45.324 57390.03020956 20.81  80.164763  59.292593  7.535 -100.00 -100.00 -100.00
 277    45.417 57399.94584553 18.26  80.153477  59.288934  5.120 -100.00 -100.00 -100.00
 277    45.514 57399.94584612 18.92  80.157469  59.290591  5.879 -100.00 -100.00 -100.00
 277    45.462 57399.94584671 18.62  80.161461  59.292248  4.710 -100.00 -100.00 -100.00
 278    44.882 57409.86148442 19.34  80.155327  59.289050  8.058 -100.00 -100.00 -100.00
 278    45.111 57409.86148501 18.82  80.159319  59.290707  6.344 -100.00 -100.00 -100.00
 278    45.649 57409.86148560 18.73  80.163310  59.292364  6.050 -100.00 -100.00 -100.00
 279    50.045 57419.77713677 19.03  80.155080  59.288878  6.977 -100.00 -100.00 -100.00
 279    49.770 57419.77713736 18.32  80.159072  59.290535  5.660 -100.00 -100.00 -100.00
 279    47.918 57419.77713795 17.95  80.163063  59.292192  4.541 -100.00 -100.00 -100.00
 280    49.913 57429.69278666 16.77  80.154815  59.289229  5.313 -100.00 -100.00 -100.00
 280    48.317 57429.69278725 16.68  80.158806  59.290885  4.642 -100.00 -100.00 -100.00
 280    48.676 57429.69278784 16.54  80.162799  59.292542  4.633 -100.00 -100.00 -100.00
 281    49.714 57439.60843455 17.19  80.153975  59.290783  6.505 -100.00 -100.00 -100.00
 281    45.028 57439.60843514 17.78  80.157967  59.292440  6.288 -100.00 -100.00 -100.00
 281    49.390 57439.60843573 16.18  80.161959  59.294096  3.847 -100.00 -100.00 -100.00
 282    48.010 57449.52408111 15.78  80.150532  59.291797  6.095 -100.00 -100.00 -100.00
 282    49.719 57449.52408170 15.53  80.154524  59.293453  5.357 -100.00 -100.00 -100.00
 283    44.245 57459.43972631 20.10  80.147944  59.292034 12.192 -100.00 -100.00 -100.00
 283    49.480 57459.43972690 16.72  80.151936  59.293691  7.650 -100.00 -100.00 -100.00
 284    44.147 57469.35536828 28.71  80.146897  59.290450   -100 -100.00 -100.00 -100.00
 284    44.555 57469.35536887 26.97  80.150889  59.292107 27.194 -100.00 -100.00 -100.00
 284    44.301 57469.35536946 26.47  80.154881  59.293764 31.545 -100.00 -100.00 -100.00
 285    82.094 57479.27100679  8.41  80.151851  59.289374 20.052 -100.00 -100.00 -100.00
 285    81.710 57479.27100738  9.41  80.155843  59.291031 24.125 -100.00 -100.00 -100.00
 285    81.124 57479.27100797 12.63  80.159835  59.292688   -100 -100.00 -100.00 -100.00
 286    45.546 57489.18664225 33.68  80.157112  59.288698 28.648 -100.00 -100.00 -100.00
 286    45.297 57489.18664284 34.26  80.161104  59.290355   -100 -100.00 -100.00 -100.00
 286    45.311 57489.18664343 31.25  80.165096  59.292012 29.239 -100.00 -100.00 -100.00
 287    50.490 57499.10227547 26.93  80.160276  59.288196 11.977 -100.00 -100.00 -100.00
 287    50.466 57499.10227606 27.17  80.164268  59.289853 11.115 -100.00 -100.00 -100.00
 287    50.285 57499.10227665 32.32  80.168260  59.291510 21.038 -100.00 -100.00 -100.00
 288    84.657 57509.01791765 15.95  80.155819  59.287288  6.338 -100.00 -100.00 -100.00
 288    84.269 57509.01791824 13.92  80.159811  59.288945  5.225 -100.00 -100.00 -100.00
 288    83.593 57509.01791883 13.19  80.163802  59.290602  4.150 -100.00 -100.00 -100.00
 289    50.475 57518.93357341 33.94  80.153283  59.288690 28.857 -100.00 -100.00 -100.00
 289    50.132 57518.93357400 28.62  80.157274  59.290347 16.600 -100.00 -100.00 -100.00
 289    50.173 57518.93357459 32.49  80.161266  59.292003 26.346 -100.00 -100.00 -100.00
 290    50.931 57528.84922676 42.78  80.155167  59.290302 24.922 -100.00 -100.00 -100.00
 290    50.856 57528.84922735 50.00  80.159159  59.291959   -100 -100.00 -100.00 -100.00
 290    50.726 57528.84922794 52.83  80.163151  59.293615   -100 -100.00 -100.00 -100.00
 291    50.375 57538.76487661 33.11  80.155589  59.289314 21.982 -100.00 -100.00 -100.00
 291    50.558 57538.76487720 32.54  80.159580  59.290971 19.328 -100.00 -100.00 -100.00
 291    50.733 57538.76487779 38.27  80.163572  59.292627   -100 -100.00 -100.00 -100.00
 292    50.056 57548.68052400 34.44  80.156934  59.288682 16.873 -100.00 -100.00 -100.00
 292    50.159 57548.68052459 34.73  80.160925  59.290339 16.024 -100.00 -100.00 -100.00
 292    50.109 57548.68052518 35.67  80.164917  59.291995 15.584 -100.00 -100.00 -100.00
 293    49.196 57558.59616974 41.53  80.154448  59.287804 31.704 -100.00 -100.00 -100.00
 293    49.075 57558.59617033 41.22  80.158439  59.289460 30.998 -100.00 -100.00 -100.00
 293    49.098 57558.59617092 42.24  80.162431  59.291117   -100 -100.00 -100.00 -100.00
 294    50.233 57568.51181529 24.94  80.154250  59.289479 13.695 -100.00 -100.00 -100.00
 294    49.977 57568.51181588 22.99  80.158241  59.291136 11.387 -100.00 -100.00 -100.00
 294    49.769 57568.51181647 25.32  80.162234  59.292792 16.885 -100.00 -100.00 -100.00
 295    49.880 57578.42745976 35.39  80.150507  59.289536 14.698 -100.00 -100.00 -100.00
 295    47.143 57578.42746035 37.94  80.154499  59.291193 21.993 -100.00 -100.00 -100.00
 295    47.073 57578.42746094 38.97  80.158491  59.292849 28.299 -100.00 -100.00 -100.00
 296    49.793 57588.34310330 31.05  80.151404  59.290289 24.432 -100.00 -100.00 -100.00
 296    49.455 57588.34310389 31.47  80.155396  59.291946 22.447 -100.00 -100.00 -100.00
 296    49.298 57588.34310448 33.76  80.159388  59.293602 22.142 -100.00 -100.00 -100.00
 297    50.153 57598.25874392 30.24  80.151151  59.289471 15.432 -100.00 -100.00 -100.00
 297    49.693 57598.25874451 27.66  80.155143  59.291127 12.556 -100.00 -100.00 -100.00
 297    49.759 57598.25874510 28.62  80.159135  59.292784 12.800 -100.00 -100.00 -100.00
