# NaN NaN NaN ;Mean Elev.(m), Avg Gradient(m/km), RMS Gradient(m/km) - SRTM1     
#   34.950  -0.488   2.873 ;Mean Elev.(m), Avg Gradient(m/km), RMS Gradient(m/km) - ASTER GDEM
#   23.353  -0.596   3.305 ;Mean Elev.(m), Avg Gradient(m/km), RMS Gradient(m/km) - GMTED2010 
   1  77.703125  60.529873    40.876    40.876  2 54667.21066635 22.071
   2  77.701755  60.530931    38.376    38.376  2 54677.12631082 31.433
   3  77.700251  60.532332   -29.512   -29.512  2 54687.04195393  7.053
   4  77.701549  60.533237    36.748    36.748  2 54696.95759544 38.936
   5  77.699803  60.530707   -23.927   -23.927  2 54706.87323561  7.489
   6  77.701481  60.529333    35.281    35.281  2 54716.78888758 42.211
   7  77.703909  60.528386    -3.477    -3.477  2 54726.70453723  9.061
   8  77.701352  60.528036    34.734    34.734  2 54736.62018486 32.990
   9  77.700553  60.530356    40.774    40.774  2 54746.53583250 25.807
  10  77.701374  60.532857    40.927    40.927  2 54756.45147991 26.511
  11  77.699421  60.531762    35.192    35.192  2 54766.36712489 36.194
  12  77.704217  60.530603    34.909    34.909  2 54776.28276736 35.021
  13  77.704476  60.528089    35.862    35.862  2 54786.19840677 37.813
  14  77.703522  60.527372    36.948    36.920  3 54796.11404495 43.860
  15  77.701205  60.528103    36.215    36.215  2 54806.02968262 27.446
  16  77.701071  60.529148    35.640    35.640  2 54815.94531991 24.156
  17  77.703476  60.531036    35.349    35.349  2 54825.86096759 25.010
  18  77.702050  60.530908    38.388    38.388  2 54835.77660676 20.744
  19  77.702507  60.532328    40.946    40.946  2 54845.69225659 19.173
  20  77.700518  60.533288    42.137    42.137  2 54855.60790550 18.260
  21  77.693861  60.532876    41.311    41.282  4 54865.52355379 17.546
  22  77.695437  60.533952    41.715    41.708  4 54875.43920263 17.715
  23  77.698385  60.533650    41.082    41.143  3 54885.35484860 16.586
  24  77.701119  60.532095    41.428    41.428  2 54895.27049093 16.405
  25  77.702625  60.530698    40.931    40.931  2 54905.18613045 16.455
  27  77.702794  60.531098    34.423    34.423  2 54925.01740673 33.486
  28  77.703027  60.531456    34.924    34.924  2 54934.93304395 26.462
  30  77.703595  60.526912    40.411    40.411  2 54954.76431145 32.671
  31  77.705211  60.526333    40.319    40.319  2 54964.67995781 32.225
  32  77.704799  60.527174    40.667    40.667  2 54974.59560605 32.512
  34  77.700780  60.530240    40.655    40.655  2 54994.42690162 31.259
  35  77.701528  60.531638    40.806    40.806  2 55004.34254828 36.156
  36  77.700350  60.531577    40.565    40.565  2 55014.25819244 28.916
  37  77.700498  60.531785    39.895    39.895  2 55024.17383532 36.622
  38  77.701042  60.532899    40.923    40.923  2 55034.08947769 24.795
  39  77.698626  60.532414    38.164    38.164  2 55044.00511883 52.000
  40  77.702347  60.532411    37.754    37.754  2 55053.92075891 31.565
  41  77.702188  60.529557    36.517    36.517  2 55063.83639606 45.351
  42  77.704145  60.528869    38.732    38.732  2 55073.75204193 25.400
  43  77.702957  60.528505    36.720    36.720  2 55083.66768984 28.734
  44  77.700976  60.529088    35.826    35.826  2 55093.58333632 32.985
  45  77.703030  60.531063    36.691    36.691  2 55103.49898326 30.955
  46  77.700657  60.530866    35.157    35.157  2 55113.41462928 30.876
  48  77.702478  60.529162    35.342    35.342  2 55133.24591399 42.022
  49  77.703275  60.528298    36.514    36.514  2 55143.16155272 39.473
  50  77.703976  60.528864    36.528    36.528  2 55153.07719094 38.888
  51  77.700812  60.528561    36.631    36.631  2 55162.99282899 37.271
  52  77.702915  60.529888    36.090    36.090  2 55172.90846740 29.812
  53  77.703735  60.529755    40.630    40.630  2 55182.82410418 19.520
  54  77.701470  60.530346    38.266    38.266  2 55192.73975525 18.606
  55  77.701031  60.532195    39.948    39.948  2 55202.65540546 17.059
  56  77.698692  60.533142    39.394    39.394  2 55212.57105479 16.835
  57  77.696523  60.532884    41.256    40.759  3 55222.48670358 16.262
  58  77.701644  60.533551    41.636    41.636  2 55232.40235183 15.682
  60  77.703853  60.530546    41.563    41.563  2 55252.23363722 14.644
  61  77.703966  60.530653    41.726    41.726  2 55262.14927601 13.802
  62  77.702863  60.531152    41.750    41.750  2 55272.06491372 14.751
  63  77.701231  60.530433    42.729    42.729  2 55281.98055103 11.837
  64  77.702552  60.529252    42.932    42.932  2 55291.89618736 11.541
  65  77.705126  60.527638    42.137    42.137  2 55301.81182177  9.706
  66  77.704814  60.527181    37.594    36.767  3 55311.72746936 31.211
  67  77.704044  60.527824    37.332    37.381  3 55321.64311477 47.980
  68  77.700829  60.528514    40.648    40.648  2 55331.55875889 53.060
  70  77.701084  60.530706    41.426    41.426  2 55351.39004766 39.059
  71  77.700543  60.530242    41.781    41.781  2 55361.30568951 36.524
  72  77.702139  60.530986    42.034    42.034  2 55371.22132957 39.738
  73  77.702529  60.531886    42.085    42.085  2 55381.13696801 39.844
  74  77.701023  60.531997    41.916    41.916  2 55391.05260543 35.303
  76  77.703946  60.530161    40.187    40.187  2 55410.88389064 53.431
  77  77.702096  60.527452    38.336    38.336  2 55420.79954002 47.000
  78  77.703966  60.527479    40.600    40.613  3 55430.71518711 24.486
  80  77.701147  60.530518    38.403    38.403  2 55450.54647512 28.339
  81  77.700665  60.530918    35.573    35.573  2 55460.46211782 30.045
  82  77.701303  60.529399    41.208    41.208  2 55470.37775930 24.264
  83  77.703940  60.527773    37.054    35.583  3 55480.29339790 33.067
  84  77.703528  60.525998    36.841    36.841  2 55490.20903357 34.531
  85  77.704524  60.526592    36.711    36.711  2 55500.12466744 35.534
  86  77.702753  60.528254    36.047    36.047  2 55510.04030902 44.957
  87  77.700882  60.530006    35.769    35.769  2 55519.95595883 41.348
  88  77.702157  60.531350    35.161    35.161  2 55529.87160788 30.485
  89  77.700979  60.530784    35.485    35.485  2 55539.78725477 25.291
  90  77.699954  60.530614    40.962    40.962  2 55549.70289956 20.783
  91  77.699689  60.531945    40.649    40.649  2 55559.61854300 17.740
  92  77.697349  60.532558    40.864    40.864  2 55569.53418536 17.355
  93  77.700531  60.533249    41.400    41.400  2 55579.44982732 17.927
  94  77.700942  60.530372    40.476    40.476  2 55589.36546597 17.462
  95  77.703911  60.527208    41.519    41.519  2 55599.28110172 17.341
  96  77.705629  60.525401    40.166    40.159  3 55609.19673506 17.302
  97  77.705207  60.525653    39.697    39.812  3 55619.11236673 16.829
  98  77.703311  60.528609    39.694    39.694  2 55629.02801552 17.035
  99  77.702922  60.530285    41.540    41.540  2 55638.94366663 14.291
 101  77.703499  60.527027    40.440    40.440  2 55658.77496057 12.388
 102  77.704062  60.526379    35.253    35.253  2 55668.69060233 35.099
 103  77.703932  60.527881    40.297    40.297  2 55678.60624199 32.901
 104  77.701206  60.529220    40.865    40.865  2 55688.52187952 30.435
 105  77.702488  60.530760    41.045    41.045  2 55698.43751608 34.366
 106  77.704339  60.530407    41.163    41.163  2 55708.35315287 36.120
 107  77.703840  60.530043    40.994    40.994  2 55718.26880375 46.197
 108  77.701122  60.529733    39.917    39.917  2 55728.18445183 31.355
 109  77.699790  60.530772    38.675    38.675  2 55738.10009860 33.760
 111  77.702219  60.532864    36.923    36.923  2 55757.93138780 53.366
 112  77.702771  60.530558    36.822    36.822  2 55767.84702808 31.983
 113  77.703719  60.527439    38.171    38.171  2 55777.76266523 28.472
 114  77.705992  60.526028    35.865    35.929  3 55787.67830020 47.752
 115  77.703847  60.525644    37.970    37.970  2 55797.59393351 32.172
 116  77.705095  60.528504    37.927    37.927  2 55807.50957743 30.262
 117  77.703367  60.529789    36.355    36.355  2 55817.42522658 31.752
 118  77.703343  60.528615    36.099    36.099  2 55827.34087196 40.704
 119  77.703592  60.526372    36.822    37.361  3 55837.25651284 33.972
 120  77.704097  60.525011    36.062    35.312  3 55847.17215065 35.740
 121  77.705275  60.526361    35.824    35.067  3 55857.08778642 33.738
 122  77.702663  60.528559    34.176    34.176  2 55867.00343073 31.940
 124  77.701775  60.531707    34.705    34.705  2 55886.83472904 25.192
 125  77.703089  60.530907    38.583    38.583  2 55896.75036923 20.317
 126  77.701906  60.528735    42.780    42.780  2 55906.66600393 20.276
 127  77.702005  60.529646    38.664    38.664  2 55916.58164909 18.037
 128  77.701481  60.531560    42.768    42.768  2 55926.49730287 16.290
 129  77.700845  60.531921    42.916    42.916  2 55936.41295312 16.150
 130  77.703448  60.531143    42.234    42.234  2 55946.32859861 16.243
 131  77.704034  60.528723    42.090    42.090  2 55956.24423917 16.945
 132  77.704163  60.527270    42.485    42.485  2 55966.15987715 16.279
 133  77.702563  60.527401    42.797    42.797  2 55976.07551403 16.703
 134  77.703133  60.528773    42.625    42.625  2 55985.99115041 16.801
 135  77.702986  60.528481    42.576    42.576  2 55995.90678623 17.280
 136  77.703738  60.528489    42.644    42.644  2 56005.82243796 15.331
 137  77.704428  60.527560    42.399    42.399  2 56015.73808558 13.403
 138  77.704014  60.527717    33.744    33.744  2 56025.65373034 27.318
 139  77.702378  60.529120    35.174    35.174  2 56035.56937342 39.841
 141  77.700479  60.531253    42.186    42.186  2 56055.40065284 25.147
 142  77.703147  60.531056    40.688    40.688  2 56065.31628734 25.476
 143  77.701233  60.529894    39.358    39.358  2 56075.23193244 27.183
 144  77.700671  60.530529    37.900    37.900  2 56085.14758187 48.232
 146  77.699908  60.530845    35.756    35.756  2 56104.97887364 41.290
 147  77.702952  60.530710    35.088    35.088  2 56114.89450421 29.448
 148  77.703756  60.529129    34.698    34.698  2 56124.81014221 40.109
 149  77.703059  60.526544    34.320    34.320  2 56134.72577598 43.851
 150  77.704999  60.526807    34.238    34.261  3 56144.64141693 33.111
 151  77.702896  60.527619    33.931    33.931  2 56154.55706705 31.149
 152  77.701223  60.528787    33.616    33.616  2 56164.47271617 36.448
 153  77.703601  60.530345    33.525    33.525  2 56174.38836358 30.132
 154  77.702990  60.529310    33.825    33.825  2 56184.30400524 44.302
 155  77.703575  60.528090    33.695    33.695  2 56194.21964319 34.063
 156  77.704174  60.527773    33.960    33.960  2 56204.13527834 35.999
 157  77.705357  60.528743    34.277    34.277  2 56214.05091209 43.716
 158  77.703289  60.529047    33.644    33.644  2 56223.96654685 28.764
 159  77.702067  60.530786    34.705    34.705  2 56233.88220284 39.235
 161  77.702474  60.531666    37.304    37.304  2 56253.71350209 25.080
 163  77.702815  60.531974    41.934    41.934  2 56273.54478617 21.351
 164  77.700223  60.530547    41.243    41.243  2 56283.46042940 19.593
 165  77.700702  60.529981    40.649    40.649  2 56293.37608101 17.666
 166  77.701377  60.528892    40.522    40.522  2 56303.29172817 18.024
 167  77.702204  60.528639    40.463    40.463  2 56313.20737130 17.030
 168  77.702602  60.529414    40.519    40.519  2 56323.12301231 16.147
 169  77.701639  60.529982    41.350    41.350  2 56333.03865249 15.766
 171  77.701628  60.528028    42.324    42.324  2 56352.86992929 15.132
 172  77.704611  60.527895    41.731    41.731  2 56362.78557123 14.651
 173  77.703569  60.528514    41.129    41.129  2 56372.70122027 13.273
 175  77.701659  60.532375    33.777    33.777  2 56392.53251138 24.187
 177  77.701560  60.532199    37.432    37.432  2 56412.36379402 38.369
 179  77.703575  60.530746    40.955    40.955  2 56432.19507022 35.686
 180  77.701458  60.531903    41.528    41.528  2 56442.11072274 35.943
 181  77.699207  60.532398    42.075    42.075  2 56452.02637259 44.378
 182  77.699898  60.531882    42.266    42.266  2 56461.94202010 35.136
 183  77.702838  60.530851    42.339    42.339  2 56471.85766446 36.404
 184  77.704542  60.529265    42.283    42.283  2 56481.77330514 42.599
 185  77.704521  60.528550    41.567    41.567  2 56491.68894208 40.504
 186  77.702528  60.528167    39.396    39.396  2 56501.60457647 34.952
 187  77.702452  60.528182    37.470    37.470  2 56511.52020962 30.622
 188  77.702879  60.528458    39.239    39.239  2 56521.43585548 25.177
 189  77.703097  60.528491    37.142    37.142  2 56531.35150861 28.512
 191  77.704869  60.529500    40.145    40.145  2 56551.18280326 23.240
 193  77.701658  60.532794    36.888    36.888  2 56571.01408770 32.564
 194  77.700754  60.532989    38.165    38.165  2 56580.92972767 34.180
 195  77.701690  60.531020    35.332    35.332  2 56590.84536341 34.423
 196  77.703557  60.530435    35.767    35.767  2 56600.76101120 36.725
 197  77.703880  60.531008    37.313    37.313  2 56610.67666141 47.078
 198  77.701116  60.531628    37.978    37.978  2 56620.59230674 44.198
 199  77.701246  60.532724    38.061    38.061  2 56630.50794936 29.871
 200  77.699748  60.530705    37.286    37.286  2 56640.42358785 23.760
 201  77.704817  60.529871    36.928    36.928  2 56650.33923503 19.951
 202  77.704111  60.527999    41.660    41.660  2 56660.25488552 19.874
 203  77.702081  60.527769    36.554    36.554  2 56670.17053248 27.577
 204  77.702866  60.530663    36.588    36.588  2 56680.08617783 21.806
 206  77.702191  60.531458    41.363    41.363  2 56699.91746100 17.279
 207  77.703027  60.528708    40.732    40.732  2 56709.83309603 18.034
 208  77.704775  60.527909    40.785    40.785  2 56719.74873718 18.163
 209  77.702380  60.529060    41.191    41.191  2 56729.66438928  8.317
 210  77.700020  60.531748    41.861    41.861  2 56739.58003775 11.855
 211  77.694146  60.532294    43.647    43.719  3 56749.49568167  7.827
 212  77.694314  60.532049    36.264    36.234  3 56759.41132128 25.966
 213  77.700696  60.531351    38.773    38.773  2 56769.32695509 31.927
 214  77.701727  60.530546    42.104    42.104  2 56779.24260469 42.581
 216  77.697683  60.532173    41.745    41.745  2 56799.07391221 54.087
 217  77.697941  60.533775    41.457    41.474  3 56808.98955837 35.953
 218  77.697443  60.532539    41.549    41.549  2 56818.90519857 34.401
 219  77.703320  60.531345    41.608    41.608  2 56828.82083566 36.954
 220  77.703468  60.527453    41.379    41.379  2 56838.73646872 40.439
 221  77.704223  60.525888    40.834    40.834  2 56848.65209994 43.131
 222  77.705179  60.529482    39.936    39.936  2 56858.56775511 29.950
 224  77.701145  60.532561    37.461    37.461  2 56878.39906034 37.292
 225  77.700720  60.531562    36.248    36.248  2 56888.31470845 37.799
 226  77.702836  60.531050    37.116    37.116  2 56898.23035412 30.369
 228  77.697534  60.532134    35.555    35.555  2 56918.06163763 36.181
 229  77.693015  60.532255    35.485    35.480  4 56927.97727607 49.602
 230  77.698920  60.533617    35.335    35.335  2 56937.89291156 35.322
 231  77.701694  60.531345    34.910    34.910  2 56947.80854390 37.466
 232  77.701791  60.530257    35.940    35.940  2 56957.72419728 36.335
 233  77.703553  60.530784    37.334    37.334  2 56967.63984571 44.251
 235  77.701951  60.531989    36.715    36.715  2 56987.47112977 19.730
 237  77.704273  60.529257    36.051    36.051  2 57007.30241050 18.840
 238  77.702898  60.527726    40.198    40.198  2 57017.21806397 18.880
 239  77.701933  60.527851    39.844    39.844  2 57027.13371408 16.654
 240  77.701673  60.530059    40.981    40.981  2 57037.04936261 16.135
 242  77.700451  60.531526    41.395    41.395  2 57056.88065039 14.102
 243  77.704085  60.530834    41.364    41.364  2 57066.79628729 14.951
 244  77.702249  60.528472    41.712    41.712  2 57076.71191915 14.251
 245  77.704093  60.528235    34.986    34.986  2 57086.62754921 19.061
 246  77.700823  60.530902    42.520    42.520  2 57096.54320821 15.035
 247  77.698869  60.533264    42.611    42.611  2 57106.45886448 15.311
 248  77.693404  60.532018    43.184    41.625  3 57116.37451524 11.039
 249  77.699458  60.532767    35.468    35.468  2 57126.29016102 22.879
 251  77.700631  60.529586    40.194    40.194  2 57146.12143596 51.159
 252  77.701726  60.529064    41.688    41.688  2 57156.03706903 48.264
 253  77.703038  60.529687    42.261    42.261  2 57165.95271103 41.079
 254  77.702298  60.530571    43.333    43.333  2 57175.86836752 46.843
 256  77.703885  60.529704    43.394    43.394  2 57195.69966879 41.463
 257  77.704417  60.529944    42.960    42.960  2 57205.61530389 40.361
 258  77.702870  60.530749    42.393    42.393  2 57215.53094916 47.857
 259  77.702168  60.531630    40.302    40.302  2 57225.44659322 32.614
 260  77.701778  60.531531    37.310    37.310  2 57235.36223521 37.733
 261  77.703060  60.530948    36.420    36.420  2 57245.27787387 41.269
 262  77.701698  60.529432    41.157    41.157  2 57255.19350955 26.079
 263  77.701286  60.529413    41.326    41.326  2 57265.10914417 25.666
 264  77.701235  60.530627    36.061    36.061  2 57275.02478599 29.897
 266  77.701401  60.532969    35.878    35.878  2 57294.85609755 42.407
 267  77.699504  60.531638    42.000    42.000  2 57304.77174779 23.462
 268  77.700621  60.531532    37.187    37.187  2 57314.68739463 33.995
 270  77.702072  60.532344    36.987    36.987  2 57334.51868022 41.431
 271  77.701224  60.531228    37.956    37.956  2 57344.43431983 41.645
 272  77.699920  60.530816    36.869    36.869  2 57354.34997373 34.857
 274  77.700998  60.528979    37.095    37.095  2 57374.18125811 26.836
 275  77.701217  60.529000    37.004    37.004  2 57384.09689676 22.569
 276  77.700732  60.528880    36.982    36.982  2 57394.01253486 20.049
 277  77.703697  60.529592    38.186    38.186  2 57403.92817244 18.403
 279  77.701821  60.529876    40.617    40.617  2 57423.75946969 17.196
 280  77.701763  60.531527    40.970    40.970  2 57433.67511851 17.442
 281  77.698199  60.532303    41.720    41.720  2 57443.59076516 16.581
 282  77.693355  60.531740    42.814    41.940  3 57453.50641089 15.953
 283  77.697632  60.532975    42.539    42.479  3 57463.42205598 13.468
 285  77.703974  60.530551    34.992    34.992  2 57483.25333428 20.698
 286  77.701539  60.528384    36.017    36.017  2 57493.16896788 31.652
 287  77.704937  60.529285    40.187    40.187  2 57503.08460030 52.314
 288  77.702008  60.529669    41.087    41.087  2 57513.00025213 37.950
 289  77.701933  60.530017    41.273    41.273  2 57522.91590694 33.919
 290  77.701971  60.529132    41.698    41.698  2 57532.83155927 41.405
 291  77.701806  60.528431    41.819    41.819  2 57542.74720842 48.875
 292  77.704691  60.530048    41.515    41.515  2 57552.66285542 38.156
 293  77.700592  60.530102    40.786    40.786  2 57562.57850018 36.534
 294  77.702500  60.532018    40.696    40.696  2 57572.49414533 27.314
 295  77.701301  60.531522    38.042    38.042  2 57582.40978980 33.834
 296  77.700989  60.530514    38.106    38.106  2 57592.32543242 40.779
 297  77.700767  60.530022    38.803    38.803  2 57602.24107254 28.021
