# NaN NaN NaN ;Mean Elev.(m), Avg Gradient(m/km), RMS Gradient(m/km) - SRTM1     
#   -5.559  -0.234   1.824 ;Mean Elev.(m), Avg Gradient(m/km), RMS Gradient(m/km) - ASTER GDEM
#    2.650   0.086   4.932 ;Mean Elev.(m), Avg Gradient(m/km), RMS Gradient(m/km) - GMTED2010 
   2  65.892017  64.394020    10.975    11.082  5 54672.36965589 41.360
   3  65.892222  64.394911    -2.040    -1.933  5 54682.28529950 16.581
   5  65.892640  64.395935    -1.037    -0.924  5 54702.11658196 17.640
   6  65.891534  64.394419     8.418     8.495  4 54712.03223007 38.800
   7  65.896325  64.391494     7.820     7.236  4 54721.94788180 50.984
   8  65.893500  64.390315     7.574     6.910  4 54731.86353011 35.760
   9  65.895855  64.389816     6.964     7.119  4 54741.77917718 40.969
  10  65.896634  64.390110     7.408     6.606  4 54751.69482390 36.397
  11  65.893369  64.390743    10.201    10.224  4 54761.61047000 27.267
  12  65.894663  64.389713    10.066    10.050  3 54771.52611422 26.651
  13  65.893728  64.389163     7.484     7.304  4 54781.44175514 40.905
  14  65.896439  64.388659     7.058     7.064  4 54791.35739386 36.526
  15  65.894853  64.390231     6.900     6.871  3 54801.27303097 32.475
  16  65.892559  64.392164     6.565     6.578  4 54811.18866802 25.028
  17  65.892185  64.393349     9.961     9.974  4 54821.10430858 17.143
  18  65.892134  64.392954    10.364    10.367  4 54831.01996086 14.975
  19  65.895267  64.392127    10.522    10.540  4 54840.93559997 14.605
  20  65.893124  64.392901    10.662    10.627  5 54850.85124869 13.974
  21  65.892741  64.394031    10.830    10.834  4 54860.76689710 14.621
  22  65.892987  64.394589    10.800    10.830  5 54870.68254567 13.401
  23  65.894694  64.393264    10.605    10.607  4 54880.59819313 11.926
  24  65.894923  64.390964    10.635    10.617  4 54890.51383732 12.661
  25  65.893958  64.388947    10.566    10.663  4 54900.42947838 12.334
  26  65.895909  64.388492    10.968    10.977  3 54910.34511761 13.042
  27  65.893069  64.390479    11.096    11.085  4 54920.26075503 14.281
  28  65.895148  64.391548    11.219    11.208  4 54930.17639256 12.511
  29  65.896031  64.391259    11.366    11.363  4 54940.09202896 12.621
  30  65.894274  64.390449     8.361     8.346  4 54950.00766353 13.511
  31  65.894706  64.389383     8.152     8.152  4 54959.92330274 44.679
  32  65.895024  64.389645    11.016    11.003  4 54969.83895136 43.845
  33  65.891977  64.391605    11.756    11.752  4 54979.75459831 43.772
  34  65.893355  64.392560    11.534    11.521  4 54989.67024553 29.383
  35  65.895653  64.392107    11.439    11.432  4 54999.58589293 32.792
  36  65.893593  64.392139    11.339    11.345  5 55009.50153811 32.129
  37  65.895926  64.391688    11.229    11.171  4 55019.41718205 44.858
  38  65.892987  64.393233    10.886    10.757  5 55029.33282410 36.854
  39  65.891746  64.394809    10.361    10.374  4 55039.24846573 34.351
  40  65.891316  64.395837     9.696     9.669  4 55049.16410622 28.088
  41  65.893648  64.394563     9.905     9.898  4 55059.07974507 23.295
  42  65.895727  64.391801     7.940     7.862  4 55068.99538495 39.738
  43  65.895447  64.389149     7.789     7.719  4 55078.91103493 47.846
  44  65.894219  64.388716     9.427    10.079  4 55088.82668246 25.079
  45  65.894436  64.389951     8.077     7.978  4 55098.74232856 29.858
  46  65.892403  64.391835    10.068     9.983  4 55108.65797387 21.703
  47  65.896211  64.390956     6.455     6.529  4 55118.57361884 40.266
  48  65.893400  64.389466     9.972     9.991  4 55128.48926088 24.261
  49  65.894619  64.387492     6.538     6.596  3 55138.40490124 36.587
  50  65.894853  64.387956     5.392     5.395  4 55148.32053985 38.323
  51  65.892247  64.391067     5.587     5.590  4 55158.23617752 35.209
  52  65.892238  64.393581     5.830     5.841  5 55168.15181527 26.331
  53  65.892257  64.394529     6.657     6.803  4 55178.06745244 17.962
  54  65.893762  64.393198     7.152     6.965  4 55187.98309744 15.705
  55  65.892858  64.392356     6.961     7.204  4 55197.89874824 15.537
  56  65.890971  64.393134     7.921     8.118  4 55207.81439777 13.761
  57  65.891425  64.394445     7.920     7.743  4 55217.73004689 14.043
  58  65.893794  64.394297    10.136    10.147  4 55227.64569559 13.654
  59  65.894956  64.392507    10.248    10.278  4 55237.56134145 13.640
  60  65.894604  64.389768    10.548    10.532  4 55247.47698375 13.942
  61  65.896366  64.387368    10.930    10.930  4 55257.39262377 14.240
  62  65.897309  64.387484    10.762    10.751  3 55267.30826268 14.927
  63  65.892621  64.390463    10.913    10.871  4 55277.22390035 15.713
  64  65.893441  64.392167    11.126    11.142  4 55287.13953749 14.711
  65  65.892192  64.392585    11.052    11.080  4 55297.05517224 15.339
  66  65.894652  64.390178     9.080     9.742  3 55306.97081390  8.293
  67  65.895118  64.388145     9.451    10.197  4 55316.88646078 37.930
  68  65.895027  64.388389    10.377    10.411  3 55326.80210616 38.720
  69  65.895229  64.390535    10.918    10.792  4 55336.71775039 37.521
  70  65.892990  64.393089    10.968    10.946  4 55346.63339389 34.104
  71  65.891442  64.394013    10.915    10.922  4 55356.54903619 38.186
  72  65.892798  64.393339    10.773    10.777  5 55366.46467689 42.578
  73  65.892740  64.392890    10.758    10.777  4 55376.38031598 37.276
  74  65.892247  64.393624    10.724    10.681  5 55386.29595405 41.061
  75  65.891849  64.394900    10.643    10.652  5 55396.21159121 37.912
  76  65.891043  64.395673    10.435    10.411  5 55406.12723247 38.044
  77  65.892769  64.393757    10.397    10.422  4 55416.04288413 34.758
  78  65.893499  64.390761     9.988     9.983  4 55425.95853246 26.927
  79  65.895944  64.388160    10.235    10.246  4 55435.87417821 26.399
  80  65.896241  64.387938    10.167    10.170  3 55445.78982219 23.066
  81  65.895659  64.389540    10.071    10.081  4 55455.70546519 22.964
  82  65.896197  64.391184     9.953     9.943  4 55465.62110756 25.009
  83  65.894577  64.391644     9.934     9.950  4 55475.53674685 30.145
  84  65.894850  64.390230    10.051    10.066  4 55485.45238337 24.869
  85  65.896191  64.388598    10.171    10.182  3 55495.36801792 25.036
  86  65.895840  64.389449     9.721     9.666  4 55505.28365176 28.894
  87  65.891841  64.391818     7.269     6.579  4 55515.19930178 26.019
  88  65.892970  64.393583     6.326     6.366  5 55525.11495143 36.439
  89  65.892433  64.394206     5.627     5.629  5 55535.03059909 34.511
  90  65.895110  64.392975     5.925     5.922  4 55544.94624516 27.135
  91  65.893675  64.392523     5.818     5.821  4 55554.86188888 27.906
  92  65.893156  64.392857     5.804     5.743  5 55564.77753162 22.127
  93  65.892765  64.393589     5.587     5.625  4 55574.69317372 20.319
  94  65.893575  64.393225     5.339     5.325  4 55584.60881445 22.282
  95  65.894176  64.391982     5.450     5.426  4 55594.52445185 16.388
  96  65.893646  64.390743     9.550    10.006  4 55604.44008587 17.411
  97  65.892416  64.390558     7.788     8.079  4 55614.35571770 17.119
  98  65.892420  64.391161    10.304    10.297  4 55624.27135632 14.634
  99  65.891464  64.391799    10.519    10.538  4 55634.18700885 14.132
 100  65.894836  64.391406    10.339    10.459  4 55644.10265962 13.567
 101  65.892045  64.391382     9.116     9.540  4 55654.01830696 12.779
 102  65.893900  64.389951     9.062    10.390  4 55663.93395035 25.272
 103  65.895434  64.389129     8.525     7.879  3 55673.84959064 39.562
 104  65.894050  64.390029    10.621    10.512  4 55683.76522894 46.780
 105  65.892515  64.392197    10.897    10.896  4 55693.68086581 37.680
 106  65.891300  64.394452    10.891    10.893  4 55703.59650123 38.659
 107  65.891143  64.395098    10.785    10.791  4 55713.51214615 35.673
 108  65.894208  64.394001    10.689    10.705  4 55723.42779570 34.886
 109  65.892086  64.393858    10.649    10.663  4 55733.34344276 38.671
 110  65.892564  64.393665    10.452    10.476  5 55743.25908884 36.280
 111  65.893480  64.393311     9.726     9.741  4 55753.17473360 31.066
 112  65.891973  64.392755     9.817     9.808  4 55763.09037589 27.499
 113  65.894362  64.391091     8.764     8.759  4 55773.00601581 28.082
 114  65.892812  64.390136     9.263     9.513  4 55782.92165183 25.376
 115  65.894060  64.390278     9.780     9.819  4 55792.83728542 20.600
 116  65.893593  64.391706     9.533     9.544  4 55802.75291981 21.600
 117  65.893152  64.392296     6.155     6.191  4 55812.66856956 35.926
 118  65.896057  64.391488     6.770     6.757  4 55822.58421800 41.588
 119  65.893463  64.391073     9.690     9.782  4 55832.49986112 23.725
 120  65.892832  64.390539     9.779     9.745  4 55842.41550005 20.468
 121  65.894974  64.390603     9.684     9.656  4 55852.33113615 23.823
 122  65.893317  64.392647     9.190     9.327  5 55862.24677018 22.448
 123  65.893744  64.393318     6.069     6.053  4 55872.16242468 36.388
 124  65.891790  64.394156     5.162     5.187  5 55882.07807412 33.194
 125  65.892380  64.394070     5.103     5.097  4 55891.99371732 27.199
 126  65.893165  64.394118     5.191     5.196  4 55901.90935478 27.085
 127  65.892071  64.395015     5.279     5.294  4 55911.82498914 24.669
 128  65.893024  64.394565     5.499     5.524  4 55921.74064367 18.693
 129  65.894639  64.393456     5.438     5.368  4 55931.65629562 18.553
 130  65.891186  64.392169     5.174     5.108  4 55941.57194302 17.706
 131  65.894349  64.389471     4.916     4.910  3 55951.48758669 17.627
 132  65.894578  64.388640     4.915     4.921  3 55961.40322630 17.050
 133  65.896219  64.389387     4.890     4.898  4 55971.31886375 17.499
 134  65.893515  64.391898     8.016     7.601  4 55981.23449951 15.515
 135  65.892701  64.393120     6.551     7.002  4 55991.15013431 15.734
 136  65.894988  64.391843     7.738     7.853  4 56001.06578046 15.846
 137  65.894116  64.390034     9.444     9.594  4 56010.98143091 16.241
 138  65.896447  64.388906    10.887    10.921  4 56020.89707771  6.530
 139  65.896644  64.389719    10.081    10.137  4 56030.81272116 12.631
 140  65.895567  64.391899    10.223    10.278  4 56040.72836234 38.196
 141  65.892091  64.394016    10.391    10.233  5 56050.64400110 34.123
 142  65.891236  64.394922    10.604    10.461  5 56060.55963751 38.864
 143  65.892177  64.394477    10.094    10.103  5 56070.47527451 35.092
 144  65.892402  64.393581    10.042    10.046  4 56080.39092540 33.303
 145  65.892741  64.393566     9.818     9.903  5 56090.30657359 26.835
 146  65.892335  64.394358     9.223     9.425  5 56100.22221922 41.005
 147  65.891363  64.394178     8.908     8.786  4 56110.13785080 41.628
 148  65.892291  64.392322     9.801     9.816  4 56120.05349113 21.834
 149  65.895707  64.389769     9.787     9.786  4 56129.96912807 22.527
 150  65.893375  64.389564    10.017    10.015  4 56139.88476116 20.570
 151  65.892724  64.390472     9.964     9.971  4 56149.80041138 19.795
 152  65.894385  64.392044     5.656     5.528  4 56159.71606040 33.176
 153  65.894525  64.392783     9.572     9.576  4 56169.63170794 20.972
 154  65.893792  64.391654     9.421     9.477  3 56179.54735202 19.048
 155  65.895449  64.389589     6.023     6.221  3 56189.46299223 24.639
 156  65.895153  64.389178     9.699     9.691  4 56199.37862906 18.949
 157  65.891873  64.391791     5.654     5.710  4 56209.29426280 37.125
 158  65.891085  64.395019     6.156     6.103  5 56219.20989498 29.567
 159  65.891360  64.396387     9.305     9.299  4 56229.12554245 20.662
 160  65.891742  64.395417     5.200     5.188  4 56239.04119633 42.405
 161  65.891132  64.393973     4.617     4.610  4 56248.95684625 35.938
 162  65.894366  64.392468     5.170     5.170  4 56258.87249162 23.198
 163  65.890941  64.393681     6.631     6.899  4 56268.78813320 17.930
 164  65.892028  64.394324     7.353     7.727  4 56278.70377350 17.428
 165  65.893750  64.393710     7.191     7.117  4 56288.61942334 16.279
 166  65.892949  64.391679     7.171     7.167  4 56298.53507209 15.067
 167  65.896299  64.388594     7.858     7.904  4 56308.45071738 14.617
 168  65.896433  64.387470     6.761     6.728  4 56318.36635973 13.873
 169  65.893477  64.389494     5.792     5.875  4 56328.28200041 13.460
 170  65.891132  64.392413     8.042     7.994  4 56338.19764014 12.411
 171  65.892130  64.393816    10.409    10.422  5 56348.11327840 12.416
 172  65.891947  64.393170    10.480    10.494  4 56358.02891393 12.545
 173  65.895725  64.389945    10.845    10.861  4 56367.94456431 13.268
 175  65.895370  64.390349    10.933    10.917  4 56387.77585793 12.333
 176  65.894251  64.393358    11.278    11.302  4 56397.69150096 11.837
 177  65.892049  64.395591     7.243     7.256  4 56407.60714162 18.234
 178  65.892971  64.395449     8.991     9.536  4 56417.52277880 43.006
 179  65.893704  64.394356    11.018    10.995  4 56427.43841137 38.466
 180  65.893331  64.392742    11.140    11.165  5 56437.35406410 47.273
 181  65.892475  64.392567    10.881    10.872  4 56447.26971556 38.118
 182  65.893177  64.393143    10.867    10.870  4 56457.18536489 37.854
 183  65.894619  64.392641    10.796    10.791  4 56467.10101117 36.271
 184  65.892335  64.391599    10.922    10.919  4 56477.01665311 54.807
 185  65.896247  64.389079    10.850    10.846  4 56486.93229203 33.341
 186  65.896186  64.388689    10.892    10.828  4 56496.84792771 44.336
 187  65.892653  64.390896    10.746    10.715  4 56506.76356148 43.121
 188  65.892905  64.393523    10.408    10.433  4 56516.67919647 37.639
 189  65.892645  64.394031     9.494     9.585  5 56526.59485081 34.797
 190  65.891008  64.393260    10.049    10.083  4 56536.51050094 30.025
 192  65.893955  64.390120     7.531     6.922  4 56556.34179167 41.650
 193  65.894781  64.391340     9.898     9.915  4 56566.25743437 23.826
 194  65.892298  64.394335     9.755     9.696  5 56576.17307530 23.108
 195  65.891585  64.396383     9.602     9.599  4 56586.08871320 16.549
 196  65.892807  64.396247     6.599     6.550  5 56596.00435168 30.569
 197  65.891087  64.394501     7.462     7.465  4 56605.92000400 44.893
 198  65.892584  64.392746     7.490     7.484  4 56615.83565172 32.904
 199  65.891837  64.392747     6.869     6.843  4 56625.75129547 33.684
 200  65.892640  64.393103     6.120     6.099  4 56635.66693656 27.886
 201  65.893745  64.393232     6.275     6.319  4 56645.58257564 25.999
 202  65.892181  64.391947     6.965     6.476  4 56655.49822806 24.043
 203  65.895340  64.389564     7.285     6.280  3 56665.41387671 21.646
 204  65.894846  64.388950     9.841     9.906  4 56675.32952227 18.573
 205  65.893668  64.390054    10.224    10.248  4 56685.24516662 14.572
 206  65.895299  64.391463     9.539     9.667  4 56695.16080921 14.966
 207  65.893454  64.393068    10.179    10.174  4 56705.07644698 15.120
 208  65.890934  64.393599    10.230    10.224  4 56714.99207931 15.456
 209  65.894341  64.391387    10.302    10.221  4 56724.90773186 15.431
 210  65.893933  64.390856    11.135    11.020  3 56734.82338178 11.954
 211  65.894018  64.392133    11.269    11.254  4 56744.73902821 12.165
 212  65.892015  64.394444    11.245    11.299  5 56754.65467007 11.756
 213  65.890876  64.395970     5.099     5.089  5 56764.57030654 33.650
 214  65.890356  64.395828     6.043     6.048  5 56774.48594300 25.005
 215  65.892074  64.393695    10.336    10.337  4 56784.40160033 40.745
 216  65.893460  64.392186    11.270    11.277  4 56794.31725398 33.442
 217  65.891560  64.392006    11.449    11.455  4 56804.23290381 32.345
 218  65.891693  64.391953    11.590    11.592  4 56814.14854654 33.316
 219  65.892399  64.391388    11.742    11.768  4 56824.06418586 29.884
 220  65.894301  64.390592    11.759    11.717  3 56833.97982131 39.401
 221  65.891959  64.391168    11.766    11.745  4 56843.89545279 37.210
 222  65.895447  64.391009    11.733    11.690  4 56853.81109610 33.542
 223  65.892478  64.391759    11.485    11.471  4 56863.72674957 31.373
 224  65.896134  64.391314    11.413    11.383  4 56873.64240313 42.090
 225  65.894762  64.391325    10.803    10.726  4 56883.55805303 35.464
 226  65.893444  64.391179    10.284    10.297  4 56893.47369961 29.688
 227  65.893908  64.390906    10.243    10.262  3 56903.38934320 25.096
 228  65.894913  64.391497    10.342    10.097  4 56913.30498485 29.439
 229  65.892666  64.393262     9.756     9.843  5 56923.22062445 32.762
 230  65.893088  64.394683     9.906     9.978  5 56933.13626192 31.295
 231  65.891891  64.395663     8.764     8.673  5 56943.05189399 31.684
 232  65.893014  64.394635     7.674     7.686  4 56952.96753955 42.017
 233  65.893185  64.393220     7.504     7.497  4 56962.88319025 26.648
 234  65.892118  64.392982     6.957     6.911  4 56972.79883585 25.714
 235  65.892216  64.393298     8.072     8.005  4 56982.71447724 16.211
 236  65.894446  64.393074     8.016     7.990  4 56992.63011424 26.302
 237  65.895530  64.392252     7.997     8.017  4 57002.54574915 20.552
 238  65.894086  64.390501    10.318    10.317  4 57012.46140610 13.303
 239  65.894168  64.389679    10.509    10.485  4 57022.37705754 14.466
 240  65.893400  64.390810    10.729    10.717  4 57032.29270606 15.168
 241  65.891598  64.392389    10.802    10.772  4 57042.20835239 13.448
 242  65.893135  64.392678    10.893    10.913  4 57052.12399696 13.202
 243  65.895595  64.391765    11.174    11.199  4 57062.03963740 12.653
 244  65.895409  64.391568    11.119    11.125  4 57071.95527215 12.343
 245  65.893854  64.392884    10.844    10.829  4 57081.87090250 12.230
 246  65.893772  64.394459    11.069    11.090  4 57091.78654704 13.096
 247  65.891269  64.395874    11.329    11.349  5 57101.70220402 10.892
 248  65.893134  64.395498    11.354    11.326  5 57111.61785813 11.397
 249  65.893721  64.394118    11.224    11.207  4 57121.53350639  6.232
 250  65.891356  64.392945    10.897    10.998  4 57131.44914875  9.553
 251  65.891908  64.392670     6.207     6.235  4 57141.36478628 21.607
 252  65.893047  64.393707    10.212    10.312  4 57151.28042056 36.538
 253  65.891435  64.395327    11.603    11.609  4 57161.19605125 31.624
 254  65.892239  64.393949    11.765    11.735  4 57171.11170708 31.403
 255  65.892594  64.391547    11.749    11.751  4 57181.02736228 30.953
 256  65.896464  64.388925    11.859    11.817  4 57190.94301388 33.351
 257  65.893363  64.389450    11.831    11.829  4 57200.85866136 56.640
 258  65.894036  64.390966    11.913    11.891  4 57210.77429538 46.102
 259  65.892903  64.392918    12.125    12.089  4 57220.68993894 39.366
 260  65.893745  64.393081    12.128    12.107  4 57230.60558162 32.134
 261  65.895127  64.392238    12.196    12.213  4 57240.52122207 33.401
 262  65.895325  64.391618    12.339    12.260  4 57250.43685967 32.770
 263  65.892101  64.393186    12.087    12.090  4 57260.35249467 49.311
 264  65.891709  64.395521    11.099    11.087  4 57270.26812863 32.757
 265  65.891831  64.396885    10.018    10.082  5 57280.18378211 37.515
 266  65.890336  64.396792     9.804     9.746  5 57290.09943750 35.625
 267  65.893168  64.394352     9.327     9.437  5 57300.01509053 41.776
 268  65.893528  64.391858     9.962    10.005  4 57309.93073964 21.969
 269  65.894115  64.390687     8.367     8.250  3 57319.84638520 43.144
 270  65.892566  64.391659     8.791     8.788  4 57329.76202750 42.058
 271  65.895031  64.392904     9.626     9.640  4 57339.67766796 40.938
 272  65.891699  64.393098     8.370     8.366  4 57349.59331718 32.941
 273  65.893390  64.390894     7.982     7.982  4 57359.50896299 32.037
 274  65.895157  64.388506     9.212     9.215  4 57369.42460567 19.375
 275  65.894590  64.388683     8.580     8.438  4 57379.34024545 19.886
 276  65.892452  64.391587     8.966     8.782  4 57389.25588360 19.023
 277  65.892438  64.394412    10.175    10.168  4 57399.17152104 19.355
 278  65.891947  64.395494    10.448    10.478  4 57409.08715851 15.177
 279  65.891822  64.393608    10.590    10.593  4 57419.00281156 14.916
 280  65.894771  64.391452    10.540    10.536  4 57428.91846230 17.346
 281  65.891727  64.392255    10.671    10.670  4 57438.83410984 16.600
 282  65.892889  64.394132    11.054    11.058  4 57448.74975641 16.938
 283  65.892290  64.396000    11.506    11.505  5 57458.66540155 21.648
 284  65.890497  64.396416    11.501    11.492  4 57468.58104375 15.627
 285  65.891027  64.394716    11.539    11.568  4 57478.49668230 12.070
 286  65.894552  64.392347     6.359     6.362  4 57488.41231810 14.205
 287  65.896076  64.391835     6.582     6.569  4 57498.32795158 23.985
 288  65.892450  64.393669    10.157    10.222  4 57508.24359204 40.168
 289  65.893314  64.393848    11.724    11.664  4 57518.15924828 31.355
 290  65.892857  64.393517    11.838    11.837  4 57528.07490155 57.139
 291  65.893017  64.391520    11.738    11.738  4 57537.99055214 32.955
 292  65.896549  64.388987    11.889    11.906  4 57547.90620041 33.870
 293  65.896230  64.388582    12.031    11.953  4 57557.82184669 45.893
 294  65.892152  64.391007    11.731    11.698  4 57567.73749135 31.965
 295  65.895280  64.392597    11.512    11.503  4 57577.65313604 37.838
 296  65.891472  64.394281    11.641    11.614  4 57587.56877878 56.795
 297  65.893902  64.393312    11.180    11.159  4 57597.48441985 34.128
