-189069.501    67.119     0.00    1.49
-188782.119    67.086    -0.12    1.65
-188494.716    67.279     0.67    1.71
-188207.292    67.345     0.23    1.83
-187919.848    67.647     1.05    1.82
-187632.383    68.095     1.56    1.78
-187344.898    68.274     0.62    1.70
-187057.392    68.262    -0.04    1.77
-186769.866    68.244    -0.06    1.83
-186482.318    68.221    -0.08    2.18
-186194.751    68.323     0.35    2.61
-185907.162    68.109    -0.74    3.05
-185619.553    67.559    -1.91    3.55
-185331.923    67.338    -0.77    3.71
-185044.273    67.047    -1.01    3.67
-184756.602    66.874    -0.60    3.75
-184468.910    67.288     1.44    3.67
-184181.198    67.393     0.37    3.69
-183893.465    67.409     0.05    3.57
-183605.711    66.673    -2.56    4.39
-183317.937    65.199    -5.12    5.99
-183030.142    62.871    -8.09    6.80
-182742.326    60.621    -7.82    6.98
-182454.490    59.359    -4.38    6.76
-182166.633    59.285    -0.26    7.57
-181878.755    59.996     2.47    8.36
-181590.857    62.005     6.98    8.93
-181302.938    65.010    10.44    8.31
-181014.998    66.969     6.80    6.70
-180727.037    67.854     3.07    5.06
-180439.056    67.933     0.27    3.78
-180151.054    67.411    -1.81    3.37
-179863.031    66.887    -1.82    2.78
-179574.987    66.597    -1.01    2.16
-179286.923    66.798     0.70    2.02
-178998.838    67.270     1.64    1.86
-178710.732    67.384     0.40    1.55
-178422.605    67.587     0.70    1.40
-178134.458    67.829     0.84    1.21
-177846.290    68.161     1.15    1.09
-177558.101    68.338     0.61    1.05
-177269.891    68.494     0.54    1.11
-176981.661    68.673     0.62    1.04
-176693.409    68.630    -0.15    1.11
-176405.137    68.709     0.27    1.06
-176116.844    68.769     0.21    1.05
-175828.531    68.795     0.09    1.02
-175540.196    68.621    -0.60    1.06
-175251.841    68.462    -0.55    1.07
-174963.465    68.117    -1.20    1.28
-174675.068    67.885    -0.80    1.42
-174386.650    67.503    -1.32    1.39
-174098.211    67.274    -0.80    1.31
-173809.752    67.170    -0.36    1.29
-173521.272    67.118    -0.18    1.32
-173232.770    67.054    -0.22    1.28
-172944.248    67.109     0.19    1.31
-172655.705    67.077    -0.11    1.36
-172367.142    66.639    -1.52    1.53
-172078.557    66.213    -1.48    1.62
-171789.951    65.639    -1.99    1.77
-171501.325    65.247    -1.36    1.90
-171212.678    65.112    -0.47    2.07
-170924.009    65.535     1.47    2.49
-170635.320    65.580     0.15    2.63
-170346.610    66.024     1.54    2.84
-170057.879    66.568     1.88    2.95
-169769.128    67.178     2.11    2.95
-169480.355    66.919    -0.90    3.05
-169191.561    66.906    -0.04    3.27
-168902.746    67.139     0.81    3.42
-168613.911    67.823     2.37    3.63
-168325.054    68.288     1.61    3.51
-168036.177    67.605    -2.36    4.00
-167748.898    66.989    -2.14    4.33
-167464.368    67.272     0.99    4.27
-167179.817    67.586     1.10    4.29
-166895.247    67.122    -1.63    4.48
-166610.658    67.071    -0.18    4.27
-166326.049    67.267     0.69    4.09
-166041.420    66.990    -0.97    3.50
-165756.772    67.100     0.39    3.47
-165472.104    66.821    -0.98    3.20
-165187.416    66.647    -0.61    2.83
-164902.709    66.384    -0.92    2.03
-164617.982    66.249    -0.47    1.63
-164333.236    66.160    -0.31    1.34
-164048.469    66.108    -0.18    1.15
-163763.684    66.165     0.20    1.10
-163478.878    65.910    -0.89    1.23
-163194.053    65.919     0.03    1.56
-162909.208    66.028     0.38    2.22
-162624.344    66.187     0.56    2.94
-162339.460    66.320     0.47    3.37
-162054.556    66.247    -0.25    3.79
-161769.633    66.814     1.99    4.00
-161484.690    67.577     2.68    3.96
-161199.727    68.024     1.57    3.87
-160914.745    68.571     1.92    3.79
-160629.742    69.258     2.41    3.40
-160344.720    69.867     2.14    2.72
-160059.679    70.058     0.67    2.67
-159774.618    70.181     0.43    2.82
-159489.537    70.223     0.14    2.91
-159204.436    70.417     0.68    2.96
-158919.315    70.369    -0.17    3.04
-158634.175    69.986    -1.34    3.36
-158349.015    69.630    -1.25    3.46
-158063.836    68.490    -4.00    4.03
-157778.636    67.546    -3.31    4.58
-157493.417    66.792    -2.64    4.91
-157208.178    66.161    -2.21    5.11
-156922.920    66.060    -0.35    5.42
-156637.641    66.622     1.97    5.21
-156352.343    67.588     3.39    4.57
-156067.025    68.294     2.47    3.27
-155781.687    69.108     2.85    2.69
-155496.330    69.656     1.92    2.60
-155210.953    69.630    -0.09    2.51
-154925.556    69.415    -0.75    2.85
-154640.139    67.867    -5.43    4.27
-154354.702    66.071    -6.29    5.12
-154069.245    64.263    -6.33    5.41
-153783.769    62.226    -7.13    5.28
-153498.273    59.433    -9.78    5.08
-153212.757    57.423    -7.04    4.85
-152927.221    55.681    -6.10    4.59
-152641.666    53.630    -7.18    4.86
-152356.090    51.656    -6.91    4.86
-152070.495    49.958    -5.95    4.19
-151784.880    48.856    -3.86    3.52
-151499.245    46.778    -7.28    4.17
-151213.590    44.984    -6.28    4.81
-150927.916    43.482    -5.26    5.10
-150642.221    42.291    -4.17    5.33
-150356.507    41.183    -3.88    5.10
-150070.773    39.788    -4.88    4.30
-149785.018    38.887    -3.15    3.20
-149499.244    38.110    -2.72    2.39
-149213.451    37.553    -1.95    1.84
-148927.637    37.362    -0.67    1.74
-148641.803    37.415     0.19    1.77
-148355.950    37.724     1.08    2.12
-148070.076    37.776     0.18    2.12
-147784.183    38.340     1.98    2.44
-147498.269    38.805     1.63    2.29
-147212.336    39.139     1.17    2.05
-146926.383    39.716     2.02    1.86
-146640.410    40.244     1.84    1.70
-146354.417    40.683     1.53    1.64
-146068.404    40.893     0.74    1.38
-145782.371    41.160     0.93    1.26
-145496.318    41.349     0.66    1.12
-145210.245    41.981     2.21    1.88
-144924.153    44.181     7.69    6.16
-144638.040    47.981    13.28    9.67
-144351.907    51.507    12.32   11.15
-144065.755    56.472    17.35   11.43
-143779.582    60.816    15.18    9.87
-143493.390    64.553    13.06    6.28
-143207.177    65.902     4.71    3.25
-142920.944    66.095     0.67    2.83
-142634.692    66.147     0.18    2.78
-142348.419    65.981    -0.58    2.79
-142062.127    65.922    -0.21    2.79
-141775.814    65.411    -1.79    3.03
-141489.481    64.912    -1.74    3.25
-141203.129    64.809    -0.36    3.52
-140916.756    64.384    -1.48    3.50
-140630.364    64.028    -1.24    3.35
-140343.951    64.306     0.97    3.63
-140057.518    64.647     1.19    3.63
-139771.065    64.317    -1.15    3.72
-139484.593    63.569    -2.61    3.59
-139198.100    63.734     0.58    3.56
-138911.587    63.800     0.23    3.62
-138625.054    63.726    -0.26    3.63
-138338.501    63.525    -0.70    3.32
-138051.927    63.998     1.65    3.17
-137765.334    64.681     2.38    2.84
-137478.721    64.785     0.36    2.84
-137192.088    64.462    -1.13    2.94
-136905.434    64.091    -1.29    2.96
-136618.760    63.512    -2.02    2.90
-136332.067    63.041    -1.64    2.74
-136045.353    62.902    -0.48    2.64
-135758.619    63.152     0.87    2.61
-135471.865    63.323     0.60    2.63
-135185.091    63.410     0.31    2.68
-134898.297    63.165    -0.85    2.78
-134611.482    63.463     1.04    3.11
-134324.648    63.725     0.91    3.24
-134037.793    63.605    -0.42    3.27
-133750.918    62.998    -2.11    3.36
-133464.023    62.267    -2.55    3.24
-133177.108    61.851    -1.45    3.19
-132890.173    61.470    -1.33    3.00
-132603.218    60.770    -2.44    3.19
-132316.242    60.039    -2.55    3.27
-132029.246    59.173    -3.02    3.19
-131742.230    58.891    -0.98    3.16
-131455.194    58.776    -0.40    2.95
-131168.138    58.551    -0.78    2.79
-130881.061    58.544    -0.02    2.41
-130593.964    58.439    -0.37    2.36
-130306.848    57.941    -1.74    2.54
-130019.710    57.665    -0.96    2.50
-129732.553    57.630    -0.12    2.76
-129445.375    57.561    -0.24    3.14
-129158.178    57.520    -0.14    3.51
-128870.960    57.884     1.27    3.58
-128583.721    57.833    -0.18    3.94
-128296.463    57.453    -1.33    4.40
-128009.184    56.451    -3.49    4.78
-127721.885    55.065    -4.82    4.83
-127434.566    53.735    -4.63    4.41
-127147.226    52.964    -2.68    3.95
-126859.867    52.393    -1.99    3.54
-126572.487    52.187    -0.72    3.53
-126285.086    52.595     1.42    3.72
-125997.666    53.071     1.66    3.63
-125710.225    53.436     1.27    3.60
-125422.764    53.376    -0.21    3.50
-125135.282    53.428     0.18    3.54
-124847.781    53.809     1.32    3.80
-124560.259    54.337     1.84    4.18
-124272.716    55.095     2.63    4.35
-123985.154    55.788     2.41    4.27
-123697.571    56.234     1.55    4.43
-123409.967    56.520     1.00    4.28
-123122.344    57.061     1.88    4.06
-122834.700    57.718     2.28    3.84
-122547.036    58.891     4.08    4.20
-122259.351    60.122     4.28    4.57
-121971.646    61.810     5.87    4.76
-121683.921    63.550     6.05    3.98
-121396.175    65.294     6.06    3.77
-121108.409    65.741     1.55    3.64
-120820.623    65.572    -0.59    3.72
-120532.816    65.007    -1.96    3.89
-120244.989    64.490    -1.80    3.73
-119957.141    63.861    -2.18    3.48
-119669.273    63.372    -1.70    3.01
-119381.385    62.957    -1.44    2.38
-119093.476    63.358     1.39    2.38
-118805.547    64.012     2.27    2.51
-118517.598    64.536     1.82    2.26
-118229.628    64.972     1.51    2.28
-117941.638    65.314     1.19    2.37
-117653.627    65.510     0.68    2.94
-117365.596    65.556     0.16    3.15
-117077.544    65.254    -1.05    3.27
-116789.472    64.691    -1.96    3.43
-116501.380    63.349    -4.66    3.35
-116213.267    62.427    -3.20    3.79
-115925.133    61.269    -4.02    3.73
-115636.979    59.998    -4.41    3.74
-115348.805    58.972    -3.56    3.43
-115060.610    58.942    -0.11    3.59
-114772.395    58.851    -0.31    3.76
-114484.159    58.840    -0.04    4.04
-114195.903    59.682     2.92    4.61
-113907.627    60.528     2.93    4.93
-113619.329    61.665     3.94    5.60
-113331.012    63.169     5.22    6.40
-113042.674    65.507     8.11    7.43
-112754.315    68.010     8.68    7.29
-112465.936    70.283     7.88    6.14
-112177.536    71.923     5.69    4.85
-111889.116    72.016     0.32    4.47
-111600.675    70.428    -5.50    5.74
-111312.214    68.198    -7.73    7.23
-111023.732    66.477    -5.97    7.91
-110735.230    65.274    -4.17    7.87
-110446.707    64.917    -1.24    7.88
-110158.164    64.970     0.18    7.83
-109869.600    66.156     4.11    8.27
-109581.015    68.037     6.52    8.28
-109292.410    70.884     9.87    7.65
-109003.784    72.817     6.70    6.61
-108715.138    74.923     7.30    5.29
-108426.471    76.553     5.65    3.99
-108137.784    77.829     4.42    3.38
-107849.076    78.682     2.96    2.86
-107560.347    79.122     1.52    2.23
-107271.598    79.012    -0.38    2.30
-106982.828    78.279    -2.54    3.04
-106694.038    77.516    -2.64    3.26
-106405.227    76.715    -2.77    3.66
-106116.395    76.224    -1.70    3.94
-105829.597    75.975    -0.87    4.27
-105545.029    76.169     0.68    4.50
-105260.442    77.114     3.32    4.53
-104975.836    78.152     3.65    4.34
-104691.210    78.191     0.14    4.38
-104406.565    78.395     0.72    4.27
-104121.901    78.556     0.56    4.45
-103837.218    78.562     0.02    4.13
-103552.515    78.709     0.52    4.32
-103267.793    77.981    -2.56    4.57
-102983.052    77.139    -2.96    5.05
-102698.291    76.874    -0.93    5.18
-102413.511    76.200    -2.36    5.64
-102128.712    74.978    -4.29    6.26
-101843.894    73.614    -4.79    6.69
-101559.056    72.507    -3.88    6.57
-101274.198    71.535    -3.41    6.78
-100989.322    71.571     0.12    6.43
-100704.426    72.139     2.00    6.62
-100419.511    73.358     4.28    6.47
-100134.576    74.814     5.11    5.85
 -99849.622    75.241     1.50    5.44
 -99564.649    74.816    -1.49    5.28
 -99279.656    74.902     0.30    5.19
 -98994.644    75.113     0.74    5.97
 -98709.612    75.916     2.82    6.47
 -98424.562    77.177     4.42    6.88
 -98139.491    79.357     7.65    5.88
 -97854.402    80.135     2.73    4.47
 -97569.293    79.457    -2.38    4.98
 -97284.164    78.682    -2.72    5.46
 -96999.017    77.639    -3.66    5.57
 -96713.849    77.544    -0.33    6.28
 -96428.663    77.698     0.54    6.91
 -96143.457    78.174     1.67    6.76
 -95858.231    77.762    -1.45    6.53
 -95572.986    76.967    -2.79    6.70
 -95287.722    74.707    -7.92    7.26
 -95002.438    71.770   -10.29    7.31
 -94717.135    69.393    -8.33    6.27
 -94431.812    68.868    -1.84    6.05
 -94146.470    69.277     1.43    6.40
 -93861.109    70.441     4.08    6.98
 -93575.728    72.378     6.79    5.98
 -93290.327    73.681     4.57    4.84
 -93004.907    74.588     3.18    3.31
 -92719.468    74.244    -1.21    3.65
 -92434.009    72.682    -5.47    3.73
 -92148.531    71.436    -4.37    3.18
 -91863.033    70.032    -4.92    2.86
 -91577.516    68.683    -4.73    3.50
 -91291.979    67.351    -4.66    4.15
 -91006.422    66.189    -4.07    4.53
 -90720.847    64.793    -4.89    5.02
 -90435.251    62.943    -6.48    6.00
 -90149.636    60.665    -7.98    7.20
 -89864.002    59.563    -3.85    7.62
 -89578.348    58.770    -2.78    7.73
 -89292.675    57.708    -3.72    7.57
 -89006.982    57.054    -2.29    7.28
 -88721.269    56.859    -0.68    6.54
 -88435.537    56.282    -2.02    5.99
 -88149.786    54.691    -5.57    5.83
 -87864.014    52.292    -8.40    6.73
 -87578.224    49.364   -10.24    7.54
 -87292.414    46.191   -11.10    7.51
 -87006.584    42.402   -13.26    6.61
 -86720.734    39.597    -9.81    5.09
 -86434.865    37.647    -6.82    3.39
 -86148.977    36.779    -3.04    3.00
 -85863.069    36.569    -0.73    2.93
 -85577.141    36.885     1.10    2.99
 -85291.194    37.283     1.39    3.12
 -85005.227    37.863     2.03    3.09
 -84719.240    38.511     2.26    2.69
 -84433.234    39.368     3.00    2.45
 -84147.209    40.229     3.01    2.06
 -83861.163    40.165    -0.22    2.27
 -83575.098    39.794    -1.30    2.44
 -83289.014    39.673    -0.42    2.47
 -83002.910    39.794     0.42    2.60
 -82716.786    40.586     2.77    3.49
 -82430.642    41.732     4.01    4.23
 -82144.479    43.421     5.90    4.57
 -81858.296    45.734     8.08    4.59
 -81572.094    48.500     9.66    4.93
 -81285.872    51.015     8.79    5.43
 -80999.630    53.910    10.11    5.96
 -80713.369    57.221    11.57    6.83
 -80427.088    60.622    11.88    7.51
 -80140.787    63.972    11.70    7.48
 -79854.467    66.495     8.81    6.78
 -79568.126    68.691     7.67    5.31
 -79281.767    70.717     7.08    3.57
 -78995.387    72.131     4.94    3.26
 -78708.988    72.995     3.02    3.87
 -78422.569    73.510     1.80    4.34
 -78136.130    74.187     2.36    4.66
 -77849.672    75.376     4.15    4.31
 -77563.194    76.034     2.30    3.91
 -77276.696    75.946    -0.31    4.21
 -76990.179    74.051    -6.61    6.11
 -76703.642    72.106    -6.79    6.96
 -76417.085    70.453    -5.77    7.18
 -76130.508    68.665    -6.24    6.75
 -75843.912    66.785    -6.56    5.45
 -75557.295    65.984    -2.80    4.15
 -75270.659    65.135    -2.96    2.23
 -74984.004    65.337     0.71    2.01
 -74697.328    66.160     2.87    2.23
 -74410.633    67.147     3.44    2.30
 -74123.918    68.400     4.37    2.31
 -73837.183    69.251     2.97    2.67
 -73550.429    70.374     3.92    3.20
 -73263.654    71.538     4.06    3.67
 -72976.860    72.989     5.06    4.39
 -72690.046    74.797     6.30    4.79
 -72403.212    76.402     5.60    4.99
 -72116.359    78.051     5.75    4.36
 -71829.485    79.485     5.00    3.05
 -71542.592    80.332     2.95    2.02
 -71255.679    80.168    -0.57    2.33
 -70968.746    79.278    -3.10    3.23
 -70681.794    78.247    -3.59    4.09
 -70394.821    75.778    -8.61    5.70
 -70107.829    73.101    -9.33    6.83
 -69820.817    70.300    -9.76    7.31
 -69533.785    67.143   -11.00    6.35
 -69246.733    64.699    -8.51    5.24
 -68959.661    62.902    -6.26    4.57
 -68672.569    61.359    -5.37    3.62
 -68385.458    60.021    -4.66    2.59
 -68098.326    58.978    -3.63    2.18
 -67811.175    58.400    -2.01    2.03
 -67524.004    57.767    -2.20    2.03
 -67236.813    57.091    -2.35    2.34
 -66949.602    55.917    -4.09    2.88
 -66662.371    54.417    -5.22    3.20
 -66375.121    52.953    -5.10    3.49
 -66087.850    51.578    -4.79    3.65
 -65800.559    50.169    -4.90    3.24
 -65513.249    49.198    -3.38    2.29
 -65225.919    48.809    -1.36    1.66
 -64938.568    49.380     1.99    2.44
 -64651.198    50.178     2.78    3.05
 -64363.808    51.275     3.82    3.48
 -64076.398    52.456     4.11    3.54
 -63788.968    53.604     3.99    3.17
 -63501.518    54.354     2.61    2.80
 -63214.048    54.580     0.78    2.93
 -62926.558    54.421    -0.55    3.12
 -62639.048    54.121    -1.04    3.53
 -62351.518    53.595    -1.83    3.85
 -62063.968    53.214    -1.33    4.15
 -61776.399    52.782    -1.50    4.26
 -61488.809    51.981    -2.79    3.91
 -61201.199    51.358    -2.17    3.20
 -60913.569    51.106    -0.88    2.98
 -60625.919    50.900    -0.72    2.70
 -60338.250    50.604    -1.03    2.47
 -60050.560    49.456    -3.99    3.31
 -59762.850    48.089    -4.75    3.98
 -59475.120    46.782    -4.54    3.77
 -59187.371    45.966    -2.83    3.62
 -58899.601    45.389    -2.01    3.89
 -58611.811    45.190    -0.69    4.67
 -58324.001    45.429     0.83    5.62
 -58036.171    46.277     2.95    5.93
 -57748.321    47.020     2.58    5.98
 -57460.451    48.181     4.03    5.77
 -57172.561    49.306     3.91    5.41
 -56884.651    50.423     3.88    5.10
 -56596.720    51.241     2.84    4.98
 -56308.770    51.842     2.09    4.67
 -56020.800    52.227     1.34    4.47
 -55732.809    52.535     1.07    4.20
 -55444.799    52.425    -0.38    3.94
 -55156.768    52.272    -0.53    3.52
 -54868.717    51.831    -1.53    2.75
 -54580.646    51.768    -0.22    2.08
 -54292.556    52.665     3.11    2.85
 -54004.444    54.297     5.67    3.90
 -53716.313    56.181     6.54    4.55
 -53428.162    57.744     5.42    4.85
 -53139.991    59.468     5.98    4.54
 -52851.799    60.997     5.31    3.45
 -52563.587    62.156     4.02    2.74
 -52275.356    62.709     1.92    2.49
 -51987.104    62.767     0.20    2.38
 -51698.832    62.258    -1.77    2.30
 -51410.539    61.486    -2.67    2.47
 -51122.227    60.647    -2.91    2.78
 -50833.894    59.579    -3.71    2.82
 -50545.542    58.961    -2.14    2.46
 -50257.169    58.783    -0.62    2.46
 -49968.776    58.867     0.29    2.57
 -49680.362    59.186     1.11    2.69
 -49391.929    59.664     1.66    2.83
 -49103.475    60.156     1.70    2.95
 -48815.002    61.376     4.23    3.04
 -48526.508    62.947     5.45    3.29
 -48237.993    64.496     5.37    3.59
 -47949.459    65.989     5.17    3.85
 -47660.904    67.709     5.96    4.06
 -47372.329    69.459     6.07    4.51
 -47083.734    71.185     5.98    4.12
 -46795.119    72.665     5.13    3.27
 -46506.483    73.639     3.37    2.80
 -46217.827    74.314     2.34    2.32
 -45929.151    74.227    -0.30    2.50
 -45640.455    73.665    -1.95    3.09
 -45351.738    72.955    -2.46    3.54
 -45063.002    72.280    -2.34    3.74
 -44774.244    71.261    -3.53    3.99
 -44485.467    69.783    -5.12    4.37
 -44196.669    67.577    -7.64    4.10
 -43910.342    65.750    -6.38    3.66
 -43625.742    64.647    -3.87    3.40
 -43341.122    63.853    -2.79    3.26
 -43056.484    63.221    -2.22    3.00
 -42771.827    62.839    -1.34    2.99
 -42487.151    62.437    -1.41    3.46
 -42202.456    61.829    -2.14    3.97
 -41917.742    60.725    -3.88    5.46
 -41633.009    59.227    -5.26    6.62
 -41348.257    57.859    -4.80    6.26
 -41063.487    57.174    -2.41    5.67
 -40778.697    56.947    -0.80    5.00
 -40493.888    57.286     1.19    4.41
 -40209.060    58.010     2.54    4.37
 -39924.213    60.070     7.23    5.04
 -39639.348    61.986     6.73    5.09
 -39354.463    63.958     6.92    4.97
 -39069.559    65.814     6.51    4.08
 -38784.637    66.742     3.25    3.60
 -38499.695    67.031     1.02    3.43
 -38214.734    67.220     0.66    3.09
 -37929.754    66.891    -1.16    3.11
 -37644.756    65.631    -4.42    3.76
 -37359.738    63.622    -7.05    4.57
 -37074.701    61.242    -8.35    4.81
 -36789.645    58.829    -8.47    4.54
 -36504.570    57.757    -3.76    4.28
 -36219.476    56.459    -4.55    4.23
 -35934.363    54.595    -6.54    4.25
 -35649.231    53.759    -2.93    4.44
 -35364.080    52.950    -2.84    4.68
 -35078.910    52.156    -2.78    5.13
 -34793.721    51.805    -1.23    4.68
 -34508.513    51.496    -1.08    4.41
 -34223.285    50.715    -2.74    4.05
 -33938.039    49.621    -3.83    4.24
 -33652.774    48.376    -4.36    4.75
 -33367.489    46.041    -8.19    6.22
 -33082.185    43.425    -9.17    7.40
 -32796.863    40.446   -10.44    7.03
 -32511.521    39.429    -3.56    6.95
 -32226.160    39.362    -0.24    7.27
 -31940.780    40.411     3.68    8.49
 -31655.381    43.174     9.68    9.79
 -31369.962    46.176    10.52   10.07
 -31084.525    49.472    11.55    8.59
 -30799.068    52.253     9.74    5.64
 -30513.593    53.631     4.83    3.32
 -30228.098    54.464     2.92    2.42
 -29942.584    54.066    -1.39    2.64
 -29657.051    52.943    -3.93    3.32
 -29371.499    51.747    -4.19    3.70
 -29085.927    50.697    -3.68    3.80
 -28800.337    49.441    -4.40    3.49
 -28514.727    48.282    -4.06    2.84
 -28229.098    47.135    -4.02    2.68
 -27943.450    45.056    -7.28    4.31
 -27657.783    43.104    -6.83    5.98
 -27372.097    41.039    -7.23    6.76
 -27086.391    39.350    -5.91    6.69
 -26800.667    37.742    -5.63    6.09
 -26514.923    35.527    -7.75    4.79
 -26229.160    34.589    -3.28    3.87
 -25943.377    34.110    -1.68    3.06
 -25657.576    34.285     0.61    2.86
 -25371.755    35.466     4.13    3.39
 -25085.915    36.724     4.40    4.38
 -24800.056    38.647     6.73    6.28
 -24514.177    41.320     9.35    7.87
 -24228.280    44.920    12.59    9.01
 -23942.363    48.639    13.01    8.78
 -23656.427    50.870     7.80    7.42
 -23370.472    52.613     6.10    5.53
 -23084.497    51.787    -2.89    5.36
 -22798.503    50.437    -4.72    6.14
 -22512.490    48.415    -7.07    6.66
 -22226.458    45.724    -9.41    5.86
 -21940.406    43.739    -6.94    5.07
 -21654.335    41.698    -7.14    4.95
 -21368.245    39.560    -7.47    5.32
 -21082.136    36.647   -10.18    6.49
 -20796.007    33.920    -9.53    7.05
 -20509.859    31.569    -8.22    7.02
 -20223.692    28.795    -9.69    6.02
 -19937.505    26.849    -6.80    4.12
 -19651.299    25.471    -4.82    2.55
 -19365.074    25.108    -1.27    2.30
 -19078.830    25.363     0.89    2.20
 -18792.566    25.397     0.12    1.95
 -18506.283    25.334    -0.22    1.91
 -18219.980    25.091    -0.85    2.24
 -17933.659    24.605    -1.70    2.44
 -17647.318    24.207    -1.39    2.56
 -17360.957    23.630    -2.01    2.62
 -17074.577    23.285    -1.20    2.74
 -16788.178    23.207    -0.27    2.89
 -16501.760    23.362     0.54    3.04
 -16215.322    23.229    -0.46    3.32
 -15928.865    22.630    -2.09    3.88
 -15642.388    21.540    -3.81    4.28
 -15355.892    20.485    -3.68    4.10
 -15069.377    19.747    -2.57    3.81
 -14782.842    19.306    -1.54    3.50
 -14496.288    18.942    -1.27    3.10
 -14209.715    19.230     1.01    3.01
 -13923.122    19.511     0.98    3.00
 -13636.510    19.647     0.48    2.89
 -13349.878    19.497    -0.52    2.72
 -13063.227    19.466    -0.11    2.60
 -12776.557    19.447    -0.07    2.46
 -12489.867    19.135    -1.09    2.21
 -12203.158    18.986    -0.52    2.16
 -11916.429    18.455    -1.86    2.14
 -11629.681    18.249    -0.72    2.36
 -11342.914    18.189    -0.21    2.54
 -11056.127    17.897    -1.02    2.49
 -10769.320    18.404     1.77    3.64
 -10482.494    18.325    -0.27    3.80
 -10195.649    18.243    -0.29    3.59
  -9908.784    18.331     0.31    3.09
  -9621.900    18.329    -0.01    2.74
  -9334.996    18.441     0.39    2.24
  -9048.073    18.590     0.52    1.81
  -8761.131    18.984     1.37    1.22
  -8474.168    19.300     1.10    1.34
  -8187.187    19.497     0.69    1.34
  -7900.186    19.851     1.23    1.43
  -7613.165    20.070     0.76    1.53
  -7326.125    20.416     1.21    1.91
  -7039.066    20.713     1.03    2.49
  -6751.987    20.673    -0.14    2.95
  -6464.888    20.066    -2.11    3.45
  -6177.770    19.393    -2.34    3.60
  -5890.632    18.756    -2.22    3.52
  -5603.475    17.797    -3.34    2.92
  -5316.299    16.605    -4.15    1.97
  -5029.102    16.059    -1.90    1.77
  -4741.887    15.936    -0.43    1.90
  -4454.651    15.987     0.18    2.07
  -4167.397    16.097     0.38    2.16
  -3880.122    16.047    -0.17    2.32
  -3592.828    16.230     0.64    2.13
  -3305.515    16.024    -0.72    2.17
  -3018.182    15.825    -0.69    2.01
  -2730.829    15.936     0.38    1.70
  -2443.457    15.829    -0.37    1.61
  -2156.065    14.984    -2.94    3.24
  -1868.654    13.362    -5.64    5.81
  -1581.223    10.351   -10.48    8.50
  -1293.772     6.893   -12.03   10.00
  -1006.302     3.478   -11.88   10.32
   -718.813     0.400   -10.71    9.40
   -431.303    -0.797    -4.16    8.60
   -143.774    -0.726     0.25    8.64
    143.774     0.219     3.29    9.14
    431.342     1.094     3.04    9.36
    718.930     2.280     4.12    9.54
   1006.538     4.173     6.58    9.63
   1294.165     4.639     1.62    9.44
   1581.812     4.106    -1.85    9.19
   1869.478     3.553    -1.92    8.68
   2157.164     4.152     2.08    8.40
   2444.870     4.895     2.58    8.07
   2732.595     4.813    -0.29    7.81
   3020.340     4.760    -0.18    7.77
   3308.104     4.799     0.14    7.65
   3595.889     5.247     1.56    7.25
   3883.693     5.422     0.61    6.36
   4171.516     5.027    -1.37    5.66
   4459.360     5.489     1.61    4.54
   4747.223     5.623     0.46    3.15
   5035.106     5.484    -0.48    2.09
   5323.008     4.837    -2.25    1.83
   5610.930     4.328    -1.77    1.81
   5898.872     3.956    -1.29    1.95
   6186.834     3.331    -2.17    2.22
   6474.815     2.508    -2.86    2.32
   6762.816     1.314    -4.15    2.75
   7050.837    -0.173    -5.16    3.42
   7338.877    -1.636    -5.08    4.02
   7626.937    -2.751    -3.87    4.07
   7915.017    -3.832    -3.75    4.01
   8203.117    -4.737    -3.14    3.57
   8491.237    -5.683    -3.28    2.97
   8779.376    -6.588    -3.14    2.70
   9067.535    -7.244    -2.28    2.62
   9355.714    -7.499    -0.88    2.62
   9643.912    -7.947    -1.56    2.63
   9932.130    -7.543     1.40    2.90
  10220.368    -7.452     0.32    2.89
  10508.626    -6.775     2.35    3.01
  10796.904    -5.968     2.80    3.01
  11085.201    -5.409     1.94    3.00
  11373.519    -4.582     2.87    3.04
  11661.856    -3.749     2.89    2.59
  11950.212    -3.252     1.72    2.22
  12238.589    -3.278    -0.09    2.28
  12526.986    -3.588    -1.08    2.30
  12815.402    -3.637    -0.17    2.41
  13103.838    -3.594     0.15    2.35
  13392.294    -3.187     1.41    2.35
  13680.770    -2.740     1.55    2.32
  13969.265    -2.241     1.73    2.14
  14257.781    -1.203     3.60    2.87
  14546.316     0.605     6.26    5.03
  14834.871     2.630     7.02    6.55
  15123.446     4.854     7.71    7.35
  15412.041     7.253     8.31    7.94
  15700.656     9.797     8.82    7.92
  15989.291    12.063     7.85    7.15
  16277.945    14.482     8.38    4.46
  16566.620    15.614     3.92    2.97
  16855.314    16.893     4.43    2.85
  17144.028    17.902     3.49    3.47
  17432.762    18.788     3.07    3.72
  17721.516    19.422     2.20    3.86
  18007.403    20.454     3.61    4.18
  18292.038    22.596     7.52    4.86
  18576.691    24.761     7.61    5.52
  18861.363    27.623    10.05    6.06
  19146.053    30.415     9.81    6.87
  19430.762    33.193     9.76    7.06
  19715.490    35.541     8.25    6.52
  20000.236    37.596     7.22    5.51
  20285.000    38.596     3.51    4.55
  20569.784    39.209     2.15    3.84
  20854.586    39.266     0.20    3.64
  21139.406    38.809    -1.61    3.50
  21424.245    38.740    -0.24    3.23
  21709.103    38.580    -0.56    3.31
  21993.980    39.289     2.49    3.41
  22278.875    40.579     4.53    3.18
  22563.788    41.457     3.08    3.02
  22848.720    42.100     2.26    2.53
  23133.671    42.139     0.14    2.46
  23418.641    41.981    -0.56    2.69
  23703.629    41.871    -0.39    2.97
  23988.636    42.104     0.82    3.17
  24273.661    42.547     1.55    3.14
  24558.705    43.077     1.86    3.31
  24843.768    44.046     3.40    3.34
  25128.850    44.984     3.29    3.28
  25413.950    45.111     0.45    3.28
  25699.069    45.336     0.79    3.14
  25984.206    45.647     1.09    3.31
  26269.362    46.267     2.17    3.27
  26554.537    46.474     0.72    2.93
  26839.731    46.294    -0.63    2.76
  27124.943    45.389    -3.17    2.90
  27410.174    44.172    -4.26    3.52
  27695.423    42.902    -4.45    3.64
  27980.692    41.370    -5.37    3.64
  28265.979    39.429    -6.80    3.60
  28551.285    37.891    -5.39    3.29
  28836.609    37.024    -3.04    2.95
  29121.952    36.053    -3.40    2.74
  29407.314    35.309    -2.61    2.87
  29692.695    34.563    -2.61    2.40
  29978.094    33.766    -2.79    2.53
  30263.512    33.391    -1.31    2.65
  30548.949    33.119    -0.96    2.57
  30834.405    32.682    -1.53    2.64
  31119.879    32.402    -0.98    2.70
  31405.372    32.069    -1.17    2.95
  31690.884    31.751    -1.11    3.43
  31976.415    31.699    -0.18    3.37
  32261.965    31.770     0.25    3.34
  32547.533    31.047    -2.53    3.38
  32833.120    30.742    -1.07    3.64
  33118.726    31.944     4.21    5.00
  33404.350    34.135     7.67    7.10
  33689.994    35.854     6.02    8.88
  33975.656    36.251     1.39   10.02
  34261.337    35.816    -1.52    9.95
  34547.037    35.393    -1.48    9.60
  34832.755    33.097    -8.04    7.36
  35118.493    30.824    -7.95    5.16
  35404.249    28.722    -7.35    3.96
  35690.024    27.286    -5.03    3.90
  35975.818    26.732    -1.94    3.67
  36261.630    26.931     0.69    4.26
  36547.462    27.185     0.89    4.68
  36833.312    27.579     1.38    5.08
  37119.182    27.420    -0.56    5.63
  37405.070    27.115    -1.07    5.97
  37690.977    26.859    -0.89    6.27
  37976.903    26.478    -1.33    5.85
  38262.847    25.997    -1.68    4.95
  38548.811    25.622    -1.31    4.82
  38834.793    24.664    -3.35    5.29
  39120.794    23.851    -2.84    5.69
  39406.815    23.673    -0.62    5.82
  39692.854    23.495    -0.62    5.98
  39978.912    24.340     2.95    6.95
  40264.988    25.524     4.14    7.61
  40551.084    27.775     7.87    8.30
  40837.199    30.724    10.31    7.83
  41123.332    32.992     7.93    6.75
  41409.485    35.420     8.49    5.47
  41695.656    37.889     8.63    4.26
  41981.846    40.084     7.67    3.73
  42268.056    41.672     5.55    3.74
  42554.284    42.783     3.88    3.73
  42840.531    43.311     1.85    3.27
  43126.797    44.047     2.57    2.76
  43413.082    44.412     1.27    2.79
  43699.386    44.790     1.32    2.65
  43985.709    45.139     1.22    2.70
  44272.050    45.522     1.34    2.79
  44558.411    46.087     1.97    3.35
  44844.791    46.776     2.40    3.68
  45131.190    47.185     1.43    3.69
  45417.607    47.631     1.56    3.76
  45704.044    47.742     0.39    3.27
  45990.499    47.697    -0.16    3.09
  46276.974    47.778     0.28    3.04
  46563.468    47.851     0.26    3.11
  46849.980    47.844    -0.02    3.64
  47136.512    47.777    -0.24    3.70
  47423.062    48.320     1.90    3.83
  47709.632    49.294     3.40    3.74
  47996.221    50.295     3.49    3.62
  48282.828    50.912     2.15    4.04
  48569.455    51.998     3.79    4.16
  48856.101    53.079     3.77    4.38
  49142.765    54.505     4.97    4.54
  49429.449    56.207     5.94    4.18
  49716.152    57.114     3.16    3.69
  50002.874    57.322     0.73    3.46
  50289.615    56.984    -1.18    3.14
  50576.374    56.488    -1.73    2.90
  50863.153    55.639    -2.96    3.16
  51149.951    55.099    -1.88    3.70
  51436.769    54.459    -2.23    3.78
  51723.605    53.829    -2.20    3.76
  52010.460    53.828    -0.00    3.72
  52297.334    54.320     1.71    3.79
  52584.228    54.941     2.16    4.35
  52871.140    55.699     2.64    4.72
  53158.072    56.479     2.72    5.20
  53445.022    57.723     4.33    5.91
  53731.992    58.814     3.80    6.62
  54018.981    59.503     2.40    6.61
  54305.989    60.276     2.69    6.23
  54593.016    61.212     3.26    5.92
  54880.062    62.521     4.56    5.28
  55167.128    62.485    -0.13    5.17
  55454.212    62.274    -0.74    4.28
  55741.316    61.768    -1.76    3.51
  56028.439    61.779     0.04    3.25
  56315.580    61.762    -0.06    2.96
  56602.742    61.588    -0.61    2.71
  56889.922    61.861     0.95    2.40
  57177.121    62.389     1.84    2.28
  57464.340    62.919     1.84    2.35
  57751.577    63.347     1.49    2.45
  58038.834    63.732     1.34    2.50
  58326.110    64.243     1.78    2.74
  58613.405    65.032     2.75    2.70
  58900.720    65.555     1.82    2.97
  59188.053    65.306    -0.87    3.11
  59475.406    65.095    -0.74    2.99
  59762.778    64.561    -1.86    2.80
  60050.169    63.762    -2.78    2.75
  60337.579    63.262    -1.74    2.59
  60625.009    63.131    -0.46    2.79
  60912.457    63.249     0.41    3.09
  61199.925    63.406     0.54    3.61
  61487.413    64.006     2.09    4.02
  61774.919    65.072     3.71    4.44
  62062.445    66.908     6.38    4.73
  62349.989    68.356     5.04    4.78
  62637.554    69.571     4.22    4.06
  62925.137    70.017     1.55    3.53
  63212.739    69.467    -1.91    4.11
  63500.361    68.599    -3.02    4.14
  63788.002    68.053    -1.90    3.26
  64075.663    67.168    -3.07    2.78
  64363.342    66.731    -1.52    2.36
  64651.041    66.269    -1.60    2.34
  64938.760    65.563    -2.46    2.82
  65226.497    64.739    -2.86    3.80
  65514.254    64.064    -2.35    4.43
  65802.030    62.919    -3.98    4.78
  66089.825    62.126    -2.75    4.86
  66377.640    61.267    -2.98    4.44
  66665.474    60.967    -1.04    4.20
  66953.327    61.164     0.69    3.74
  67241.199    61.721     1.93    3.73
  67529.091    62.487     2.66    3.48
  67817.002    63.466     3.40    3.13
  68104.933    64.034     1.97    2.86
  68392.883    64.254     0.76    2.60
  68680.852    64.325     0.25    2.69
  68968.840    64.461     0.47    3.01
  69256.848    63.472    -3.43    3.79
  69544.875    62.790    -2.37    3.72
  69832.922    62.194    -2.07    3.56
  70120.988    61.972    -0.77    3.30
  70409.073    62.115     0.49    3.17
  70697.178    62.573     1.59    3.00
  70985.302    62.647     0.26    2.94
  71273.445    62.420    -0.79    3.54
  71561.608    61.510    -3.16    4.38
  71849.790    59.900    -5.59    5.13
  72137.992    57.849    -7.11    5.99
  72426.213    56.031    -6.31    6.03
  72714.453    54.506    -5.29    6.13
  73002.713    53.572    -3.24    6.11
  73290.992    53.026    -1.89    6.24
  73579.290    52.176    -2.95    6.29
  73867.608    51.035    -3.96    6.40
  74155.946    49.933    -3.82    6.55
  74444.302    49.366    -1.97    6.58
  74732.679    48.997    -1.28    6.09
  75021.074    49.027     0.10    5.88
  75309.489    49.431     1.40    6.32
  75597.924    49.276    -0.54    6.72
  75886.378    48.400    -3.04    7.29
  76174.851    46.866    -5.32    8.05
  76463.344    44.956    -6.62    9.44
  76751.857    41.454   -12.14   10.43
  77040.388    37.118   -15.03   10.09
  77328.940    32.690   -15.34    8.07
  77617.511    30.180    -8.70    5.65
  77906.101    28.565    -5.60    4.91
  78194.711    28.173    -1.36    4.88
  78483.340    28.127    -0.16    4.78
  78771.989    27.471    -2.27    5.13
  79060.657    27.168    -1.05    5.20
  79349.344    26.370    -2.77    5.01
  79638.052    25.689    -2.36    4.28
  79923.533    25.422    -0.93    4.49
  80208.203    25.864     1.55    5.12
  80492.890    25.672    -0.67    4.85
  80777.596    25.131    -1.90    5.01
  81062.320    24.824    -1.08    5.17
  81347.063    23.959    -3.04    5.15
  81631.823    22.932    -3.61    4.45
  81916.602    22.656    -0.97    3.89
  82201.399    20.816    -6.46    5.25
  82486.214    18.970    -6.48    6.11
  82771.048    18.068    -3.17    6.23
  83055.899    17.345    -2.54    6.52
  83340.769    16.847    -1.75    6.29
  83625.657    16.135    -2.50    5.62
  83910.563    16.856     2.53    5.48
  84195.488    17.862     3.53    5.17
  84480.431    18.218     1.25    4.77
  84765.392    17.938    -0.98    5.12
  85050.371    18.180     0.85    6.04
  85335.368    18.021    -0.56    6.73
  85620.384    17.383    -2.24    6.99
  85905.418    17.429     0.16    6.98
  86190.471    17.236    -0.68    6.79
  86475.541    16.825    -1.44    6.77
  86760.630    17.092     0.94    5.68
