# NaN NaN NaN ;Mean Elev.(m), Avg Gradient(m/km), RMS Gradient(m/km) - SRTM1     
#   19.926  -0.072   1.260 ;Mean Elev.(m), Avg Gradient(m/km), RMS Gradient(m/km) - ASTER GDEM
#   23.490  -0.101   1.168 ;Mean Elev.(m), Avg Gradient(m/km), RMS Gradient(m/km) - GMTED2010 
   2    27.591 54673.38619289 29.87  70.728850  61.155235 27.024 -100.00 -100.00 -100.00
   2    27.099 54673.38619348 30.02  70.733347  61.153756 30.822 -100.00 -100.00 -100.00
   2    25.503 54673.38619407 30.80  70.737843  61.152276   -100 -100.00 -100.00 -100.00
   4    27.549 54693.21747946 25.74  70.737400  61.154786 14.726 -100.00 -100.00 -100.00
   4    25.226 54693.21748006 28.02  70.741896  61.153307 24.110 -100.00 -100.00 -100.00
   5   -48.531 54703.13311938  6.53  70.738666  61.154733  2.590 -100.00 -100.00 -100.00
   5   -48.542 54703.13311997  9.14  70.743162  61.153254  2.078 -100.00 -100.00 -100.00
   6    24.222 54713.04876810 38.48  70.731078  61.154858   -100 -100.00 -100.00 -100.00
   6    22.575 54713.04876869 37.65  70.735575  61.153379   -100 -100.00 -100.00 -100.00
   6    25.003 54713.04876928 39.44  70.740071  61.151899   -100 -100.00 -100.00 -100.00
   7   -65.970 54722.96441799  6.66  70.720853  61.155329  3.829 -100.00 -100.00 -100.00
   7   -65.963 54722.96441858  5.41  70.725350  61.153850  3.616 -100.00 -100.00 -100.00
   7   -65.998 54722.96441917  5.82  70.729847  61.152371  2.922 -100.00 -100.00 -100.00
   8    22.153 54732.88006490 37.17  70.707534  61.157516  0.937 -100.00 -100.00 -100.00
   8    22.407 54732.88006549 37.72  70.712031  61.156038   -100 -100.00 -100.00 -100.00
   8    22.153 54732.88006608 36.30  70.716529  61.154559   -100 -100.00 -100.00 -100.00
   8    23.624 54732.88006667 36.05  70.721025  61.153080   -100 -100.00 -100.00 -100.00
   8    22.356 54732.88006726 37.63  70.725522  61.151601   -100 -100.00 -100.00 -100.00
   9    23.735 54742.79571155 27.97  70.706469  61.157759 18.717 -100.00 -100.00 -100.00
   9    27.347 54742.79571214 29.36  70.710967  61.156281 21.634 -100.00 -100.00 -100.00
   9    27.361 54742.79571273 26.67  70.715464  61.154802 16.730 -100.00 -100.00 -100.00
   9    23.907 54742.79571332 32.84  70.719961  61.153323   -100 -100.00 -100.00 -100.00
   9    22.614 54742.79571391 33.84  70.724457  61.151844   -100 -100.00 -100.00 -100.00
  10    22.652 54752.71135821 37.91  70.708370  61.157796   -100 -100.00 -100.00 -100.00
  10    23.094 54752.71135880 39.02  70.712867  61.156317   -100 -100.00 -100.00 -100.00
  10    22.798 54752.71135939 39.89  70.717364  61.154838   -100 -100.00 -100.00 -100.00
  10    23.092 54752.71135999 43.06  70.721861  61.153359   -100 -100.00 -100.00 -100.00
  10    22.839 54752.71136058 44.10  70.726357  61.151880 18.146 -100.00 -100.00 -100.00
  11    26.384 54762.62700428 25.53  70.708188  61.157897 10.127 -100.00 -100.00 -100.00
  11    26.587 54762.62700487 26.58  70.712686  61.156418 14.031 -100.00 -100.00 -100.00
  11    27.511 54762.62700547 25.06  70.717184  61.154939 11.272 -100.00 -100.00 -100.00
  11    27.580 54762.62700606 25.00  70.721681  61.153460  9.724 -100.00 -100.00 -100.00
  11    27.237 54762.62700665 27.05  70.726177  61.151981 13.795 -100.00 -100.00 -100.00
  12    23.624 54772.54264745 32.24  70.703654  61.158169   -100 -100.00 -100.00 -100.00
  12    23.594 54772.54264804 32.96  70.708152  61.156690   -100 -100.00 -100.00 -100.00
  12    26.715 54772.54264863 27.16  70.712650  61.155211 15.666 -100.00 -100.00 -100.00
  12    26.881 54772.54264922 28.17  70.717148  61.153732 17.764 -100.00 -100.00 -100.00
  12    27.818 54772.54264981 25.90  70.721645  61.152253 12.140 -100.00 -100.00 -100.00
  13    22.607 54782.45828785 40.55  70.700133  61.158345   -100 -100.00 -100.00 -100.00
  13    22.587 54782.45828844 41.97  70.704631  61.156867  3.193 -100.00 -100.00 -100.00
  13    22.617 54782.45828903 41.20  70.709130  61.155388   -100 -100.00 -100.00 -100.00
  13    22.750 54782.45828962 41.38  70.713628  61.153909   -100 -100.00 -100.00 -100.00
  13    22.690 54782.45829021 43.49  70.718125  61.152430  0.716 -100.00 -100.00 -100.00
  13    22.660 54782.45829080 43.87  70.722622  61.150951  1.691 -100.00 -100.00 -100.00
  14    22.171 54792.37392650 34.48  70.702561  61.157994   -100 -100.00 -100.00 -100.00
  14    22.228 54792.37392710 35.01  70.707060  61.156515   -100 -100.00 -100.00 -100.00
  14    22.295 54792.37392769 33.60  70.711558  61.155036   -100 -100.00 -100.00 -100.00
  14    22.264 54792.37392828 33.20  70.716056  61.153558   -100 -100.00 -100.00 -100.00
  14    22.188 54792.37392887 35.54  70.720553  61.152079   -100 -100.00 -100.00 -100.00
  15    23.388 54802.28956494 33.01  70.712567  61.157059   -100 -100.00 -100.00 -100.00
  15    23.466 54802.28956553 29.42  70.717066  61.155580 26.551 -100.00 -100.00 -100.00
  15    23.516 54802.28956612 31.48  70.721563  61.154101   -100 -100.00 -100.00 -100.00
  15    23.584 54802.28956671 27.49  70.726060  61.152622 18.891 -100.00 -100.00 -100.00
  15    23.557 54802.28956730 27.16  70.730557  61.151142 17.932 -100.00 -100.00 -100.00
  16    27.285 54812.20520375 25.02  70.726146  61.154986 13.987 -100.00 -100.00 -100.00
  16    24.352 54812.20520434 26.56  70.730643  61.153507 16.353 -100.00 -100.00 -100.00
  16    24.473 54812.20520493 25.74  70.735140  61.152027 14.016 -100.00 -100.00 -100.00
  17    24.184 54822.12084625 20.48  70.729359  61.154887  9.528 -100.00 -100.00 -100.00
  17    24.007 54822.12084684 20.06  70.733856  61.153408  8.481 -100.00 -100.00 -100.00
  17    24.030 54822.12084743 20.08  70.738352  61.151928  8.501 -100.00 -100.00 -100.00
  18    24.151 54832.03648649 18.01  70.725584  61.154813  6.879 -100.00 -100.00 -100.00
  18    26.011 54832.03648708 17.67  70.730081  61.153334  5.932 -100.00 -100.00 -100.00
  18    25.971 54832.03648767 18.62  70.734577  61.151855  8.525 -100.00 -100.00 -100.00
  19    26.976 54841.95213608 17.17  70.719361  61.155885  6.360 -100.00 -100.00 -100.00
  19    25.549 54841.95213667 16.67  70.723858  61.154406  6.283 -100.00 -100.00 -100.00
  19    23.546 54841.95213726 18.37  70.728354  61.152927  7.932 -100.00 -100.00 -100.00
  19    23.431 54841.95213785 18.65  70.732850  61.151447  9.042 -100.00 -100.00 -100.00
  20    25.895 54851.86778509 16.05  70.719901  61.155969  5.647 -100.00 -100.00 -100.00
  20    23.490 54851.86778568 17.47  70.724397  61.154490  7.550 -100.00 -100.00 -100.00
  20    23.390 54851.86778627 17.91  70.728894  61.153011  7.836 -100.00 -100.00 -100.00
  20    25.158 54851.86778686 17.26  70.733389  61.151531  6.990 -100.00 -100.00 -100.00
  21    25.566 54861.78343463 16.10  70.728563  61.154352  6.449 -100.00 -100.00 -100.00
  21    25.434 54861.78343522 16.43  70.733059  61.152872  5.706 -100.00 -100.00 -100.00
  22    24.287 54871.69908319 17.41  70.729368  61.154700  7.437 -100.00 -100.00 -100.00
  22    24.257 54871.69908378 17.34  70.733864  61.153221  7.261 -100.00 -100.00 -100.00
  22    25.038 54871.69908437 16.82  70.738359  61.151741  6.520 -100.00 -100.00 -100.00
  23    25.198 54881.61472967 14.98  70.726016  61.154601  5.369 -100.00 -100.00 -100.00
  23    24.361 54881.61473026 15.57  70.730512  61.153122  6.570 -100.00 -100.00 -100.00
  23    24.113 54881.61473085 15.16  70.735008  61.151642  6.418 -100.00 -100.00 -100.00
  24    26.740 54891.53037122 14.17  70.708586  61.157700  4.629 -100.00 -100.00 -100.00
  24    24.647 54891.53037181 15.62  70.713084  61.156222  7.247 -100.00 -100.00 -100.00
  24    25.869 54891.53037240 15.09  70.717581  61.154743  5.694 -100.00 -100.00 -100.00
  24    26.721 54891.53037299 14.79  70.722078  61.153263  5.669 -100.00 -100.00 -100.00
  24    25.520 54891.53037358 14.77  70.726575  61.151784  5.092 -100.00 -100.00 -100.00
  25    26.957 54901.44601128 13.69  70.701598  61.157451  4.736 -100.00 -100.00 -100.00
  25    26.463 54901.44601187 14.08  70.706096  61.155973  5.157 -100.00 -100.00 -100.00
  25    26.410 54901.44601246 14.29  70.710594  61.154494  4.985 -100.00 -100.00 -100.00
  25    26.189 54901.44601305 14.89  70.715091  61.153015  6.543 -100.00 -100.00 -100.00
  25    26.795 54901.44601364 14.75  70.719588  61.151536  5.334 -100.00 -100.00 -100.00
  26    26.400 54911.36164993 14.02  70.698539  61.158333  5.025 -100.00 -100.00 -100.00
  26    26.981 54911.36165052 13.52  70.703037  61.156855  4.287 -100.00 -100.00 -100.00
  26    27.099 54911.36165111 13.86  70.707535  61.155376  4.051 -100.00 -100.00 -100.00
  26    27.157 54911.36165170 14.26  70.712033  61.153898  4.386 -100.00 -100.00 -100.00
  26    26.988 54911.36165229 14.26  70.716530  61.152419  4.960 -100.00 -100.00 -100.00
  26    26.971 54911.36165288 14.57  70.721026  61.150939  4.749 -100.00 -100.00 -100.00
  27    27.735 54921.27728856 10.99  70.705176  61.158052  4.353 -100.00 -100.00 -100.00
  27    27.777 54921.27728915 11.06  70.709674  61.156573  4.166 -100.00 -100.00 -100.00
  27    27.752 54921.27728974 11.49  70.714171  61.155095  5.257 -100.00 -100.00 -100.00
  27    27.794 54921.27729033 11.28  70.718668  61.153616  4.697 -100.00 -100.00 -100.00
  27    27.663 54921.27729092 11.55  70.723165  61.152136  5.216 -100.00 -100.00 -100.00
  28    25.636 54931.19292749 24.72  70.718688  61.155755 11.759 -100.00 -100.00 -100.00
  28    25.760 54931.19292808 24.59  70.723185  61.154276 10.753 -100.00 -100.00 -100.00
  28    25.397 54931.19292867 26.00  70.727681  61.152796 14.195 -100.00 -100.00 -100.00
  28    25.474 54931.19292926 24.61  70.732177  61.151317 11.246 -100.00 -100.00 -100.00
  29    22.473 54941.10856348 39.85  70.719056  61.156185   -100 -100.00 -100.00 -100.00
  29    22.438 54941.10856407 38.04  70.723553  61.154706   -100 -100.00 -100.00 -100.00
  29    22.510 54941.10856466 39.05  70.728049  61.153227   -100 -100.00 -100.00 -100.00
  29    22.471 54941.10856525 42.09  70.732545  61.151748   -100 -100.00 -100.00 -100.00
  30    24.493 54951.02419751 42.19  70.716043  61.156399 10.437 -100.00 -100.00 -100.00
  30    24.686 54951.02419810 42.07  70.720540  61.154920  2.232 -100.00 -100.00 -100.00
  30    24.451 54951.02419869 41.54  70.725037  61.153441  8.860 -100.00 -100.00 -100.00
  30    24.776 54951.02419928 39.52  70.729533  61.151962   -100 -100.00 -100.00 -100.00
  31    27.183 54960.93983712 47.93  70.705627  61.158360   -100 -100.00 -100.00 -100.00
  31    27.137 54960.93983771 50.30  70.710125  61.156882 16.431 -100.00 -100.00 -100.00
  31    27.088 54960.93983830 54.38  70.714622  61.155404   -100 -100.00 -100.00 -100.00
  31    27.074 54960.93983889 56.44  70.719119  61.153926   -100 -100.00 -100.00 -100.00
  31    27.058 54960.93983948 56.44  70.723616  61.152447   -100 -100.00 -100.00 -100.00
  31    27.043 54960.93984007 56.79  70.728112  61.150968   -100 -100.00 -100.00 -100.00
  32    27.184 54970.85548600 41.07  70.707233  61.157753  4.120 -100.00 -100.00 -100.00
  32    27.115 54970.85548660 41.15  70.711730  61.156275 11.239 -100.00 -100.00 -100.00
  32    27.083 54970.85548719 41.14  70.716227  61.154796 13.523 -100.00 -100.00 -100.00
  32    27.072 54970.85548778 44.19  70.720724  61.153318 29.119 -100.00 -100.00 -100.00
  32    27.093 54970.85548837 42.22  70.725220  61.151839 11.662 -100.00 -100.00 -100.00
  33    27.576 54980.77113412 47.91  70.714067  61.157104   -100 -100.00 -100.00 -100.00
  33    27.170 54980.77113471 48.60  70.718564  61.155625   -100 -100.00 -100.00 -100.00
  33    27.154 54980.77113530 41.77  70.723061  61.154147 24.477 -100.00 -100.00 -100.00
  33    27.158 54980.77113589 39.06  70.727557  61.152668  7.495 -100.00 -100.00 -100.00
  34   -20.758 54990.68678242 14.64  70.724885  61.155160  2.432 -100.00 -100.00 -100.00
  34   -22.438 54990.68678302 14.78  70.729381  61.153681  2.517 -100.00 -100.00 -100.00
  34   -24.126 54990.68678361 14.72  70.733877  61.152202  2.752 -100.00 -100.00 -100.00
  35    27.671 55000.60242942 49.14  70.726124  61.154668   -100 -100.00 -100.00 -100.00
  35    27.584 55000.60243001 51.08  70.730620  61.153189  1.776 -100.00 -100.00 -100.00
  35    27.289 55000.60243060 45.38  70.735116  61.151710 22.574 -100.00 -100.00 -100.00
  36    27.260 55010.51807408 46.26  70.722394  61.155240 10.329 -100.00 -100.00 -100.00
  36    27.133 55010.51807467 45.41  70.726891  61.153761 21.745 -100.00 -100.00 -100.00
  36    27.135 55010.51807526 39.74  70.731387  61.152281  3.480 -100.00 -100.00 -100.00
  37    26.826 55020.43371740 38.06  70.720253  61.155461  2.353 -100.00 -100.00 -100.00
  37    26.859 55020.43371799 34.66  70.724750  61.153982   -100 -100.00 -100.00 -100.00
  37    26.838 55020.43371858 33.33  70.729246  61.152503   -100 -100.00 -100.00 -100.00
  38    26.749 55030.34936053 33.58  70.726434  61.154428   -100 -100.00 -100.00 -100.00
  38    26.649 55030.34936112 33.04  70.730931  61.152949   -100 -100.00 -100.00 -100.00
  38    26.586 55030.34936171 41.29  70.735427  61.151469 25.736 -100.00 -100.00 -100.00
  39    26.046 55040.26500271 36.92  70.730594  61.154690   -100 -100.00 -100.00 -100.00
  39    26.043 55040.26500330 33.80  70.735090  61.153211   -100 -100.00 -100.00 -100.00
  40    27.524 55050.18064365 24.04  70.735527  61.154663 13.121 -100.00 -100.00 -100.00
  40    25.339 55050.18064424 31.02  70.740023  61.153183   -100 -100.00 -100.00 -100.00
  41    24.393 55060.09628218 31.20  70.736419  61.153907   -100 -100.00 -100.00 -100.00
  41    25.254 55060.09628277 31.21  70.740915  61.152427 24.744 -100.00 -100.00 -100.00
  42    24.337 55070.01192157 41.86  70.722992  61.155611 30.189 -100.00 -100.00 -100.00
  42    24.238 55070.01192216 43.98  70.727489  61.154132 30.960 -100.00 -100.00 -100.00
  42    23.716 55070.01192276 48.30  70.731985  61.152653 16.557 -100.00 -100.00 -100.00
  43    23.541 55079.92756931 43.81  70.706913  61.157315   -100 -100.00 -100.00 -100.00
  43    24.171 55079.92756990 45.28  70.711411  61.155837 22.497 -100.00 -100.00 -100.00
  43    23.332 55079.92757049 48.31  70.715908  61.154359 19.525 -100.00 -100.00 -100.00
  43    23.239 55079.92757108 53.40  70.720405  61.152880   -100 -100.00 -100.00 -100.00
  43    23.460 55079.92757167 55.07  70.724902  61.151401  8.962 -100.00 -100.00 -100.00
  44    23.569 55089.84321625 28.64  70.702160  61.157577 31.814 -100.00 -100.00 -100.00
  44    23.647 55089.84321684 28.31  70.706657  61.156099 28.045 -100.00 -100.00 -100.00
  44    26.353 55089.84321743 24.47  70.711155  61.154620 16.232 -100.00 -100.00 -100.00
  44    26.834 55089.84321802 26.66  70.715652  61.153142 20.550 -100.00 -100.00 -100.00
  44    27.772 55089.84321861 24.40  70.720148  61.151663 12.868 -100.00 -100.00 -100.00
  45    22.959 55099.75886270 44.28  70.704897  61.157834   -100 -100.00 -100.00 -100.00
  45    23.519 55099.75886329 44.00  70.709395  61.156355 24.883 -100.00 -100.00 -100.00
  45    22.773 55099.75886388 47.37  70.713892  61.154876 19.616 -100.00 -100.00 -100.00
  45    23.001 55099.75886447 51.43  70.718389  61.153397   -100 -100.00 -100.00 -100.00
  45    22.716 55099.75886506 53.70  70.722886  61.151918   -100 -100.00 -100.00 -100.00
  46    25.369 55109.67450953 27.86  70.715276  61.156287 22.137 -100.00 -100.00 -100.00
  46    23.854 55109.67451013 34.47  70.719773  61.154808   -100 -100.00 -100.00 -100.00
  46    22.413 55109.67451072 32.50  70.724270  61.153328   -100 -100.00 -100.00 -100.00
  46    24.114 55109.67451131 33.08  70.728766  61.151849   -100 -100.00 -100.00 -100.00
  47    23.977 55119.59015338 30.69  70.712561  61.157306 31.250 -100.00 -100.00 -100.00
  47    24.122 55119.59015397 31.29  70.717059  61.155827 32.456 -100.00 -100.00 -100.00
  47    26.594 55119.59015456 26.46  70.721556  61.154348 15.731 -100.00 -100.00 -100.00
  47    24.064 55119.59015515 29.25  70.726053  61.152869 25.951 -100.00 -100.00 -100.00
  47    24.014 55119.59015574 28.70  70.730549  61.151389 21.768 -100.00 -100.00 -100.00
  48    25.792 55129.50579405 22.55  70.702900  61.158514  8.343 -100.00 -100.00 -100.00
  48    26.209 55129.50579464 22.70  70.707398  61.157036  6.393 -100.00 -100.00 -100.00
  48    26.479 55129.50579523 23.63  70.711896  61.155557  8.095 -100.00 -100.00 -100.00
  48    26.598 55129.50579582 24.53  70.716394  61.154078  8.349 -100.00 -100.00 -100.00
  48    26.607 55129.50579641 26.20  70.720891  61.152599 11.026 -100.00 -100.00 -100.00
  48    22.636 55129.50579700 31.69  70.725388  61.151120 23.460 -100.00 -100.00 -100.00
  49    22.261 55139.42143128 38.15  70.681987  61.163276   -100 -100.00 -100.00 -100.00
  49    22.321 55139.42143364 45.40  70.699986  61.157364   -100 -100.00 -100.00 -100.00
  49    22.468 55139.42143423 47.32  70.704485  61.155885   -100 -100.00 -100.00 -100.00
  49    22.336 55139.42143482 49.21  70.708983  61.154407  3.134 -100.00 -100.00 -100.00
  49    22.112 55139.42143541 52.51  70.713481  61.152928   -100 -100.00 -100.00 -100.00
  49    22.128 55139.42143600 48.93  70.717978  61.151449   -100 -100.00 -100.00 -100.00
  50    22.611 55149.33707209 34.42  70.699177  61.158114   -100 -100.00 -100.00 -100.00
  50    22.652 55149.33707268 36.98  70.703676  61.156635   -100 -100.00 -100.00 -100.00
  50    22.718 55149.33707327 37.13  70.708174  61.155157   -100 -100.00 -100.00 -100.00
  50    22.799 55149.33707386 37.56  70.712672  61.153678   -100 -100.00 -100.00 -100.00
  50    22.886 55149.33707445 38.97  70.717170  61.152199   -100 -100.00 -100.00 -100.00
  50    22.906 55149.33707504 33.13  70.721667  61.150720   -100 -100.00 -100.00 -100.00
  51    22.951 55159.25271178 34.25  70.712156  61.157073   -100 -100.00 -100.00 -100.00
  51    22.995 55159.25271237 29.32  70.716653  61.155594 22.835 -100.00 -100.00 -100.00
  51    23.094 55159.25271296 27.67  70.721151  61.154115 16.714 -100.00 -100.00 -100.00
  51    23.109 55159.25271355 30.29  70.725648  61.152636 27.048 -100.00 -100.00 -100.00
  51    23.105 55159.25271414 26.84  70.730145  61.151157 14.500 -100.00 -100.00 -100.00
  52    23.226 55169.16835153 24.27  70.727983  61.155224 12.188 -100.00 -100.00 -100.00
  52    23.238 55169.16835212 25.22  70.732480  61.153745 14.189 -100.00 -100.00 -100.00
  52    23.263 55169.16835271 24.57  70.736977  61.152266 11.701 -100.00 -100.00 -100.00
  53    23.769 55179.08398949 20.48  70.736230  61.154058  6.391 -100.00 -100.00 -100.00
  53    23.169 55179.08399008 22.05  70.740726  61.152578 10.303 -100.00 -100.00 -100.00
  54    24.052 55188.99963515 18.78  70.730803  61.154338  6.670 -100.00 -100.00 -100.00
  54    24.141 55188.99963574 19.10  70.735300  61.152859  7.442 -100.00 -100.00 -100.00
  55    25.818 55198.91528491 13.53  70.722326  61.155404  5.330 -100.00 -100.00 -100.00
  55    25.631 55198.91528550 12.99  70.726823  61.153925  4.345 -100.00 -100.00 -100.00
  55    25.147 55198.91528609 14.28  70.731319  61.152445  6.313 -100.00 -100.00 -100.00
  56    25.749 55208.83093463 13.66  70.722168  61.155374  5.616 -100.00 -100.00 -100.00
  56    25.259 55208.83093522 13.58  70.726664  61.153895  4.410 -100.00 -100.00 -100.00
  56    25.038 55208.83093581 13.90  70.731160  61.152416  5.140 -100.00 -100.00 -100.00
  57    24.942 55218.74658459 12.99  70.729296  61.154240  4.242 -100.00 -100.00 -100.00
  57    25.444 55218.74658518 13.31  70.733792  61.152761  4.727 -100.00 -100.00 -100.00
  58    25.306 55228.66223287 14.09  70.728962  61.154401  5.535 -100.00 -100.00 -100.00
  58    26.262 55228.66223346 13.45  70.733458  61.152921  5.036 -100.00 -100.00 -100.00
  59    26.083 55238.57787696 12.83  70.718618  61.156292  4.383 -100.00 -100.00 -100.00
  59    26.477 55238.57787755 12.79  70.723115  61.154812  4.352 -100.00 -100.00 -100.00
  59    26.377 55238.57787814 12.94  70.727612  61.153333  4.181 -100.00 -100.00 -100.00
  59    25.841 55238.57787873 13.23  70.732108  61.151854  4.942 -100.00 -100.00 -100.00
  60    26.331 55248.49351696 10.72  70.702996  61.158593  3.260 -100.00 -100.00 -100.00
  60    26.399 55248.49351755 11.60  70.707494  61.157114  4.043 -100.00 -100.00 -100.00
  60    25.872 55248.49351814 12.16  70.711992  61.155635  5.574 -100.00 -100.00 -100.00
  60    26.270 55248.49351873 11.87  70.716489  61.154156  4.551 -100.00 -100.00 -100.00
  60    26.331 55248.49351932 11.70  70.720986  61.152677  4.647 -100.00 -100.00 -100.00
  60    26.333 55248.49351991 12.00  70.725482  61.151198  4.734 -100.00 -100.00 -100.00
  61    26.988 55258.40915384 11.59  70.681817  61.163331  4.162 -100.00 -100.00 -100.00
  61    26.817 55258.40915620 11.35  70.699814  61.157419  3.585 -100.00 -100.00 -100.00
  61    26.990 55258.40915679 11.40  70.704312  61.155940  3.600 -100.00 -100.00 -100.00
  61    26.263 55258.40915738 11.82  70.708810  61.154462  4.111 -100.00 -100.00 -100.00
  61    26.342 55258.40915797 11.99  70.713307  61.152983  4.406 -100.00 -100.00 -100.00
  61    27.006 55258.40915856 11.67  70.717804  61.151504  4.203 -100.00 -100.00 -100.00
  62    26.966 55268.32479496 10.66  70.700287  61.157406  3.359 -100.00 -100.00 -100.00
  62    26.904 55268.32479555 10.60  70.704785  61.155928  3.341 -100.00 -100.00 -100.00
  62    27.085 55268.32479614 11.17  70.709283  61.154449  3.854 -100.00 -100.00 -100.00
  62    26.826 55268.32479673 11.74  70.713780  61.152970  4.856 -100.00 -100.00 -100.00
  62    27.174 55268.32479732 11.78  70.718276  61.151491  4.529 -100.00 -100.00 -100.00
  63    27.160 55278.24043361 10.85  70.704024  61.158421  3.330 -100.00 -100.00 -100.00
  63    27.420 55278.24043420 11.19  70.708522  61.156942  3.664 -100.00 -100.00 -100.00
  63    27.454 55278.24043479 11.29  70.713020  61.155463  3.496 -100.00 -100.00 -100.00
  63    27.085 55278.24043538 11.81  70.717517  61.153985  4.433 -100.00 -100.00 -100.00
  63    26.982 55278.24043597 11.59  70.722013  61.152506  4.622 -100.00 -100.00 -100.00
  63    26.747 55278.24043656 12.08  70.726510  61.151026  4.664 -100.00 -100.00 -100.00
  64    27.460 55288.15607266  9.43  70.720296  61.155401  5.441 -100.00 -100.00 -100.00
  64    27.538 55288.15607325  9.08  70.724793  61.153922  4.902 -100.00 -100.00 -100.00
  64    26.363 55288.15607384 11.78  70.729289  61.152443  7.952 -100.00 -100.00 -100.00
  65    27.228 55298.07170767 11.17  70.722860  61.155700  6.815 -100.00 -100.00 -100.00
  65    27.506 55298.07170826 10.60  70.727357  61.154221  6.142 -100.00 -100.00 -100.00
  65    26.884 55298.07170885 13.10  70.731853  61.152742  8.986 -100.00 -100.00 -100.00
  66    27.669 55307.98734956 28.81  70.715655  61.156211 14.335 -100.00 -100.00 -100.00
  66    27.408 55307.98735015 28.20  70.720152  61.154733 11.956 -100.00 -100.00 -100.00
  66    21.821 55307.98735074 34.21  70.724648  61.153254 32.566 -100.00 -100.00 -100.00
  66    21.754 55307.98735133 34.02  70.729144  61.151775   -100 -100.00 -100.00 -100.00
  67    23.402 55317.90299461 38.16  70.703259  61.157884   -100 -100.00 -100.00 -100.00
  67    23.290 55317.90299520 38.91  70.707756  61.156406  2.132 -100.00 -100.00 -100.00
  67    23.268 55317.90299579 39.59  70.712254  61.154927  2.140 -100.00 -100.00 -100.00
  67    23.279 55317.90299638 39.48  70.716750  61.153449  2.006 -100.00 -100.00 -100.00
  67    23.394 55317.90299697 41.37  70.721247  61.151970 11.908 -100.00 -100.00 -100.00
  68    25.402 55327.81863999 51.58  70.704338  61.157188   -100 -100.00 -100.00 -100.00
  68    25.612 55327.81864059 53.16  70.708835  61.155710  5.575 -100.00 -100.00 -100.00
  68    25.372 55327.81864118 55.53  70.713332  61.154231   -100 -100.00 -100.00 -100.00
  68    25.502 55327.81864177 54.96  70.717828  61.152753 14.862 -100.00 -100.00 -100.00
  68    25.550 55327.81864236 54.25  70.722324  61.151274   -100 -100.00 -100.00 -100.00
  69    26.981 55337.73428504 41.09  70.711175  61.157014  2.743 -100.00 -100.00 -100.00
  69    27.207 55337.73428563 37.80  70.715672  61.155535   -100 -100.00 -100.00 -100.00
  69    27.164 55337.73428622 35.49  70.720169  61.154057   -100 -100.00 -100.00 -100.00
  69    27.221 55337.73428681 33.50  70.724665  61.152578 31.931 -100.00 -100.00 -100.00
  69    27.163 55337.73428740 32.35  70.729161  61.151099 26.028 -100.00 -100.00 -100.00
  70    27.874 55347.64993038 48.42  70.724225  61.155254   -100 -100.00 -100.00 -100.00
  70    27.580 55347.64993097 51.40  70.728722  61.153775  6.797 -100.00 -100.00 -100.00
  70    27.676 55347.64993156 54.27  70.733217  61.152296  3.758 -100.00 -100.00 -100.00
  71    27.594 55357.56557308 41.45  70.728584  61.154976 17.491 -100.00 -100.00 -100.00
  71    27.580 55357.56557367 37.95  70.733080  61.153497  1.330 -100.00 -100.00 -100.00
  71    27.620 55357.56557426 43.03  70.737576  61.152018 11.509 -100.00 -100.00 -100.00
  72    27.797 55367.48121312 50.97  70.726755  61.155260 24.284 -100.00 -100.00 -100.00
  72    27.758 55367.48121371 39.81  70.731251  61.153781  4.282 -100.00 -100.00 -100.00
  72    27.768 55367.48121430 38.54  70.735748  61.152302   -100 -100.00 -100.00 -100.00
  73    27.811 55377.39685183 38.04  70.725440  61.155237   -100 -100.00 -100.00 -100.00
  73    27.763 55377.39685242 35.70  70.729937  61.153758   -100 -100.00 -100.00 -100.00
  73    27.757 55377.39685301 35.27  70.734433  61.152279   -100 -100.00 -100.00 -100.00
  74    28.000 55387.31249001 49.35  70.727043  61.155415 28.304 -100.00 -100.00 -100.00
  74    27.991 55387.31249060 35.26  70.731540  61.153936   -100 -100.00 -100.00 -100.00
  74    27.969 55387.31249119 37.74  70.736036  61.152457   -100 -100.00 -100.00 -100.00
  75    27.984 55397.22812818 43.12  70.735882  61.154006 24.787 -100.00 -100.00 -100.00
  75    27.998 55397.22812877 43.01  70.740378  61.152527 21.667 -100.00 -100.00 -100.00
  76    27.805 55407.14377106 45.76  70.734325  61.155129 16.773 -100.00 -100.00 -100.00
  76    27.767 55407.14377165 42.35  70.738822  61.153649 14.137 -100.00 -100.00 -100.00
  77    27.161 55417.05942157 39.75  70.727055  61.155413  0.879 -100.00 -100.00 -100.00
  77    27.090 55417.05942216 34.24  70.731551  61.153934   -100 -100.00 -100.00 -100.00
  77    27.067 55417.05942275 36.83  70.736047  61.152455   -100 -100.00 -100.00 -100.00
  78    25.576 55426.97506741 35.71  70.709356  61.157904   -100 -100.00 -100.00 -100.00
  78    25.434 55426.97506800 37.04  70.713854  61.156425   -100 -100.00 -100.00 -100.00
  78    25.379 55426.97506859 36.03  70.718351  61.154947   -100 -100.00 -100.00 -100.00
  78    25.380 55426.97506918 30.89  70.722847  61.153468 31.223 -100.00 -100.00 -100.00
  78    25.292 55426.97506977 32.74  70.727344  61.151989   -100 -100.00 -100.00 -100.00
  79    24.562 55436.89071186 30.23  70.703010  61.157625 28.405 -100.00 -100.00 -100.00
  79    24.205 55436.89071245 34.18  70.707508  61.156146   -100 -100.00 -100.00 -100.00
  79    26.670 55436.89071304 27.65  70.712005  61.154668 17.811 -100.00 -100.00 -100.00
  79    27.144 55436.89071363 26.24  70.716502  61.153189 16.061 -100.00 -100.00 -100.00
  79    27.220 55436.89071422 28.86  70.720998  61.151710 24.263 -100.00 -100.00 -100.00
  80    23.951 55446.80635515 45.36  70.700425  61.158198  1.918 -100.00 -100.00 -100.00
  80    24.665 55446.80635574 46.23  70.704923  61.156720 26.208 -100.00 -100.00 -100.00
  80    23.985 55446.80635633 49.38  70.709421  61.155241  2.117 -100.00 -100.00 -100.00
  80    23.825 55446.80635692 54.04  70.713918  61.153762   -100 -100.00 -100.00 -100.00
  80    23.814 55446.80635751 53.26  70.718414  61.152284 26.317 -100.00 -100.00 -100.00
  80    24.116 55446.80635810 46.27  70.722911  61.150805   -100 -100.00 -100.00 -100.00
  81    23.675 55456.72199896 43.31  70.707189  61.157341   -100 -100.00 -100.00 -100.00
  81    23.561 55456.72199955 43.11  70.711687  61.155862   -100 -100.00 -100.00 -100.00
  81    23.515 55456.72200014 48.64  70.716184  61.154383   -100 -100.00 -100.00 -100.00
  81    23.248 55456.72200073 52.75  70.720681  61.152905   -100 -100.00 -100.00 -100.00
  81    23.257 55456.72200132 53.57  70.725177  61.151425 19.210 -100.00 -100.00 -100.00
  82    23.956 55466.63764209 31.98  70.714453  61.156607 32.195 -100.00 -100.00 -100.00
  82    23.954 55466.63764268 36.61  70.718950  61.155128   -100 -100.00 -100.00 -100.00
  82    22.942 55466.63764327 33.89  70.723447  61.153649   -100 -100.00 -100.00 -100.00
  82    24.113 55466.63764386 34.31  70.727944  61.152169   -100 -100.00 -100.00 -100.00
  83    23.872 55476.55328159 38.07  70.717060  61.156217   -100 -100.00 -100.00 -100.00
  83    23.621 55476.55328218 35.87  70.721558  61.154738   -100 -100.00 -100.00 -100.00
  83    23.145 55476.55328277 37.65  70.726055  61.153259   -100 -100.00 -100.00 -100.00
  83    22.981 55476.55328336 40.45  70.730551  61.151779 16.557 -100.00 -100.00 -100.00
  84    23.812 55486.46891715 31.65  70.712533  61.156969   -100 -100.00 -100.00 -100.00
  84    23.934 55486.46891774 34.02  70.717031  61.155490   -100 -100.00 -100.00 -100.00
  84    27.152 55486.46891833 29.46  70.721529  61.154011 23.393 -100.00 -100.00 -100.00
  84    24.105 55486.46891892 31.39  70.726026  61.152532 31.676 -100.00 -100.00 -100.00
  85    23.769 55496.38455071 30.30  70.708818  61.157358 28.120 -100.00 -100.00 -100.00
  85    23.997 55496.38455130 29.96  70.713317  61.155879 21.769 -100.00 -100.00 -100.00
  85    23.807 55496.38455189 33.00  70.717815  61.154401   -100 -100.00 -100.00 -100.00
  85    23.235 55496.38455248 33.85  70.722313  61.152922   -100 -100.00 -100.00 -100.00
  85    23.187 55496.38455307 36.22  70.726810  61.151443   -100 -100.00 -100.00 -100.00
  86    25.420 55506.30018666 28.59  70.712945  61.156980 21.133 -100.00 -100.00 -100.00
  86    23.953 55506.30018725 35.66  70.717443  61.155502   -100 -100.00 -100.00 -100.00
  86    27.215 55506.30018784 27.92  70.721941  61.154023 20.985 -100.00 -100.00 -100.00
  86    24.212 55506.30018844 31.77  70.726438  61.152544 30.101 -100.00 -100.00 -100.00
  87    25.641 55516.21583777 24.59  70.717677  61.156480  8.645 -100.00 -100.00 -100.00
  87    24.577 55516.21583836 26.75  70.722175  61.155001 13.461 -100.00 -100.00 -100.00
  87    22.383 55516.21583895 31.08  70.726672  61.153522 26.851 -100.00 -100.00 -100.00
  87    22.536 55516.21583954 31.03  70.731169  61.152043 24.162 -100.00 -100.00 -100.00
  88    22.825 55526.13148842 33.93  70.726366  61.155278   -100 -100.00 -100.00 -100.00
  88    23.212 55526.13148901 35.50  70.730862  61.153799 25.815 -100.00 -100.00 -100.00
  88    22.571 55526.13148960 37.42  70.735359  61.152320  0.471 -100.00 -100.00 -100.00
  89    23.196 55536.04713635 24.80  70.728496  61.155015 17.508 -100.00 -100.00 -100.00
  89    23.224 55536.04713694 24.84  70.732993  61.153535 17.207 -100.00 -100.00 -100.00
  89    23.276 55536.04713753 22.89  70.737489  61.152056 13.038 -100.00 -100.00 -100.00
  90    23.088 55545.96278161 20.08  70.725795  61.155192  7.981 -100.00 -100.00 -100.00
  90    23.244 55545.96278220 19.57  70.730291  61.153713  7.627 -100.00 -100.00 -100.00
  90    24.845 55545.96278279 19.89  70.734787  61.152233  8.196 -100.00 -100.00 -100.00
  91    22.935 55555.87842501 21.36  70.723322  61.155280 11.831 -100.00 -100.00 -100.00
  91    23.000 55555.87842560 20.90  70.727818  61.153800  9.481 -100.00 -100.00 -100.00
  91    23.009 55555.87842619 19.93  70.732314  61.152321  8.682 -100.00 -100.00 -100.00
  92    22.914 55565.79406777 19.86  70.724143  61.155174  9.900 -100.00 -100.00 -100.00
  92    22.978 55565.79406836 18.64  70.728639  61.153695  7.343 -100.00 -100.00 -100.00
  92    22.733 55565.79406895 19.25  70.733135  61.152215  9.173 -100.00 -100.00 -100.00
  93    22.684 55575.70971000 19.43  70.726433  61.155022  8.935 -100.00 -100.00 -100.00
  93    22.661 55575.70971059 19.28  70.730929  61.153543  8.673 -100.00 -100.00 -100.00
  93    22.667 55575.70971118 19.78  70.735425  61.152063 10.336 -100.00 -100.00 -100.00
  94    22.125 55585.62534991 21.75  70.723605  61.155671 15.371 -100.00 -100.00 -100.00
  94    22.196 55585.62535050 21.41  70.728102  61.154191 14.794 -100.00 -100.00 -100.00
  94    22.270 55585.62535110 19.57  70.732599  61.152712  9.910 -100.00 -100.00 -100.00
  95    23.459 55595.54098675 18.46  70.721569  61.155400  7.867 -100.00 -100.00 -100.00
  95    22.060 55595.54098734 20.26  70.726066  61.153921 11.959 -100.00 -100.00 -100.00
  95    22.049 55595.54098793 21.67  70.730563  61.152442 14.707 -100.00 -100.00 -100.00
  96    23.343 55605.45661982 17.78  70.714963  61.156694  7.827 -100.00 -100.00 -100.00
  96    22.064 55605.45662041 19.12  70.719461  61.155215 10.250 -100.00 -100.00 -100.00
  96    21.953 55605.45662100 18.62  70.723958  61.153736  9.520 -100.00 -100.00 -100.00
  96    21.979 55605.45662159 18.84  70.728455  61.152257 10.064 -100.00 -100.00 -100.00
  97    21.931 55615.37225201 17.48  70.717878  61.155927  7.511 -100.00 -100.00 -100.00
  97    23.568 55615.37225260 17.25  70.722375  61.154448  7.304 -100.00 -100.00 -100.00
  97    21.983 55615.37225319 16.83  70.726873  61.152969  6.692 -100.00 -100.00 -100.00
  97    21.923 55615.37225378 18.04  70.731370  61.151490  9.232 -100.00 -100.00 -100.00
  98    21.647 55625.28789324 16.00  70.722456  61.155180  7.502 -100.00 -100.00 -100.00
  98    21.786 55625.28789383 15.99  70.726954  61.153701  7.511 -100.00 -100.00 -100.00
  98    21.559 55625.28789443 16.45  70.731450  61.152222  9.233 -100.00 -100.00 -100.00
  99    24.215 55635.20354551 14.36  70.721270  61.155444  6.185 -100.00 -100.00 -100.00
  99    24.490 55635.20354610 14.17  70.725767  61.153965  5.984 -100.00 -100.00 -100.00
  99    23.773 55635.20354669 15.24  70.730264  61.152486  8.145 -100.00 -100.00 -100.00
 100    25.655 55645.11919522 14.04  70.716718  61.156592  5.705 -100.00 -100.00 -100.00
 100    24.126 55645.11919581 14.37  70.721215  61.155114  6.513 -100.00 -100.00 -100.00
 100    25.173 55645.11919640 13.92  70.725712  61.153635  5.426 -100.00 -100.00 -100.00
 100    24.066 55645.11919699 14.60  70.730208  61.152156  6.954 -100.00 -100.00 -100.00
 101    27.454 55655.03484245 10.56  70.714045  61.156530  4.521 -100.00 -100.00 -100.00
 101    27.345 55655.03484304 10.53  70.718542  61.155051  3.876 -100.00 -100.00 -100.00
 101    26.937 55655.03484363 10.98  70.723039  61.153572  4.428 -100.00 -100.00 -100.00
 101    27.431 55655.03484422 10.63  70.727535  61.152094  4.615 -100.00 -100.00 -100.00
 102    23.908 55664.95048468 33.56  70.708078  61.157509   -100 -100.00 -100.00 -100.00
 102    22.188 55664.95048527 37.24  70.712575  61.156030   -100 -100.00 -100.00 -100.00
 102    26.112 55664.95048586 33.02  70.717072  61.154552 29.189 -100.00 -100.00 -100.00
 102    22.179 55664.95048645 36.81  70.721569  61.153073   -100 -100.00 -100.00 -100.00
 102    22.201 55664.95048704 36.00  70.726065  61.151594   -100 -100.00 -100.00 -100.00
 103    23.608 55674.86612414 42.51  70.704831  61.158301 12.627 -100.00 -100.00 -100.00
 103    23.673 55674.86612473 43.47  70.709329  61.156823  8.572 -100.00 -100.00 -100.00
 103    23.577 55674.86612532 44.61  70.713826  61.155345 28.471 -100.00 -100.00 -100.00
 103    23.609 55674.86612591 46.82  70.718323  61.153866   -100 -100.00 -100.00 -100.00
 103    23.694 55674.86612650 45.60  70.722819  61.152387 23.438 -100.00 -100.00 -100.00
 103    23.678 55674.86612709 41.21  70.727315  61.150909  0.470 -100.00 -100.00 -100.00
 104    26.465 55684.78176310 47.68  70.712324  61.156919 16.222 -100.00 -100.00 -100.00
 104    26.403 55684.78176370 51.86  70.716821  61.155441   -100 -100.00 -100.00 -100.00
 104    26.375 55684.78176429 54.83  70.721318  61.153962   -100 -100.00 -100.00 -100.00
 104    26.355 55684.78176488 56.41  70.725814  61.152483   -100 -100.00 -100.00 -100.00
 105    27.037 55694.69740106 41.44  70.722409  61.155793 17.867 -100.00 -100.00 -100.00
 105    27.092 55694.69740165 37.22  70.726906  61.154314   -100 -100.00 -100.00 -100.00
 105    27.039 55694.69740224 36.39  70.731402  61.152835   -100 -100.00 -100.00 -100.00
 106    27.322 55704.61303765 51.86  70.732673  61.154826   -100 -100.00 -100.00 -100.00
 106    27.286 55704.61303824 43.95  70.737170  61.153346 32.289 -100.00 -100.00 -100.00
 107    27.340 55714.52868482 35.22  70.736552  61.153827   -100 -100.00 -100.00 -100.00
 107    27.339 55714.52868541 37.33  70.741048  61.152348  7.907 -100.00 -100.00 -100.00
 108    27.326 55724.44433322 49.83  70.731444  61.154590 22.618 -100.00 -100.00 -100.00
 108    27.378 55724.44433381 46.84  70.735940  61.153110 14.221 -100.00 -100.00 -100.00
 109    26.910 55734.35998026 36.69  70.730482  61.154292   -100 -100.00 -100.00 -100.00
 109    26.918 55734.35998085 34.48  70.734978  61.152813   -100 -100.00 -100.00 -100.00
 110    26.035 55744.27562614 34.59  70.730400  61.154229   -100 -100.00 -100.00 -100.00
 110    26.011 55744.27562673 34.73  70.734896  61.152749   -100 -100.00 -100.00 -100.00
 111    27.212 55754.19127047 27.72  70.729693  61.154142 26.010 -100.00 -100.00 -100.00
 111    24.743 55754.19127106 31.83  70.734189  61.152662   -100 -100.00 -100.00 -100.00
 112    23.951 55764.10691156 36.77  70.721088  61.155942  2.598 -100.00 -100.00 -100.00
 112    27.276 55764.10691215 27.29  70.725585  61.154463 23.694 -100.00 -100.00 -100.00
 112    24.149 55764.10691274 31.64  70.730081  61.152984   -100 -100.00 -100.00 -100.00
 112    24.566 55764.10691333 30.64  70.734577  61.151505   -100 -100.00 -100.00 -100.00
 113    24.262 55774.02255011 41.53  70.714099  61.156739   -100 -100.00 -100.00 -100.00
 113    24.199 55774.02255070 43.43  70.718597  61.155261   -100 -100.00 -100.00 -100.00
 113    23.922 55774.02255129 46.73  70.723094  61.153782 12.399 -100.00 -100.00 -100.00
 113    23.751 55774.02255188 51.90  70.727590  61.152303   -100 -100.00 -100.00 -100.00
 114    23.551 55783.93818505 35.90  70.705748  61.158408  3.908 -100.00 -100.00 -100.00
 114    24.096 55783.93818564 30.11  70.710246  61.156930 27.809 -100.00 -100.00 -100.00
 114    26.418 55783.93818624 27.30  70.714743  61.155452 19.376 -100.00 -100.00 -100.00
 114    23.794 55783.93818683 32.47  70.719240  61.153973   -100 -100.00 -100.00 -100.00
 114    27.630 55783.93818742 22.52  70.723737  61.152495 10.390 -100.00 -100.00 -100.00
 114    26.904 55783.93818801 26.20  70.728233  61.151016 18.012 -100.00 -100.00 -100.00
 115    23.896 55793.85381918 31.45  70.712085  61.157434 30.812 -100.00 -100.00 -100.00
 115    24.044 55793.85381977 33.15  70.716583  61.155956   -100 -100.00 -100.00 -100.00
 115    23.966 55793.85382036 34.28  70.721080  61.154477   -100 -100.00 -100.00 -100.00
 115    23.034 55793.85382095 34.31  70.725577  61.152998   -100 -100.00 -100.00 -100.00
 115    23.036 55793.85382154 33.40  70.730073  61.151519   -100 -100.00 -100.00 -100.00
 116    24.210 55803.76945705 31.75  70.726427  61.154795 25.879 -100.00 -100.00 -100.00
 116    24.187 55803.76945764 33.15  70.730923  61.153316 30.809 -100.00 -100.00 -100.00
 116    23.204 55803.76945823 36.47  70.735420  61.151837   -100 -100.00 -100.00 -100.00
 117    24.114 55813.68510674 37.19  70.728049  61.154584   -100 -100.00 -100.00 -100.00
 117    24.134 55813.68510733 32.89  70.732546  61.153104   -100 -100.00 -100.00 -100.00
 117    24.982 55813.68510792 35.54  70.737042  61.151625   -100 -100.00 -100.00 -100.00
 118    26.827 55823.60075363 29.00  70.722342  61.155560 24.231 -100.00 -100.00 -100.00
 118    24.183 55823.60075422 30.95  70.726839  61.154081   -100 -100.00 -100.00 -100.00
 118    24.299 55823.60075481 32.38  70.731336  61.152602   -100 -100.00 -100.00 -100.00
 119    23.161 55833.51639560 41.37  70.714625  61.156789   -100 -100.00 -100.00 -100.00
 119    23.854 55833.51639619 42.32  70.719123  61.155311 28.793 -100.00 -100.00 -100.00
 119    23.340 55833.51639678 45.80  70.723621  61.153832   -100 -100.00 -100.00 -100.00
 119    23.247 55833.51639737 48.08  70.728118  61.152353  2.954 -100.00 -100.00 -100.00
 120    23.838 55843.43203388 29.58  70.710765  61.157548   -100 -100.00 -100.00 -100.00
 120    26.050 55843.43203447 24.95  70.715264  61.156070 17.394 -100.00 -100.00 -100.00
 120    26.594 55843.43203506 26.36  70.719762  61.154591 21.384 -100.00 -100.00 -100.00
 120    27.285 55843.43203565 22.59  70.724259  61.153112 10.054 -100.00 -100.00 -100.00
 120    26.573 55843.43203624 24.03  70.728757  61.151633 13.510 -100.00 -100.00 -100.00
 121    23.866 55853.34767041 29.15  70.717566  61.156508   -100 -100.00 -100.00 -100.00
 121    27.132 55853.34767100 23.44  70.722064  61.155029 13.432 -100.00 -100.00 -100.00
 121    24.189 55853.34767159 28.79  70.726562  61.153550   -100 -100.00 -100.00 -100.00
 121    24.058 55853.34767218 31.02  70.731059  61.152071   -100 -100.00 -100.00 -100.00
 122    21.897 55863.26330841 35.79  70.731745  61.154167   -100 -100.00 -100.00 -100.00
 122    22.173 55863.26330900 41.48  70.736242  61.152688   -100 -100.00 -100.00 -100.00
 123    21.380 55873.17896219 31.61  70.729672  61.155086 31.333 -100.00 -100.00 -100.00
 123    21.466 55873.17896278 30.60  70.734169  61.153607 26.564 -100.00 -100.00 -100.00
 123    21.187 55873.17896337 30.44  70.738666  61.152127 30.150 -100.00 -100.00 -100.00
 124    22.391 55883.09461168 24.81  70.733609  61.153835 16.926 -100.00 -100.00 -100.00
 124    22.385 55883.09461227 24.33  70.738105  61.152355 15.682 -100.00 -100.00 -100.00
 125    22.156 55893.01025390 19.26  70.730513  61.154696 11.157 -100.00 -100.00 -100.00
 125    22.204 55893.01025449 21.18  70.735010  61.153217 15.438 -100.00 -100.00 -100.00
 126    22.394 55902.92589091 17.10  70.731061  61.154962 10.019 -100.00 -100.00 -100.00
 126    22.173 55902.92589150 18.58  70.735558  61.153483 12.896 -100.00 -100.00 -100.00
 126    22.176 55902.92589209 18.95  70.740054  61.152004 14.178 -100.00 -100.00 -100.00
 127    22.182 55912.84152838 16.29  70.737541  61.153855  7.909 -100.00 -100.00 -100.00
 127    22.220 55912.84152897 16.45  70.742037  61.152375  8.020 -100.00 -100.00 -100.00
 128    22.117 55922.75718227 17.41  70.734635  61.154040 10.152 -100.00 -100.00 -100.00
 128    22.233 55922.75718286 16.33  70.739131  61.152561  7.114 -100.00 -100.00 -100.00
 129    22.072 55932.67283291 15.12  70.728932  61.154826  6.322 -100.00 -100.00 -100.00
 129    22.126 55932.67283350 15.86  70.733429  61.153347  7.961 -100.00 -100.00 -100.00
 129    22.027 55932.67283409 16.22  70.737925  61.151867  8.407 -100.00 -100.00 -100.00
 130    26.562 55942.58847868 14.87  70.717819  61.156224  5.052 -100.00 -100.00 -100.00
 130    26.896 55942.58847927 14.92  70.722316  61.154745  5.179 -100.00 -100.00 -100.00
 130    26.583 55942.58847986 15.50  70.726813  61.153266  5.561 -100.00 -100.00 -100.00
 130    27.014 55942.58848045 15.24  70.731310  61.151787  5.718 -100.00 -100.00 -100.00
 131    27.323 55952.50411964 13.98  70.702655  61.158638  4.297 -100.00 -100.00 -100.00
 131    26.993 55952.50412023 14.25  70.707154  61.157160  4.617 -100.00 -100.00 -100.00
 131    26.918 55952.50412082 14.44  70.711652  61.155681  4.921 -100.00 -100.00 -100.00
 131    26.708 55952.50412141 14.87  70.716149  61.154203  5.162 -100.00 -100.00 -100.00
 131    26.547 55952.50412200 14.91  70.720647  61.152724  5.371 -100.00 -100.00 -100.00
 131    26.666 55952.50412259 15.12  70.725144  61.151245  5.866 -100.00 -100.00 -100.00
 132    25.387 55962.41975903 13.51  70.702004  61.157848  4.717 -100.00 -100.00 -100.00
 132    26.098 55962.41975962 13.49  70.706503  61.156369  4.555 -100.00 -100.00 -100.00
 132    25.926 55962.41976021 14.14  70.711001  61.154891  5.865 -100.00 -100.00 -100.00
 132    25.223 55962.41976080 13.89  70.715498  61.153412  5.450 -100.00 -100.00 -100.00
 132    24.946 55962.41976139 14.91  70.719996  61.151933  7.003 -100.00 -100.00 -100.00
 133    25.561 55972.33539663 14.08  70.704760  61.158293  4.654 -100.00 -100.00 -100.00
 133    25.967 55972.33539722 14.22  70.709259  61.156815  5.115 -100.00 -100.00 -100.00
 133    25.771 55972.33539781 14.47  70.713757  61.155336  5.547 -100.00 -100.00 -100.00
 133    25.258 55972.33539840 15.24  70.718254  61.153857  6.015 -100.00 -100.00 -100.00
 133    25.223 55972.33539899 15.22  70.722751  61.152378  6.109 -100.00 -100.00 -100.00
 133    25.256 55972.33539958 15.43  70.727248  61.150899  6.126 -100.00 -100.00 -100.00
 134    26.539 55982.25103513 15.01  70.724939  61.154642  4.221 -100.00 -100.00 -100.00
 134    26.618 55982.25103572 15.89  70.729436  61.153163  5.347 -100.00 -100.00 -100.00
 134    25.926 55982.25103631 16.44  70.733932  61.151684  6.149 -100.00 -100.00 -100.00
 135    27.028 55992.16667018 15.24  70.729972  61.155090  4.594 -100.00 -100.00 -100.00
 135    26.844 55992.16667077 16.22  70.734469  61.153611  5.585 -100.00 -100.00 -100.00
 135    27.004 55992.16667136 15.83  70.738965  61.152132  5.603 -100.00 -100.00 -100.00
 136    26.552 56002.08231762 16.94  70.726793  61.154775  4.947 -100.00 -100.00 -100.00
 136    26.920 56002.08231821 17.04  70.731289  61.153296  5.362 -100.00 -100.00 -100.00
 136    26.735 56002.08231880 16.78  70.735786  61.151817  5.183 -100.00 -100.00 -100.00
 137    26.542 56011.99796584 13.59  70.710569  61.157095  5.346 -100.00 -100.00 -100.00
 137    26.705 56011.99796643 13.60  70.715067  61.155617  5.432 -100.00 -100.00 -100.00
 137    26.571 56011.99796702 14.75  70.719564  61.154138  6.447 -100.00 -100.00 -100.00
 137    21.699 56011.99796761 15.57  70.724060  61.152660  8.368 -100.00 -100.00 -100.00
 137    23.905 56011.99796820 15.72  70.728556  61.151181  8.549 -100.00 -100.00 -100.00
 138    22.523 56021.91361134 29.74  70.703009  61.158137   -100 -100.00 -100.00 -100.00
 138    20.945 56021.91361193 30.48  70.707507  61.156658   -100 -100.00 -100.00 -100.00
 138    20.966 56021.91361252 29.95  70.712004  61.155180   -100 -100.00 -100.00 -100.00
 138    21.249 56021.91361311 28.12  70.716501  61.153702   -100 -100.00 -100.00 -100.00
 138    21.324 56021.91361370 30.19  70.720997  61.152223   -100 -100.00 -100.00 -100.00
 139    21.912 56031.82925528 36.90  70.708111  61.157440   -100 -100.00 -100.00 -100.00
 139    22.122 56031.82925587 39.25  70.712609  61.155961   -100 -100.00 -100.00 -100.00
 139    22.095 56031.82925646 36.42  70.717105  61.154483   -100 -100.00 -100.00 -100.00
 139    21.838 56031.82925705 39.36  70.721602  61.153004  2.390 -100.00 -100.00 -100.00
 139    21.834 56031.82925764 41.77  70.726098  61.151525  8.095 -100.00 -100.00 -100.00
 140    23.958 56041.74489816 40.66  70.723090  61.155257   -100 -100.00 -100.00 -100.00
 140    23.737 56041.74489875 42.40  70.727586  61.153778   -100 -100.00 -100.00 -100.00
 140    23.453 56041.74489934 39.04  70.732082  61.152299  0.549 -100.00 -100.00 -100.00
 141    25.307 56051.66053793 33.98  70.732238  61.154485   -100 -100.00 -100.00 -100.00
 141    25.228 56051.66053852 32.84  70.736733  61.153006   -100 -100.00 -100.00 -100.00
 143    25.673 56071.49181286 31.81  70.734512  61.154265   -100 -100.00 -100.00 -100.00
 143    25.605 56071.49181345 33.16  70.739008  61.152786   -100 -100.00 -100.00 -100.00
 144    25.514 56081.40746272 45.87  70.728014  61.154765  2.899 -100.00 -100.00 -100.00
 144    25.712 56081.40746331 47.68  70.732511  61.153286   -100 -100.00 -100.00 -100.00
 144    25.414 56081.40746390 52.99  70.737007  61.151806 22.570 -100.00 -100.00 -100.00
 145    24.901 56091.32311060 34.03  70.727195  61.154847   -100 -100.00 -100.00 -100.00
 145    24.815 56091.32311119 33.52  70.731691  61.153368   -100 -100.00 -100.00 -100.00
 145    24.874 56091.32311178 31.94  70.736187  61.151888   -100 -100.00 -100.00 -100.00
 146    24.283 56101.23875666 36.05  70.731186  61.154437  8.851 -100.00 -100.00 -100.00
 146    24.985 56101.23875725 29.32  70.735682  61.152958 29.246 -100.00 -100.00 -100.00
 147    24.142 56111.15438820 41.73  70.731840  61.154043 18.946 -100.00 -100.00 -100.00
 147    23.325 56111.15438879 45.92  70.736336  61.152564   -100 -100.00 -100.00 -100.00
 148    23.765 56121.07002669 30.11  70.721554  61.155856   -100 -100.00 -100.00 -100.00
 148    27.294 56121.07002728 25.84  70.726051  61.154377 22.223 -100.00 -100.00 -100.00
 148    24.332 56121.07002787 27.01  70.730547  61.152898 25.636 -100.00 -100.00 -100.00
 148    24.973 56121.07002846 22.87  70.735043  61.151419 16.731 -100.00 -100.00 -100.00
 149    21.646 56130.98566175 36.09  70.713251  61.156653   -100 -100.00 -100.00 -100.00
 149    23.788 56130.98566234 36.43  70.717748  61.155174   -100 -100.00 -100.00 -100.00
 149    21.754 56130.98566293 34.99  70.722245  61.153696   -100 -100.00 -100.00 -100.00
 149    21.511 56130.98566352 38.86  70.726742  61.152217 28.637 -100.00 -100.00 -100.00
 150    21.441 56140.90129527 31.91  70.705849  61.158515   -100 -100.00 -100.00 -100.00
 150    21.702 56140.90129586 32.71  70.710347  61.157037   -100 -100.00 -100.00 -100.00
 150    21.781 56140.90129645 33.06  70.714844  61.155559   -100 -100.00 -100.00 -100.00
 150    23.728 56140.90129705 33.86  70.719342  61.154081   -100 -100.00 -100.00 -100.00
 150    21.628 56140.90129764 33.96  70.723838  61.152602   -100 -100.00 -100.00 -100.00
 150    21.417 56140.90129823 35.50  70.728334  61.151123 22.496 -100.00 -100.00 -100.00
 151    21.381 56150.81694651 41.71  70.708637  61.157871  7.158 -100.00 -100.00 -100.00
 151    21.489 56150.81694710 42.65  70.713135  61.156393  2.782 -100.00 -100.00 -100.00
 151    21.659 56150.81694769 43.79  70.717632  61.154914   -100 -100.00 -100.00 -100.00
 151    22.337 56150.81694828 45.92  70.722129  61.153436 24.619 -100.00 -100.00 -100.00
 151    21.675 56150.81694887 51.13  70.726626  61.151957   -100 -100.00 -100.00 -100.00
 152    27.166 56160.73259716 30.55  70.723113  61.155029   -100 -100.00 -100.00 -100.00
 152    20.998 56160.73259775 32.84  70.727610  61.153550   -100 -100.00 -100.00 -100.00
 152    21.042 56160.73259834 30.92  70.732106  61.152071   -100 -100.00 -100.00 -100.00
 153    20.720 56170.64824461 33.85  70.725168  61.155423   -100 -100.00 -100.00 -100.00
 153    20.830 56170.64824520 32.58  70.729665  61.153944   -100 -100.00 -100.00 -100.00
 153    20.705 56170.64824579 32.21  70.734161  61.152465   -100 -100.00 -100.00 -100.00
 154    21.382 56180.56388755 40.23  70.721506  61.155546   -100 -100.00 -100.00 -100.00
 154    21.493 56180.56388814 41.76  70.726003  61.154067   -100 -100.00 -100.00 -100.00
 154    21.059 56180.56388873 46.05  70.730500  61.152588  8.883 -100.00 -100.00 -100.00
 155    21.264 56190.47952547 32.03  70.708799  61.157749   -100 -100.00 -100.00 -100.00
 155    23.605 56190.47952606 33.95  70.713297  61.156270   -100 -100.00 -100.00 -100.00
 155    23.948 56190.47952665 35.15  70.717795  61.154791   -100 -100.00 -100.00 -100.00
 155    20.953 56190.47952724 33.97  70.722293  61.153313   -100 -100.00 -100.00 -100.00
 155    23.771 56190.47952783 29.62  70.726790  61.151834 26.991 -100.00 -100.00 -100.00
 156    23.750 56200.39516163 25.28  70.705359  61.158187 18.074 -100.00 -100.00 -100.00
 156    24.014 56200.39516222 26.70  70.709858  61.156709 21.914 -100.00 -100.00 -100.00
 156    23.770 56200.39516281 26.27  70.714356  61.155230 24.293 -100.00 -100.00 -100.00
 156    23.843 56200.39516340 32.28  70.718854  61.153752   -100 -100.00 -100.00 -100.00
 156    21.399 56200.39516399 28.51  70.723352  61.152273 29.867 -100.00 -100.00 -100.00
 157    23.822 56210.31079755 36.67  70.720555  61.155660   -100 -100.00 -100.00 -100.00
 157    21.328 56210.31079814 35.92  70.725053  61.154182  3.095 -100.00 -100.00 -100.00
 157    21.688 56210.31079873 36.93  70.729550  61.152702   -100 -100.00 -100.00 -100.00
 158    21.554 56220.22643165 37.80  70.737014  61.154269   -100 -100.00 -100.00 -100.00
 158    21.628 56220.22643224 36.90  70.741511  61.152789   -100 -100.00 -100.00 -100.00
 159    20.992 56230.14208166 36.96  70.738139  61.155367   -100 -100.00 -100.00 -100.00
 159    21.114 56230.14208225 35.76  70.742635  61.153887   -100 -100.00 -100.00 -100.00
 160    21.227 56240.05773477 34.83  70.735232  61.155093   -100 -100.00 -100.00 -100.00
 160    21.239 56240.05773536 34.22  70.739728  61.153613   -100 -100.00 -100.00 -100.00
 161    22.147 56249.97338365 28.86  70.729665  61.154813 18.725 -100.00 -100.00 -100.00
 161    22.277 56249.97338424 29.28  70.734161  61.153334 20.208 -100.00 -100.00 -100.00
 161    21.996 56249.97338483 30.61  70.738657  61.151854 26.406 -100.00 -100.00 -100.00
 162    22.023 56259.88902774 26.43  70.725211  61.154837 16.516 -100.00 -100.00 -100.00
 162    22.167 56259.88902833 24.88  70.729708  61.153358 11.012 -100.00 -100.00 -100.00
 162    21.914 56259.88902892 25.93  70.734204  61.151879 14.763 -100.00 -100.00 -100.00
 163    23.379 56269.80466984 21.18  70.727692  61.154484  8.420 -100.00 -100.00 -100.00
 163    21.874 56269.80467043 20.64  70.732188  61.153005  7.490 -100.00 -100.00 -100.00
 164    21.687 56279.72031021 20.52  70.731091  61.154402  9.224 -100.00 -100.00 -100.00
 164    21.813 56279.72031080 20.77  70.735587  61.152923  9.401 -100.00 -100.00 -100.00
 165    21.444 56289.63596082 19.56  70.728226  61.154857  8.841 -100.00 -100.00 -100.00
 165    23.518 56289.63596141 18.76  70.732723  61.153378  6.719 -100.00 -100.00 -100.00
 165    21.500 56289.63596200 19.81  70.737219  61.151898  7.937 -100.00 -100.00 -100.00
 166    23.146 56299.55160759 17.06  70.715277  61.156843  7.315 -100.00 -100.00 -100.00
 166    23.241 56299.55160818 18.16  70.719775  61.155365  8.355 -100.00 -100.00 -100.00
 166    21.270 56299.55160877 18.28  70.724272  61.153885  9.014 -100.00 -100.00 -100.00
 166    24.049 56299.55160936 17.87  70.728769  61.152406  7.812 -100.00 -100.00 -100.00
 167    25.873 56309.46725035 16.48  70.701599  61.158573  4.198 -100.00 -100.00 -100.00
 167    26.591 56309.46725094 16.40  70.706097  61.157094  4.228 -100.00 -100.00 -100.00
 167    26.547 56309.46725153 16.50  70.710595  61.155616  4.690 -100.00 -100.00 -100.00
 167    26.393 56309.46725212 17.17  70.715093  61.154137  5.143 -100.00 -100.00 -100.00
 167    25.131 56309.46725271 17.36  70.719590  61.152658  5.656 -100.00 -100.00 -100.00
 167    25.040 56309.46725331 18.17  70.724087  61.151179  6.619 -100.00 -100.00 -100.00
 168    25.836 56319.38289203 14.72  70.698468  61.158248  3.645 -100.00 -100.00 -100.00
 168    25.712 56319.38289262 15.46  70.702967  61.156770  4.873 -100.00 -100.00 -100.00
 168    23.713 56319.38289321 15.69  70.707465  61.155291  5.691 -100.00 -100.00 -100.00
 168    25.629 56319.38289381 15.60  70.711963  61.153813  5.328 -100.00 -100.00 -100.00
 168    21.059 56319.38289440 16.53  70.716460  61.152334  5.610 -100.00 -100.00 -100.00
 168    21.158 56319.38289499 17.24  70.720957  61.150855  7.275 -100.00 -100.00 -100.00
 169    26.393 56329.29853391 14.86  70.705884  61.157264  4.281 -100.00 -100.00 -100.00
 169    26.262 56329.29853450 15.12  70.710382  61.155785  4.687 -100.00 -100.00 -100.00
 169    21.103 56329.29853509 16.18  70.714880  61.154306  6.345 -100.00 -100.00 -100.00
 169    24.698 56329.29853568 16.54  70.719377  61.152828  6.665 -100.00 -100.00 -100.00
 169    20.810 56329.29853627 17.31  70.723873  61.151348  7.084 -100.00 -100.00 -100.00
 170    20.551 56339.21417569 20.53  70.719869  61.155616 14.184 -100.00 -100.00 -100.00
 170    20.629 56339.21417628 20.39  70.724366  61.154137 13.808 -100.00 -100.00 -100.00
 170    20.681 56339.21417687 22.78  70.728863  61.152658 19.743 -100.00 -100.00 -100.00
 171    20.822 56349.12981484 20.16  70.729101  61.154965 12.358 -100.00 -100.00 -100.00
 171    20.804 56349.12981543 21.37  70.733597  61.153486 15.191 -100.00 -100.00 -100.00
 171    20.725 56349.12981603 22.77  70.738094  61.152007 19.279 -100.00 -100.00 -100.00
 172    22.414 56359.04545064 14.46  70.729166  61.154871  6.245 -100.00 -100.00 -100.00
 172    24.115 56359.04545123 14.11  70.733662  61.153392  5.877 -100.00 -100.00 -100.00
 172    21.714 56359.04545182 14.28  70.738158  61.151913  6.530 -100.00 -100.00 -100.00
 173    27.304 56368.96109936 10.71  70.711240  61.157387  3.716 -100.00 -100.00 -100.00
 173    27.096 56368.96109995 11.05  70.715737  61.155909  3.685 -100.00 -100.00 -100.00
 173    27.295 56368.96110054 11.42  70.720234  61.154430  4.445 -100.00 -100.00 -100.00
 173    27.574 56368.96110113 11.40  70.724731  61.152951  4.541 -100.00 -100.00 -100.00
 173    27.342 56368.96110172 11.18  70.729227  61.151472  4.489 -100.00 -100.00 -100.00
 175    28.199 56388.79239199  9.93  70.707270  61.158039  2.994 -100.00 -100.00 -100.00
 175    28.001 56388.79239258 10.00  70.711767  61.156560  3.204 -100.00 -100.00 -100.00
 175    28.349 56388.79239317  9.99  70.716264  61.155082  3.037 -100.00 -100.00 -100.00
 175    28.281 56388.79239376 10.31  70.720761  61.153603  3.286 -100.00 -100.00 -100.00
 175    28.077 56388.79239435 10.16  70.725257  61.152124  3.378 -100.00 -100.00 -100.00
 176    21.208 56398.70803717 18.14  70.724585  61.155497 19.620 -100.00 -100.00 -100.00
 176    21.141 56398.70803776 19.36  70.729081  61.154018 23.888 -100.00 -100.00 -100.00
 176    21.299 56398.70803835 16.94  70.733577  61.152539 15.424 -100.00 -100.00 -100.00
 177    22.041 56408.62367916 37.26  70.735984  61.154200   -100 -100.00 -100.00 -100.00
 177    24.948 56408.62367975 40.65  70.740480  61.152720   -100 -100.00 -100.00 -100.00
 178    25.072 56418.53931575 40.94  70.737283  61.154343   -100 -100.00 -100.00 -100.00
 178    25.038 56418.53931634 44.83  70.741779  61.152864   -100 -100.00 -100.00 -100.00
 180    27.661 56438.37060155 50.15  70.727568  61.154463  8.538 -100.00 -100.00 -100.00
 180    27.428 56438.37060214 45.55  70.732065  61.152984 28.002 -100.00 -100.00 -100.00
 181    27.788 56448.28625220 51.24  70.721668  61.155405 15.972 -100.00 -100.00 -100.00
 181    27.702 56448.28625279 47.54  70.726164  61.153926 26.490 -100.00 -100.00 -100.00
 181    27.732 56448.28625338 51.18  70.730661  61.152446 27.170 -100.00 -100.00 -100.00
 182    27.904 56458.20190150 39.66  70.723168  61.155219   -100 -100.00 -100.00 -100.00
 182    27.888 56458.20190209 37.04  70.727664  61.153740   -100 -100.00 -100.00 -100.00
 182    27.851 56458.20190268 36.91  70.732161  61.152260   -100 -100.00 -100.00 -100.00
 183    28.105 56468.11754714 37.97  70.721030  61.155458   -100 -100.00 -100.00 -100.00
 183    28.076 56468.11754773 37.96  70.725527  61.153979   -100 -100.00 -100.00 -100.00
 183    28.061 56468.11754832 39.51  70.730023  61.152499   -100 -100.00 -100.00 -100.00
 184    28.602 56478.03318824 50.99  70.714553  61.156451   -100 -100.00 -100.00 -100.00
 184    28.339 56478.03318883 52.20  70.719050  61.154972 16.138 -100.00 -100.00 -100.00
 184    28.262 56478.03318942 55.29  70.723546  61.153493 31.316 -100.00 -100.00 -100.00
 184    28.262 56478.03319001 54.87  70.728042  61.152014 32.321 -100.00 -100.00 -100.00
 185    28.326 56487.94882516 42.14  70.705447  61.158081   -100 -100.00 -100.00 -100.00
 185    28.375 56487.94882575 39.64  70.709945  61.156603   -100 -100.00 -100.00 -100.00
 185    28.316 56487.94882634 35.79  70.714442  61.155124 32.186 -100.00 -100.00 -100.00
 185    28.269 56487.94882693 36.66  70.718939  61.153646   -100 -100.00 -100.00 -100.00
 185    28.255 56487.94882752 35.09  70.723435  61.152167 29.402 -100.00 -100.00 -100.00
 186    28.660 56497.86446047 48.87  70.705627  61.158145   -100 -100.00 -100.00 -100.00
 186    28.553 56497.86446106 52.06  70.710125  61.156667  3.878 -100.00 -100.00 -100.00
 186    28.275 56497.86446165 54.32  70.714622  61.155189   -100 -100.00 -100.00 -100.00
 186    28.252 56497.86446224 54.35  70.719119  61.153710   -100 -100.00 -100.00 -100.00
 186    28.264 56497.86446283 52.54  70.723615  61.152231   -100 -100.00 -100.00 -100.00
 187    27.905 56507.78009557 46.31  70.715691  61.156766   -100 -100.00 -100.00 -100.00
 187    27.913 56507.78009616 47.24  70.720189  61.155287   -100 -100.00 -100.00 -100.00
 187    27.495 56507.78009675 51.29  70.724685  61.153809 18.234 -100.00 -100.00 -100.00
 187    27.478 56507.78009734 50.71  70.729182  61.152330 20.792 -100.00 -100.00 -100.00
 188    25.192 56517.69573450 46.23  70.729107  61.155110  1.975 -100.00 -100.00 -100.00
 188    25.571 56517.69573509 47.21  70.733604  61.153630   -100 -100.00 -100.00 -100.00
 188    25.498 56517.69573568 51.37  70.738100  61.152151   -100 -100.00 -100.00 -100.00
 189    24.677 56527.61138898 33.29  70.732057  61.154182 31.751 -100.00 -100.00 -100.00
 189    24.039 56527.61138957 37.30  70.736554  61.152703   -100 -100.00 -100.00 -100.00
 190    23.561 56537.52703801 39.86  70.724856  61.155540   -100 -100.00 -100.00 -100.00
 190    24.606 56537.52703860 41.01  70.729353  61.154061 19.970 -100.00 -100.00 -100.00
 190    24.177 56537.52703919 43.86  70.733850  61.152582 30.251 -100.00 -100.00 -100.00
 192    23.153 56557.35832557 34.05  70.708161  61.158054   -100 -100.00 -100.00 -100.00
 192    23.962 56557.35832616 32.79  70.712659  61.156575   -100 -100.00 -100.00 -100.00
 192    23.957 56557.35832675 34.37  70.717157  61.155097   -100 -100.00 -100.00 -100.00
 192    23.266 56557.35832734 33.98  70.721654  61.153617   -100 -100.00 -100.00 -100.00
 192    23.127 56557.35832793 36.39  70.726151  61.152138   -100 -100.00 -100.00 -100.00
 193    24.117 56567.27396942 36.47  70.719052  61.155620  0.964 -100.00 -100.00 -100.00
 193    22.692 56567.27397001 30.97  70.723549  61.154140   -100 -100.00 -100.00 -100.00
 193    24.226 56567.27397060 34.85  70.728046  61.152661   -100 -100.00 -100.00 -100.00
 194    27.338 56577.18961211 26.38  70.732303  61.154033 16.489 -100.00 -100.00 -100.00
 194    25.054 56577.18961270 27.33  70.736799  61.152554 19.406 -100.00 -100.00 -100.00
 195    22.934 56587.10525034 37.41  70.737983  61.154720 28.399 -100.00 -100.00 -100.00
 195    23.103 56587.10525093 39.75  70.742479  61.153241 26.033 -100.00 -100.00 -100.00
 196    24.461 56597.02089051 28.57  70.736372  61.155654 21.181 -100.00 -100.00 -100.00
 196    22.949 56597.02089110 34.19  70.740868  61.154174 27.841 -100.00 -100.00 -100.00
 197    22.847 56606.93654244 32.53  70.734451  61.153711 24.703 -100.00 -100.00 -100.00
 197    22.906 56606.93654303 30.48  70.738947  61.152232 16.472 -100.00 -100.00 -100.00
 198    23.485 56616.85218810 37.45  70.723381  61.155561   -100 -100.00 -100.00 -100.00
 198    23.552 56616.85218869 39.86  70.727878  61.154082   -100 -100.00 -100.00 -100.00
 198    23.634 56616.85218928 39.90  70.732374  61.152603   -100 -100.00 -100.00 -100.00
 199    23.594 56626.76783163 34.91  70.724191  61.154996   -100 -100.00 -100.00 -100.00
 199    23.731 56626.76783222 35.65  70.728688  61.153517   -100 -100.00 -100.00 -100.00
 199    23.718 56626.76783281 36.77  70.733184  61.152037   -100 -100.00 -100.00 -100.00
 200    24.079 56636.68347257 33.88  70.727364  61.154507   -100 -100.00 -100.00 -100.00
 200    24.133 56636.68347316 31.60  70.731861  61.153028   -100 -100.00 -100.00 -100.00
 200    24.201 56636.68347375 27.60  70.736357  61.151548 19.508 -100.00 -100.00 -100.00
 201    24.172 56646.59911306 31.05  70.725982  61.155216   -100 -100.00 -100.00 -100.00
 201    24.004 56646.59911365 29.34  70.730479  61.153737 27.537 -100.00 -100.00 -100.00
 201    24.062 56646.59911424 28.41  70.734975  61.152257 23.322 -100.00 -100.00 -100.00
 202    23.557 56656.51476404 29.78  70.715455  61.156650   -100 -100.00 -100.00 -100.00
 202    23.710 56656.51476463 28.16  70.719953  61.155171 28.812 -100.00 -100.00 -100.00
 202    23.877 56656.51476522 25.60  70.724450  61.153692 18.105 -100.00 -100.00 -100.00
 202    23.598 56656.51476581 27.13  70.728947  61.152213 23.405 -100.00 -100.00 -100.00
 203    23.111 56666.43041057 27.87  70.703888  61.158489 28.531 -100.00 -100.00 -100.00
 203    23.232 56666.43041116 28.68  70.708387  61.157010   -100 -100.00 -100.00 -100.00
 203    23.372 56666.43041175 27.70  70.712885  61.155531 26.665 -100.00 -100.00 -100.00
 203    23.546 56666.43041234 25.22  70.717382  61.154052 16.782 -100.00 -100.00 -100.00
 203    23.546 56666.43041293 26.43  70.721880  61.152573 21.798 -100.00 -100.00 -100.00
 203    23.331 56666.43041352 28.07  70.726377  61.151094 28.449 -100.00 -100.00 -100.00
 204    23.057 56676.34605574 22.63  70.702648  61.158501 12.405 -100.00 -100.00 -100.00
 204    23.252 56676.34605633 21.52  70.707146  61.157023  8.924 -100.00 -100.00 -100.00
 204    23.212 56676.34605692 24.26  70.711644  61.155544 16.191 -100.00 -100.00 -100.00
 204    23.386 56676.34605751 22.95  70.716142  61.154065 12.857 -100.00 -100.00 -100.00
 204    23.130 56676.34605810 24.88  70.720639  61.152586 16.967 -100.00 -100.00 -100.00
 204    23.146 56676.34605869 27.34  70.725136  61.151107 25.001 -100.00 -100.00 -100.00
 205    26.401 56686.26170044 18.05  70.707054  61.158103  6.237 -100.00 -100.00 -100.00
 205    26.204 56686.26170103 18.33  70.711552  61.156625  5.284 -100.00 -100.00 -100.00
 205    26.388 56686.26170163 18.08  70.716050  61.155146  5.063 -100.00 -100.00 -100.00
 205    26.585 56686.26170222 18.26  70.720547  61.153667  5.660 -100.00 -100.00 -100.00
 205    26.683 56686.26170281 18.50  70.725044  61.152188  5.840 -100.00 -100.00 -100.00
 206    26.520 56696.17734430 16.54  70.720496  61.155378  4.834 -100.00 -100.00 -100.00
 206    26.658 56696.17734489 16.74  70.724993  61.153899  4.512 -100.00 -100.00 -100.00
 206    26.800 56696.17734548 17.12  70.729489  61.152420  5.082 -100.00 -100.00 -100.00
 207    26.520 56706.09298284 16.14  70.727849  61.154384  4.878 -100.00 -100.00 -100.00
 207    26.016 56706.09298343 16.47  70.732346  61.152905  5.157 -100.00 -100.00 -100.00
 208    26.502 56716.00861566 16.58  70.726396  61.155445  4.526 -100.00 -100.00 -100.00
 208    26.925 56716.00861625 16.57  70.730892  61.153966  4.416 -100.00 -100.00 -100.00
 208    26.721 56716.00861684 17.22  70.735388  61.152487  5.669 -100.00 -100.00 -100.00
 209   -21.022 56725.92426850 10.02  70.719322  61.155610  1.915 -100.00 -100.00 -100.00
 209   -22.659 56725.92426909  9.85  70.723819  61.154132  1.874 -100.00 -100.00 -100.00
 209   -24.301 56725.92426968  9.79  70.728315  61.152653  2.044 -100.00 -100.00 -100.00
 210    28.000 56735.83991739 12.61  70.714439  61.156488  3.132 -100.00 -100.00 -100.00
 210    28.068 56735.83991798 12.47  70.718936  61.155009  3.155 -100.00 -100.00 -100.00
 210    28.008 56735.83991857 12.47  70.723432  61.153530  3.014 -100.00 -100.00 -100.00
 210    28.122 56735.83991916 12.37  70.727928  61.152051  2.817 -100.00 -100.00 -100.00
 211    27.739 56745.75556397 10.32  70.720072  61.155892  3.743 -100.00 -100.00 -100.00
 211    27.679 56745.75556456  9.87  70.724568  61.154413  3.468 -100.00 -100.00 -100.00
 211    27.611 56745.75556515 10.44  70.729064  61.152934  4.301 -100.00 -100.00 -100.00
 211    27.663 56745.75556574 10.55  70.733559  61.151455  4.691 -100.00 -100.00 -100.00
 212    27.424 56755.67120676  9.59  70.730352  61.154586  6.554 -100.00 -100.00 -100.00
 212    27.315 56755.67120735 10.11  70.734848  61.153106  6.418 -100.00 -100.00 -100.00
 213    22.460 56765.58684338 35.70  70.736544  61.154287   -100 -100.00 -100.00 -100.00
 213    25.392 56765.58684397 36.86  70.741040  61.152808   -100 -100.00 -100.00 -100.00
 215    27.737 56785.41813820 42.22  70.726003  61.155137   -100 -100.00 -100.00 -100.00
 215    27.724 56785.41813879 37.66  70.730500  61.153657   -100 -100.00 -100.00 -100.00
 215    27.627 56785.41813938 34.68  70.734996  61.152178 32.316 -100.00 -100.00 -100.00
 216    28.071 56795.33379026 52.43  70.716498  61.156560 17.323 -100.00 -100.00 -100.00
 216    28.205 56795.33379085 53.31  70.720995  61.155081  9.091 -100.00 -100.00 -100.00
 216    28.017 56795.33379144 54.48  70.725492  61.153602 28.416 -100.00 -100.00 -100.00
 216    28.022 56795.33379203 55.85  70.729988  61.152122 29.097 -100.00 -100.00 -100.00
 217    28.408 56805.24943927 53.40  70.715043  61.156267 17.194 -100.00 -100.00 -100.00
 217    28.324 56805.24943986 54.50  70.719540  61.154788   -100 -100.00 -100.00 -100.00
 217    28.326 56805.24944045 52.41  70.724036  61.153309   -100 -100.00 -100.00 -100.00
 217    28.321 56805.24944104 48.79  70.728532  61.151829   -100 -100.00 -100.00 -100.00
 218    28.509 56815.16508108 42.01  70.711270  61.157415 17.288 -100.00 -100.00 -100.00
 218    28.533 56815.16508167 35.15  70.715767  61.155936   -100 -100.00 -100.00 -100.00
 218    28.520 56815.16508226 34.57  70.720264  61.154457 26.914 -100.00 -100.00 -100.00
 218    28.462 56815.16508285 35.00  70.724760  61.152978 28.098 -100.00 -100.00 -100.00
 218    28.397 56815.16508344 35.50  70.729256  61.151499   -100 -100.00 -100.00 -100.00
 219    28.762 56825.08071989 36.50  70.710866  61.157115 29.848 -100.00 -100.00 -100.00
 219    28.732 56825.08072048 34.72  70.715363  61.155636 25.796 -100.00 -100.00 -100.00
 219    28.600 56825.08072107 35.85  70.719860  61.154157 30.912 -100.00 -100.00 -100.00
 219    28.607 56825.08072166 35.55  70.724356  61.152678 26.464 -100.00 -100.00 -100.00
 219    28.533 56825.08072225 34.28  70.728852  61.151199 24.493 -100.00 -100.00 -100.00
 220   -18.371 56834.99635459 15.30  70.708091  61.157886  2.492 -100.00 -100.00 -100.00
 220   -18.365 56834.99635518 15.37  70.712588  61.156407  2.335 -100.00 -100.00 -100.00
 220   -20.696 56834.99635577 15.22  70.717085  61.154929  2.571 -100.00 -100.00 -100.00
 220   -22.361 56834.99635636 15.02  70.721582  61.153450  2.515 -100.00 -100.00 -100.00
 220   -23.989 56834.99635695 14.86  70.726078  61.151971  2.510 -100.00 -100.00 -100.00
 221    28.285 56844.91198683 41.65  70.713778  61.157129  0.715 -100.00 -100.00 -100.00
 221    28.282 56844.91198742 40.00  70.718276  61.155650   -100 -100.00 -100.00 -100.00
 221    28.255 56844.91198801 38.57  70.722772  61.154172   -100 -100.00 -100.00 -100.00
 221    28.234 56844.91198860 36.37  70.727269  61.152693   -100 -100.00 -100.00 -100.00
 221    28.207 56844.91198919 35.88  70.731764  61.151214   -100 -100.00 -100.00 -100.00
 223    27.322 56864.74328630 48.59  70.718528  61.156274 28.471 -100.00 -100.00 -100.00
 223    27.298 56864.74328689 50.21  70.723025  61.154795   -100 -100.00 -100.00 -100.00
 223    27.291 56864.74328748 47.86  70.727521  61.153316 21.797 -100.00 -100.00 -100.00
 223    27.293 56864.74328808 51.65  70.732017  61.151837   -100 -100.00 -100.00 -100.00
 224    26.095 56874.65893884 44.14  70.716572  61.156514  0.937 -100.00 -100.00 -100.00
 224    26.280 56874.65893943 46.42  70.721069  61.155035   -100 -100.00 -100.00 -100.00
 224    26.454 56874.65894003 49.28  70.725566  61.153556   -100 -100.00 -100.00 -100.00
 224    26.007 56874.65894062 53.50  70.730062  61.152077 20.117 -100.00 -100.00 -100.00
 225    24.754 56884.57458788 42.31  70.711628  61.157390   -100 -100.00 -100.00 -100.00
 225    24.541 56884.57458847 43.03  70.716126  61.155911   -100 -100.00 -100.00 -100.00
 225    24.811 56884.57458906 46.48  70.720623  61.154432   -100 -100.00 -100.00 -100.00
 225    24.626 56884.57458965 50.30  70.725120  61.152953  2.232 -100.00 -100.00 -100.00
 225    24.448 56884.57459024 53.63  70.729616  61.151474   -100 -100.00 -100.00 -100.00
 226    23.899 56894.49023425 34.48  70.709868  61.157211   -100 -100.00 -100.00 -100.00
 226    26.725 56894.49023484 29.05  70.714366  61.155732 26.679 -100.00 -100.00 -100.00
 226    24.077 56894.49023543 33.63  70.718863  61.154253   -100 -100.00 -100.00 -100.00
 226    27.797 56894.49023602 24.82  70.723360  61.152774 12.199 -100.00 -100.00 -100.00
 226    27.692 56894.49023661 25.21  70.727857  61.151295 14.212 -100.00 -100.00 -100.00
 227    23.456 56904.40587742 38.56  70.708167  61.157694  7.263 -100.00 -100.00 -100.00
 227    23.961 56904.40587801 33.75  70.712665  61.156216   -100 -100.00 -100.00 -100.00
 227    24.190 56904.40587860 32.08  70.717162  61.154737 30.538 -100.00 -100.00 -100.00
 227    23.618 56904.40587919 35.36  70.721659  61.153257   -100 -100.00 -100.00 -100.00
 227    23.647 56904.40587978 37.40  70.726156  61.151778   -100 -100.00 -100.00 -100.00
 228    27.974 56914.32151958 30.46  70.715066  61.156467 29.898 -100.00 -100.00 -100.00
 228    24.078 56914.32152017 33.78  70.719563  61.154988   -100 -100.00 -100.00 -100.00
 228    27.845 56914.32152076 24.32  70.724060  61.153509 13.019 -100.00 -100.00 -100.00
 228    27.522 56914.32152135 26.79  70.728556  61.152029 20.313 -100.00 -100.00 -100.00
 229    23.436 56924.23716039 37.38  70.725449  61.155018   -100 -100.00 -100.00 -100.00
 229    24.289 56924.23716098 35.62  70.729945  61.153539   -100 -100.00 -100.00 -100.00
 229    24.150 56924.23716157 36.01  70.734441  61.152059   -100 -100.00 -100.00 -100.00
 230    27.661 56934.15279799 27.78  70.731653  61.154984 23.774 -100.00 -100.00 -100.00
 230    24.570 56934.15279858 30.45  70.736149  61.153504   -100 -100.00 -100.00 -100.00
 230    25.008 56934.15279917 27.17  70.740645  61.152025 24.131 -100.00 -100.00 -100.00
 231    23.335 56944.06843032 37.61  70.737214  61.154509   -100 -100.00 -100.00 -100.00
 231    23.396 56944.06843091 44.40  70.741710  61.153029 20.071 -100.00 -100.00 -100.00
 232    22.858 56953.98407785 40.99  70.732961  61.154421   -100 -100.00 -100.00 -100.00
 232    22.923 56953.98407844 42.06  70.737457  61.152941   -100 -100.00 -100.00 -100.00
 233    23.370 56963.89972708 30.00  70.724441  61.155288   -100 -100.00 -100.00 -100.00
 233    23.451 56963.89972767 30.80  70.728937  61.153809   -100 -100.00 -100.00 -100.00
 233    23.412 56963.89972826 29.13  70.733433  61.152330 31.123 -100.00 -100.00 -100.00
 234    24.650 56973.81537214 28.84  70.722304  61.155628 25.057 -100.00 -100.00 -100.00
 234    24.545 56973.81537273 32.43  70.726800  61.154149   -100 -100.00 -100.00 -100.00
 234    24.564 56973.81537333 33.42  70.731297  61.152670   -100 -100.00 -100.00 -100.00
 235    25.019 56983.73101385 18.62  70.729269  61.154173  5.528 -100.00 -100.00 -100.00
 235    25.027 56983.73101445 18.47  70.733765  61.152693  5.363 -100.00 -100.00 -100.00
 236    25.021 56993.64665008 17.01  70.731490  61.154133  4.932 -100.00 -100.00 -100.00
 236    25.057 56993.64665067 16.62  70.735987  61.152654  4.443 -100.00 -100.00 -100.00
 237    24.546 57003.56228672 16.55  70.725959  61.155226  5.184 -100.00 -100.00 -100.00
 237    24.649 57003.56228731 16.96  70.730457  61.153747  5.767 -100.00 -100.00 -100.00
 237    25.300 57003.56228790 16.91  70.734953  61.152267  5.679 -100.00 -100.00 -100.00
 238    24.675 57013.47794103 15.68  70.707936  61.158025  5.720 -100.00 -100.00 -100.00
 238    25.211 57013.47794162 15.56  70.712435  61.156546  5.802 -100.00 -100.00 -100.00
 238    24.895 57013.47794221 15.92  70.716933  61.155067  6.515 -100.00 -100.00 -100.00
 238    26.031 57013.47794280 15.30  70.721430  61.153588  5.124 -100.00 -100.00 -100.00
 238    25.769 57013.47794339 15.24  70.725927  61.152109  5.582 -100.00 -100.00 -100.00
 239    26.749 57023.39359184 15.10  70.704466  61.157982  4.537 -100.00 -100.00 -100.00
 239    27.056 57023.39359243 14.72  70.708965  61.156503  4.163 -100.00 -100.00 -100.00
 239    27.076 57023.39359302 14.91  70.713463  61.155025  4.975 -100.00 -100.00 -100.00
 239    27.052 57023.39359361 14.92  70.717960  61.153546  4.385 -100.00 -100.00 -100.00
 239    26.926 57023.39359420 14.49  70.722457  61.152067  4.049 -100.00 -100.00 -100.00
 240    26.271 57033.30924121 13.78  70.711207  61.157143  4.656 -100.00 -100.00 -100.00
 240    25.834 57033.30924180 14.11  70.715705  61.155665  5.768 -100.00 -100.00 -100.00
 240    26.024 57033.30924239 13.73  70.720202  61.154186  4.810 -100.00 -100.00 -100.00
 240    26.443 57033.30924298 14.26  70.724699  61.152706  5.338 -100.00 -100.00 -100.00
 240    25.688 57033.30924357 14.20  70.729196  61.151227  5.037 -100.00 -100.00 -100.00
 241    25.759 57043.22488865 13.56  70.720837  61.155831  5.937 -100.00 -100.00 -100.00
 241    26.507 57043.22488924 13.40  70.725334  61.154352  5.270 -100.00 -100.00 -100.00
 241    25.456 57043.22488983 13.89  70.729830  61.152872  5.618 -100.00 -100.00 -100.00
 241    25.822 57043.22489042 13.39  70.734326  61.151393  5.314 -100.00 -100.00 -100.00
 242    26.365 57053.14053321 12.04  70.725474  61.154954  4.619 -100.00 -100.00 -100.00
 242    26.368 57053.14053380 12.71  70.729970  61.153475  5.485 -100.00 -100.00 -100.00
 242    26.527 57053.14053439 12.55  70.734467  61.151996  5.027 -100.00 -100.00 -100.00
 243    25.487 57063.05617240 11.86  70.722192  61.155320  4.732 -100.00 -100.00 -100.00
 243    26.395 57063.05617299 11.76  70.726688  61.153841  4.856 -100.00 -100.00 -100.00
 243    25.905 57063.05617358 11.70  70.731185  61.152362  4.631 -100.00 -100.00 -100.00
 244    26.583 57072.97180639 12.55  70.719233  61.156064  5.291 -100.00 -100.00 -100.00
 244    26.839 57072.97180698 12.31  70.723730  61.154585  4.620 -100.00 -100.00 -100.00
 244    26.719 57072.97180757 12.26  70.728226  61.153107  4.808 -100.00 -100.00 -100.00
 244    27.039 57072.97180816 11.81  70.732722  61.151627  4.442 -100.00 -100.00 -100.00
 245    26.382 57082.88743755 11.61  70.726378  61.155479  4.133 -100.00 -100.00 -100.00
 245    26.644 57082.88743814 12.00  70.730874  61.154000  3.897 -100.00 -100.00 -100.00
 245    26.715 57082.88743873 11.71  70.735370  61.152521  3.650 -100.00 -100.00 -100.00
 246    26.909 57092.80308652 13.21  70.737030  61.153600  3.969 -100.00 -100.00 -100.00
 246    27.143 57092.80308711 12.95  70.741526  61.152121  3.741 -100.00 -100.00 -100.00
 247    28.019 57102.71874313  9.60  70.734800  61.155051  5.363 -100.00 -100.00 -100.00
 247    28.127 57102.71874372  8.94  70.739296  61.153571  4.138 -100.00 -100.00 -100.00
 248    27.930 57112.63439684 11.21  70.737582  61.153780  3.413 -100.00 -100.00 -100.00
 248    27.751 57112.63439743 11.20  70.742077  61.152301  3.230 -100.00 -100.00 -100.00
 249    22.155 57122.55004357 35.40  70.731525  61.154161   -100 -100.00 -100.00 -100.00
 249    21.992 57122.55004416 35.58  70.736021  61.152682   -100 -100.00 -100.00 -100.00
 250    27.834 57132.46568464 28.45  70.723766  61.154875 16.408 -100.00 -100.00 -100.00
 250    27.554 57132.46568523 30.57  70.728262  61.153396 24.687 -100.00 -100.00 -100.00
 250    25.051 57132.46568582 31.09  70.732758  61.151916 29.189 -100.00 -100.00 -100.00
 251    24.878 57142.38132159 42.46  70.722513  61.155242  6.666 -100.00 -100.00 -100.00
 251    24.831 57142.38132218 42.53  70.727010  61.153763 15.191 -100.00 -100.00 -100.00
 251    24.882 57142.38132277 44.75  70.731507  61.152284 28.002 -100.00 -100.00 -100.00
 252    27.287 57152.29695647 41.38  70.729648  61.154713 26.818 -100.00 -100.00 -100.00
 252    27.300 57152.29695706 36.04  70.734145  61.153234   -100 -100.00 -100.00 -100.00
 252    27.267 57152.29695765 40.98  70.738641  61.151755 15.229 -100.00 -100.00 -100.00
 253    27.884 57162.21258887 49.06  70.737697  61.154279   -100 -100.00 -100.00 -100.00
 253    27.887 57162.21258946 52.17  70.742193  61.152800   -100 -100.00 -100.00 -100.00
 254    28.244 57172.12824557 43.91  70.730285  61.154948 26.398 -100.00 -100.00 -100.00
 254    28.244 57172.12824616 40.41  70.734781  61.153469 10.851 -100.00 -100.00 -100.00
 254    28.288 57172.12824675 44.88  70.739277  61.151989 14.217 -100.00 -100.00 -100.00
 255    28.680 57182.04389860 45.49  70.716358  61.156587 17.752 -100.00 -100.00 -100.00
 255    28.662 57182.04389919 40.28  70.720855  61.155108   -100 -100.00 -100.00 -100.00
 255    28.663 57182.04389978 37.42  70.725352  61.153630   -100 -100.00 -100.00 -100.00
 255    28.629 57182.04390037 39.12  70.729848  61.152151   -100 -100.00 -100.00 -100.00
 256    29.283 57191.95954794 37.87  70.704321  61.157863 27.245 -100.00 -100.00 -100.00
 256    29.211 57191.95954853 37.24  70.708818  61.156385 25.301 -100.00 -100.00 -100.00
 256    29.157 57191.95954912 37.18  70.713315  61.154906 26.016 -100.00 -100.00 -100.00
 256    29.069 57191.95954971 38.92  70.717812  61.153428   -100 -100.00 -100.00 -100.00
 256    29.018 57191.95955030 39.80  70.722308  61.151949   -100 -100.00 -100.00 -100.00
 257    29.723 57201.87519522 34.84  70.700820  61.158540 18.458 -100.00 -100.00 -100.00
 257    29.689 57201.87519581 35.96  70.705318  61.157062 20.547 -100.00 -100.00 -100.00
 257    29.542 57201.87519640 36.35  70.709815  61.155583 22.785 -100.00 -100.00 -100.00
 257    29.479 57201.87519699 36.39  70.714312  61.154105 23.060 -100.00 -100.00 -100.00
 257    29.395 57201.87519758 36.87  70.718809  61.152626 24.980 -100.00 -100.00 -100.00
 257    29.556 57201.87519817 35.37  70.723305  61.151147 20.093 -100.00 -100.00 -100.00
 258    29.780 57211.79082986 38.42  70.707247  61.158245   -100 -100.00 -100.00 -100.00
 258    29.904 57211.79083045 36.28  70.711745  61.156766 29.918 -100.00 -100.00 -100.00
 258    29.669 57211.79083104 33.68  70.716242  61.155288 22.931 -100.00 -100.00 -100.00
 258    29.771 57211.79083163 31.53  70.720738  61.153809 15.140 -100.00 -100.00 -100.00
 258    29.682 57211.79083222 31.00  70.725234  61.152330 13.575 -100.00 -100.00 -100.00
 259    29.861 57221.70647565 55.54  70.725714  61.154673  8.435 -100.00 -100.00 -100.00
 259    29.854 57221.70647624 55.66  70.730210  61.153194 18.190 -100.00 -100.00 -100.00
 259    29.856 57221.70647683 57.77  70.734706  61.151715 25.528 -100.00 -100.00 -100.00
 260    29.450 57231.62211827 38.76  70.729129  61.154452 32.717 -100.00 -100.00 -100.00
 260    29.467 57231.62211886 35.55  70.733626  61.152973 18.117 -100.00 -100.00 -100.00
 261    28.190 57241.53775792 34.25  70.727844  61.154337 22.217 -100.00 -100.00 -100.00
 261    28.107 57241.53775851 36.11  70.732341  61.152857 31.823 -100.00 -100.00 -100.00
 262    26.837 57251.45339447 47.58  70.722292  61.155367  6.895 -100.00 -100.00 -100.00
 262    27.069 57251.45339506 48.71  70.726790  61.153888   -100 -100.00 -100.00 -100.00
 262    27.004 57251.45339565 39.17  70.731286  61.152409   -100 -100.00 -100.00 -100.00
 263    25.434 57261.36903057 46.73  70.729168  61.154251   -100 -100.00 -100.00 -100.00
 263    25.350 57261.36903116 47.55  70.733665  61.152772  6.277 -100.00 -100.00 -100.00
 264    24.855 57271.28466531 35.10  70.736192  61.154938   -100 -100.00 -100.00 -100.00
 264    24.856 57271.28466590 37.46  70.740689  61.153459   -100 -100.00 -100.00 -100.00
 265    24.398 57281.20032155 42.58  70.738972  61.155228 22.645 -100.00 -100.00 -100.00
 265    24.402 57281.20032214 39.58  70.743468  61.153748 10.111 -100.00 -100.00 -100.00
 267    24.333 57301.03162829 37.08  70.730718  61.154861   -100 -100.00 -100.00 -100.00
 267    24.680 57301.03162888 32.62  70.735214  61.153381   -100 -100.00 -100.00 -100.00
 267    25.220 57301.03162947 34.60  70.739710  61.151902   -100 -100.00 -100.00 -100.00
 268    25.159 57310.94727500 39.18  70.714800  61.157000 28.855 -100.00 -100.00 -100.00
 268    25.203 57310.94727559 42.25  70.719297  61.155522 27.658 -100.00 -100.00 -100.00
 268    24.634 57310.94727618 45.31  70.723794  61.154043   -100 -100.00 -100.00 -100.00
 268    24.526 57310.94727677 51.83  70.728290  61.152563   -100 -100.00 -100.00 -100.00
 269    24.898 57320.86291924 37.68  70.707442  61.157791   -100 -100.00 -100.00 -100.00
 269    26.031 57320.86291983 39.24  70.711940  61.156312 15.709 -100.00 -100.00 -100.00
 269    25.444 57320.86292042 43.37  70.716437  61.154833 23.502 -100.00 -100.00 -100.00
 269    24.756 57320.86292101 49.50  70.720934  61.153354  5.797 -100.00 -100.00 -100.00
 269    24.529 57320.86292160 52.85  70.725430  61.151875   -100 -100.00 -100.00 -100.00
 270    24.654 57330.77856193 41.55  70.710456  61.157553 16.896 -100.00 -100.00 -100.00
 270    24.760 57330.77856252 41.39  70.714953  61.156074  3.016 -100.00 -100.00 -100.00
 270    25.131 57330.77856311 42.11  70.719450  61.154595   -100 -100.00 -100.00 -100.00
 270    24.749 57330.77856370 46.85  70.723947  61.153116 30.966 -100.00 -100.00 -100.00
 270    24.737 57330.77856429 52.86  70.728443  61.151637   -100 -100.00 -100.00 -100.00
 271    24.490 57340.69420365 36.89  70.723906  61.155306   -100 -100.00 -100.00 -100.00
 271    24.652 57340.69420424 39.55  70.728403  61.153827   -100 -100.00 -100.00 -100.00
 271    24.355 57340.69420484 41.44  70.732899  61.152347  9.476 -100.00 -100.00 -100.00
 272    24.599 57350.60985380 34.88  70.721803  61.155555   -100 -100.00 -100.00 -100.00
 272    24.279 57350.60985439 35.83  70.726300  61.154076   -100 -100.00 -100.00 -100.00
 272    24.663 57350.60985498 34.67  70.730796  61.152596   -100 -100.00 -100.00 -100.00
 273    24.990 57360.52549734 31.12  70.709536  61.157740 28.475 -100.00 -100.00 -100.00
 273    24.901 57360.52549793 28.86  70.714034  61.156261 19.854 -100.00 -100.00 -100.00
 273    24.695 57360.52549852 29.27  70.718532  61.154782 23.845 -100.00 -100.00 -100.00
 273    24.872 57360.52549911 30.62  70.723029  61.153303 28.212 -100.00 -100.00 -100.00
 273    24.800 57360.52549970 29.00  70.727526  61.151823 22.609 -100.00 -100.00 -100.00
 274    24.683 57370.44113816 22.29  70.700123  61.158643 10.823 -100.00 -100.00 -100.00
 274    24.529 57370.44113875 23.29  70.704622  61.157164 13.456 -100.00 -100.00 -100.00
 274    24.809 57370.44113934 22.22  70.709120  61.155686 10.427 -100.00 -100.00 -100.00
 274    24.874 57370.44113993 22.96  70.713618  61.154207 11.519 -100.00 -100.00 -100.00
 274    24.646 57370.44114052 24.08  70.718116  61.152728 14.029 -100.00 -100.00 -100.00
 274    25.344 57370.44114111 22.51  70.722613  61.151249 10.964 -100.00 -100.00 -100.00
 275    24.725 57380.35677809 18.77  70.702440  61.157986  7.328 -100.00 -100.00 -100.00
 275    24.829 57380.35677868 19.08  70.706938  61.156508  7.402 -100.00 -100.00 -100.00
 275    24.867 57380.35677927 20.65  70.711437  61.155029  9.838 -100.00 -100.00 -100.00
 275    25.319 57380.35677986 19.46  70.715934  61.153550  7.975 -100.00 -100.00 -100.00
 275    24.822 57380.35678045 19.85  70.720432  61.152071  8.401 -100.00 -100.00 -100.00
 276    24.408 57390.27241797 20.19  70.714123  61.157100 10.722 -100.00 -100.00 -100.00
 276    24.321 57390.27241856 21.11  70.718621  61.155621 12.279 -100.00 -100.00 -100.00
 276    24.526 57390.27241916 20.35  70.723118  61.154142 10.169 -100.00 -100.00 -100.00
 276    24.292 57390.27241975 20.83  70.727615  61.152663 10.483 -100.00 -100.00 -100.00
 277    24.457 57400.18805804 20.17  70.734907  61.153932 10.596 -100.00 -100.00 -100.00
 277    24.115 57400.18805863 21.38  70.739403  61.152453 13.025 -100.00 -100.00 -100.00
 279    24.607 57420.01934966 17.43  70.731566  61.154219  8.134 -100.00 -100.00 -100.00
 279    24.773 57420.01935025 16.92  70.736063  61.152740  7.260 -100.00 -100.00 -100.00
 280    27.088 57429.93499828 15.27  70.719373  61.155911  5.413 -100.00 -100.00 -100.00
 280    26.747 57429.93499887 16.00  70.723870  61.154432  6.639 -100.00 -100.00 -100.00
 280    26.631 57429.93499946 16.30  70.728366  61.152953  6.600 -100.00 -100.00 -100.00
 280    27.032 57429.93500005 15.79  70.732862  61.151474  5.816 -100.00 -100.00 -100.00
 281    27.723 57439.85064602 16.31  70.719363  61.155665  5.664 -100.00 -100.00 -100.00
 281    27.357 57439.85064661 15.94  70.723860  61.154186  5.139 -100.00 -100.00 -100.00
 281    27.230 57439.85064720 15.94  70.728356  61.152707  5.152 -100.00 -100.00 -100.00
 282    27.979 57449.76629336 15.16  70.726865  61.155204  3.453 -100.00 -100.00 -100.00
 282    27.884 57449.76629395 15.42  70.731361  61.153724  3.735 -100.00 -100.00 -100.00
 282    27.520 57449.76629454 15.73  70.735857  61.152245  4.466 -100.00 -100.00 -100.00
 284    28.022 57469.59758128 13.33  70.735075  61.155084  3.012 -100.00 -100.00 -100.00
 284    28.241 57469.59758187 13.17  70.739571  61.153605  2.882 -100.00 -100.00 -100.00
 285    28.194 57479.51321907  8.71  70.732706  61.154728  2.449 -100.00 -100.00 -100.00
 285    28.312 57479.51321966  8.64  70.737202  61.153249  2.604 -100.00 -100.00 -100.00
 286    22.395 57489.42885366 33.05  70.728598  61.154515   -100 -100.00 -100.00 -100.00
 286    22.335 57489.42885425 35.68  70.733094  61.153035   -100 -100.00 -100.00 -100.00
 287    27.424 57499.34448645 34.89  70.726803  61.155050 25.269 -100.00 -100.00 -100.00
 287    23.770 57499.34448704 36.88  70.731300  61.153571   -100 -100.00 -100.00 -100.00
 287    23.829 57499.34448763 38.66  70.735796  61.152092   -100 -100.00 -100.00 -100.00
 288    26.784 57509.26013023 34.13  70.729571  61.154946   -100 -100.00 -100.00 -100.00
 288    26.692 57509.26013082 36.45  70.734067  61.153467   -100 -100.00 -100.00 -100.00
 288    26.986 57509.26013141 33.46  70.738564  61.151988   -100 -100.00 -100.00 -100.00
 289    27.608 57519.17578647 49.41  70.730828  61.154222   -100 -100.00 -100.00 -100.00
 289    27.608 57519.17578706 39.42  70.735324  61.152743 11.264 -100.00 -100.00 -100.00
 290    28.178 57529.09143937 53.71  70.727663  61.154724 10.546 -100.00 -100.00 -100.00
 290    28.025 57529.09143996 54.82  70.732159  61.153244 24.402 -100.00 -100.00 -100.00
 290    28.020 57529.09144055 56.82  70.736654  61.151765 26.789 -100.00 -100.00 -100.00
 291    28.111 57539.00708831 36.08  70.716729  61.156395   -100 -100.00 -100.00 -100.00
 291    28.084 57539.00708890 32.80  70.721226  61.154916 19.692 -100.00 -100.00 -100.00
 291    28.010 57539.00708949 35.87  70.725723  61.153437   -100 -100.00 -100.00 -100.00
 291    27.956 57539.00709009 33.38  70.730218  61.151958 23.934 -100.00 -100.00 -100.00
 292    28.252 57548.92273454 39.82  70.705718  61.157895 32.142 -100.00 -100.00 -100.00
 292    28.159 57548.92273514 36.87  70.710215  61.156417 22.832 -100.00 -100.00 -100.00
 292    28.007 57548.92273573 37.97  70.714712  61.154938 28.039 -100.00 -100.00 -100.00
 292    28.259 57548.92273632 36.72  70.719209  61.153459 23.721 -100.00 -100.00 -100.00
 292    28.198 57548.92273691 38.76  70.723705  61.151981 27.931 -100.00 -100.00 -100.00
 293    28.339 57558.83838009 53.77  70.701712  61.158405 17.409 -100.00 -100.00 -100.00
 293    28.300 57558.83838068 55.82  70.706210  61.156927 25.580 -100.00 -100.00 -100.00
 293    28.241 57558.83838127 56.10  70.710707  61.155448   -100 -100.00 -100.00 -100.00
 293    28.252 57558.83838186 57.31  70.715204  61.153970   -100 -100.00 -100.00 -100.00
 293    28.262 57558.83838245 55.16  70.719700  61.152491   -100 -100.00 -100.00 -100.00
 293    28.275 57558.83838304 53.37  70.724196  61.151012 32.582 -100.00 -100.00 -100.00
 294    28.556 57568.75402576 47.50  70.707335  61.158098   -100 -100.00 -100.00 -100.00
 294    28.180 57568.75402635 50.99  70.711833  61.156620 26.577 -100.00 -100.00 -100.00
 294    28.132 57568.75402694 51.56  70.716330  61.155141   -100 -100.00 -100.00 -100.00
 294    28.125 57568.75402753 49.26  70.720826  61.153662   -100 -100.00 -100.00 -100.00
 294    28.132 57568.75402812 47.74  70.725322  61.152183 31.765 -100.00 -100.00 -100.00
 295    27.475 57578.66967190 49.87  70.721464  61.155813 25.997 -100.00 -100.00 -100.00
 295    27.452 57578.66967249 51.00  70.725960  61.154334   -100 -100.00 -100.00 -100.00
 295    27.437 57578.66967308 51.06  70.730457  61.152855   -100 -100.00 -100.00 -100.00
 296    26.952 57588.58531579 48.73  70.729184  61.154812   -100 -100.00 -100.00 -100.00
 296    26.835 57588.58531639 48.82  70.733681  61.153332   -100 -100.00 -100.00 -100.00
 296    26.716 57588.58531698 50.52  70.738177  61.151853 17.189 -100.00 -100.00 -100.00
 297    25.908 57598.50095596 40.07  70.726564  61.155431 18.635 -100.00 -100.00 -100.00
 297    25.796 57598.50095655 35.54  70.731061  61.153952   -100 -100.00 -100.00 -100.00
 297    25.761 57598.50095714 33.96  70.735558  61.152472   -100 -100.00 -100.00 -100.00
