# NaN NaN NaN ;Mean Elev.(m), Avg Gradient(m/km), RMS Gradient(m/km) - SRTM1     
#   22.294  -2.507   3.666 ;Mean Elev.(m), Avg Gradient(m/km), RMS Gradient(m/km) - ASTER GDEM
#   23.673  -2.767   3.967 ;Mean Elev.(m), Avg Gradient(m/km), RMS Gradient(m/km) - GMTED2010 
   1  73.355900  61.222033    33.182    33.129  4 54666.43740713 33.365
   2  73.356915  61.222453    32.850    33.181  3 54676.35305170 35.904
   6  73.357353  61.222622    27.967    27.967  2 54716.01562869 47.734
   7  73.341962  61.223877     5.914     5.386 10 54725.93127704 15.263
   8  73.332334  61.225140    27.565    27.482 16 54735.84692400 43.172
   9  73.335496  61.224935    38.036    38.889 13 54745.76257141 25.192
  10  73.344004  61.223723    36.691    37.722  9 54755.67821896 27.068
  11  73.347152  61.222920    31.607    31.621  8 54765.59386452 29.988
  12  73.336541  61.224592    30.265    31.097 14 54775.50950559 34.075
  13  73.326786  61.225921    28.646    28.595 18 54785.42514435 43.016
  14  73.329974  61.225282    29.149    29.148 17 54795.34078312 42.911
  15  73.346869  61.223004    29.558    29.575  8 54805.25642278 25.355
  16  73.357754  61.222766    29.140    29.140  2 54815.17206114 23.784
  18  73.355285  61.222104    28.719    28.744  4 54835.00334706 22.217
  19  73.347844  61.223096    30.860    30.773  7 54844.91899611 20.039
  20  73.349288  61.222805    31.485    31.334  6 54854.83464525 19.338
  21  73.356950  61.221841    33.575    33.565  4 54864.75029484 17.803
  22  73.358424  61.221978    33.952    33.868  3 54874.66594337 17.524
  23  73.357089  61.221532    34.925    35.123  4 54884.58158906 16.037
  24  73.340160  61.224292    32.633    31.820 11 54894.49722953 17.545
  25  73.327393  61.225828    33.187    33.481 17 54904.41286792 16.343
  26  73.326119  61.225927    36.141    34.718 19 54914.32850646 16.948
  27  73.336411  61.224365    38.619    39.468 14 54924.24414579 23.400
  28  73.348483  61.222881    31.271    30.969  7 54934.15978451 24.550
  29  73.354272  61.222355    28.513    28.522  4 54944.07542061 41.563
  30  73.354623  61.221840    31.732    31.732  4 54953.99105400 42.602
  31  73.339628  61.224271    32.319    32.326 12 54963.90669762 35.314
  32  73.336171  61.224475    32.342    32.338 14 54973.82234562 54.145
  33  73.342422  61.223985    32.271    32.255 10 54983.73799385 38.104
  34  73.353623  61.222658    20.965    20.983  4 54993.65364243 15.162
  35  73.358007  61.222095    32.147    32.300  3 55003.56928917 35.499
  36  73.355784  61.222127    33.895    34.604  3 55013.48493326 29.157
  37  73.352368  61.222270    31.979    31.997  5 55023.40057586 31.115
  38  73.354431  61.222061    32.577    32.480  5 55033.31621838 28.262
  39  73.357973  61.222483    35.064    35.064  2 55043.23186031 26.366
  42  73.353584  61.222137    29.887    30.604  5 55072.97878272 33.766
  43  73.336210  61.224674    28.228    28.246 13 55082.89442910 54.164
  44  73.333134  61.224619    28.817    28.290 16 55092.81007544 32.470
  45  73.333522  61.225202    33.624    34.589 14 55102.72572173 29.302
  46  73.339740  61.224418    28.186    27.698 11 55112.64136840 37.518
  47  73.341884  61.223942    31.868    31.522 10 55122.55701230 30.051
  48  73.336595  61.224722    28.564    27.658 13 55132.47265249 34.402
  49  73.330901  61.225292    28.153    28.103 17 55142.38829069 49.577
  50  73.333499  61.224753    28.402    28.363 15 55152.30392928 37.044
  51  73.344416  61.223385    28.760    28.784  9 55162.21956908 32.395
  52  73.358319  61.221726    28.333    28.305  3 55172.13520885 27.266
  54  73.359398  61.222314    29.832    29.832  2 55191.96649601 21.372
  55  73.356789  61.221919    34.569    34.992  3 55201.88214598 16.983
  56  73.355749  61.221858    33.421    34.430  4 55211.79779534 17.758
  57  73.354630  61.222447    35.132    35.113  4 55221.71344411 16.079
  58  73.353796  61.221979    35.060    34.975  5 55231.62909181 15.864
  59  73.345248  61.223413    35.176    35.141  8 55241.54473538 16.032
  60  73.335620  61.224579    34.657    34.778 14 55251.46037542 15.475
  61  73.326760  61.226183    34.001    33.917 17 55261.37601330 16.472
  62  73.331589  61.225231    33.594    34.364 15 55271.29165193 17.525
  63  73.340022  61.223999    35.109    35.217 12 55281.20729087 15.734
  64  73.347515  61.222944    39.853    39.901  8 55291.12292854 13.791
  65  73.353282  61.221807    39.180    39.287  6 55301.03856376 16.705
  66  73.344269  61.223245    28.552    28.821 10 55310.95420973 42.114
  67  73.337601  61.224362    28.770    28.780 13 55320.86985456 48.690
  68  73.337767  61.224464    31.763    31.752 12 55330.78549893 49.975
  69  73.346183  61.223044    32.428    32.422  8 55340.70114411 42.175
  70  73.354166  61.221876    32.669    32.564  4 55350.61678900 32.486
  71  73.356727  61.222008    32.855    32.845  3 55360.53243111 40.223
  72  73.356788  61.222305    33.021    33.068  3 55370.44807085 38.578
  73  73.356919  61.222843    33.077    33.077  2 55380.36370915 40.381
  77  73.351565  61.222312    31.449    31.250  5 55420.02628136 38.904
  78  73.336517  61.224674    31.670    31.626 13 55429.94192686 35.816
  79  73.333579  61.224916    33.238    33.168 15 55439.85757114 27.156
  80  73.338015  61.224353    32.795    32.739 13 55449.77321465 29.907
  81  73.344500  61.223234    28.505    28.492 10 55459.68885794 53.333
  82  73.343973  61.223430    31.854    32.279 10 55469.60449952 32.540
  83  73.339228  61.224369    30.101    30.380 11 55479.52013746 34.038
  84  73.339927  61.223990    32.843    33.007 12 55489.43577334 28.352
  85  73.345183  61.223366    33.180    33.182  8 55499.35140751 28.486
  86  73.353726  61.222106    31.555    31.557  5 55509.26704876 27.095
  87  73.355257  61.222115    27.882    27.927  3 55519.18269901 42.817
  88  73.356378  61.222020    28.453    28.459  3 55529.09834833 29.640
  89  73.354794  61.222219    30.740    30.739  4 55539.01399555 24.016
  90  73.354148  61.222189    30.947    30.960  4 55548.92964060 21.428
  91  73.355194  61.222068    30.699    30.622  4 55558.84528402 21.882
  92  73.359016  61.221753    34.580    34.263  3 55568.76092679 19.325
  93  73.359688  61.221855    32.813    32.813  2 55578.67656830 19.910
  94  73.353614  61.222655    32.111    32.155  4 55588.59220672 19.701
  95  73.348743  61.222406    31.391    31.402  8 55598.50784234 19.685
  96  73.342289  61.223637    32.843    33.037 11 55608.42347513 17.789
  97  73.348325  61.222906    34.716    34.663  7 55618.33910754 18.168
  98  73.355818  61.221986    34.857    34.984  3 55628.25475539 17.316
  99  73.355526  61.222469    35.963    35.602  3 55638.17040672 16.394
 100  73.351940  61.222329    39.334    39.462  5 55648.08605573 14.510
 101  73.338163  61.224250    39.978    39.851 12 55658.00170057 19.105
 102  73.330512  61.225400    32.021    32.384 16 55667.91734194 33.950
 103  73.335896  61.224828    30.089    30.091 13 55677.83298199 54.110
 104  73.354390  61.221751    32.225    32.271  5 55687.74862154 50.685
 107  73.358513  61.222529    32.551    32.551  2 55717.49554434 31.862
 108  73.357547  61.221732    34.320    35.049  3 55727.41119279 32.564
 109  73.357503  61.222026    32.096    32.096  3 55737.32683962 31.377
 110  73.359667  61.222141    33.229    33.229  2 55747.24248548 27.621
 111  73.360582  61.221728    34.730    34.730  2 55757.15812921 24.392
 112  73.353305  61.222507    31.322    31.828  4 55767.07376944 32.891
 113  73.341956  61.223872    32.285    32.860 10 55776.98940622 33.924
 114  73.335401  61.224868    28.611    28.600 13 55786.90504073 51.447
 115  73.345394  61.223340    28.588    28.474  8 55796.82067530 45.943
 116  73.356004  61.222144    29.474    28.545  3 55806.73631814 31.196
 117  73.357685  61.222681    28.732    28.732  2 55816.65196712 45.127
 118  73.356956  61.221834    28.399    28.332  3 55826.56761282 36.961
 119  73.346224  61.223311    30.048    29.699  8 55836.48325295 31.668
 120  73.340042  61.223969    29.534    29.813 12 55846.39889039 30.034
 121  73.349327  61.222722    29.831    29.308  6 55856.31452701 29.952
 122  73.358403  61.222355    27.201    27.190  3 55866.23017062 39.130
 125  73.360656  61.222055    27.764    27.764  2 55895.97711097 23.698
 126  73.360416  61.221894    30.530    30.530  2 55905.89274653 21.268
 127  73.359443  61.222425    34.635    34.635  2 55915.80838964 19.015
 128  73.360628  61.221899    32.280    32.280  2 55925.72404338 18.680
 129  73.359272  61.222013    35.056    35.056  2 55935.63969351 18.129
 130  73.353511  61.221754    34.311    34.411  5 55945.55533846 18.035
 131  73.336867  61.224377    32.138    32.181 14 55955.47097766 18.129
 132  73.328605  61.225666    33.249    33.499 17 55965.38661521 17.796
 133  73.335981  61.224703    33.593    33.974 14 55975.30225330 18.157
 134  73.354072  61.222152    35.783    35.590  4 55985.21789169 17.927
 136  73.358585  61.221661    34.710    34.295  3 56005.04917901 17.127
 137  73.341030  61.224072    39.727    39.682 11 56014.96482545 15.112
 138  73.329856  61.225727    30.842    31.145 16 56024.88046944 23.611
 139  73.337170  61.224478    28.427    27.404 12 56034.79611337 35.219
 140  73.356254  61.221584    31.293    31.255  4 56044.71175644 34.854
 144  73.358323  61.221606    33.346    33.856  3 56084.37432281 26.044
 145  73.355525  61.222072    31.455    31.408  4 56094.28996983 29.166
 146  73.355083  61.222876    30.858    31.391  3 56104.20561492 29.227
 147  73.355051  61.222727    30.341    28.554  3 56114.12124568 30.133
 148  73.355170  61.221918    27.330    27.243  5 56124.03688432 37.653
 149  73.350566  61.222106    27.393    26.956  7 56133.95251840 36.132
 150  73.341572  61.224112    29.590    30.044 10 56143.86815674 29.608
 151  73.342781  61.223410    28.844    28.654 11 56153.78380723 29.585
 152  73.347497  61.223130    26.548    26.527  7 56163.69945664 49.075
 153  73.354773  61.221949    35.699    35.718  4 56173.61510430 28.825
 154  73.353960  61.222227    29.797    29.846  4 56183.53074599 29.755
 155  73.348372  61.222723    32.934    32.264  7 56193.44638350 27.674
 156  73.343643  61.223501    33.619    33.848 10 56203.36201835 28.692
 157  73.352302  61.222413    26.875    26.903  5 56213.27765309 41.846
 161  73.359801  61.222271    27.304    27.304  2 56252.94024322 27.327
 162  73.355724  61.222325    28.635    28.690  4 56262.85588599 23.613
 163  73.355124  61.222431    27.558    27.570  4 56272.77152706 26.876
 164  73.355246  61.222758    32.405    33.326  3 56282.68716946 20.043
 165  73.354623  61.221975    33.823    34.230  5 56292.60282121 18.710
 166  73.344672  61.223288    31.449    30.836 10 56302.51846743 19.617
 167  73.333863  61.225043    30.296    30.148 14 56312.43410934 20.476
 168  73.331186  61.225636    30.822    30.866 15 56322.34975009 19.189
 169  73.341293  61.223741    31.128    30.858 11 56332.26539182 18.744
 170  73.350192  61.222637    35.398    35.392  6 56342.18103293 16.138
 171  73.355938  61.222136    35.195    35.211  3 56352.09667138 16.243
 172  73.355723  61.221821    35.570    35.585  4 56362.01231206 15.558
 173  73.345501  61.223284    39.822    39.877  9 56371.92796037 13.217
 174  73.339812  61.224371    38.217    38.143 11 56381.84360639 13.373
 175  73.346624  61.223254    39.601    39.721  8 56391.75925159 15.027
 176  73.356530  61.222006    38.617    38.699  3 56401.67489544 20.287
 180  73.356518  61.222578    33.023    32.841  3 56441.33746274 35.501
 181  73.355306  61.221932    32.989    33.105  5 56451.25311309 37.619
 182  73.353842  61.221614    33.202    33.174  5 56461.16876108 36.160
 183  73.345097  61.223224    33.406    33.367 10 56471.08440486 34.170
 184  73.337106  61.224882    33.403    33.413 12 56481.00004509 36.938
 185  73.337837  61.224604    33.490    33.474 12 56490.91568242 54.221
 186  73.346637  61.223092    32.888    32.879  8 56500.83131801 49.926
 187  73.357107  61.221968    33.138    33.024  4 56510.74695220 32.188
 188  73.358731  61.222223    32.883    32.883  2 56520.66259622 29.891
 189  73.356821  61.221782    32.250    32.541  4 56530.57824925 28.232
 191  73.345276  61.223513    31.752    31.577  8 56550.40954230 30.583
 192  73.349770  61.222549    32.170    32.269  6 56560.32518563 28.698
 193  73.354657  61.222539    33.749    34.115  4 56570.24082794 25.911
 197  73.358123  61.221941    28.331    28.354  3 56609.90340219 40.516
 198  73.357201  61.221964    28.903    28.835  3 56619.81904775 46.836
 199  73.357673  61.222233    29.358    29.332  3 56629.73469019 45.837
 200  73.358273  61.222175    29.325    29.325  2 56639.65032933 30.831
 201  73.352691  61.222257    29.011    28.988  5 56649.56597421 27.020
 202  73.337049  61.224528    28.488    28.468 13 56659.48162349 29.219
 203  73.331033  61.225482    28.335    28.345 16 56669.39727007 28.739
 204  73.339481  61.224256    28.245    28.236 11 56679.31291601 26.730
 205  73.351869  61.222372    29.160    29.335  5 56689.22856087 20.313
 206  73.355780  61.222062    29.261    29.184  3 56699.14420204 20.502
 207  73.353729  61.222380    30.281    29.636  4 56709.05983795 20.299
 208  73.351285  61.222110    30.561    30.288  6 56718.97547743 20.073
 209  73.343252  61.223674    20.892    20.893 10 56728.89112900 12.890
 210  73.349687  61.222781    39.168    39.082  6 56738.80677816 15.831
 211  73.358133  61.222159    39.989    39.989  2 56748.72242358 14.267
 214  73.359565  61.221875    31.222    31.222  2 56778.46934478 35.995
 215  73.351383  61.222492    33.101    33.141  5 56788.38499980 43.828
 216  73.347518  61.222941    33.128    33.146  7 56798.30065183 33.987
 217  73.349999  61.222534    33.382    33.394  7 56808.21629881 35.006
 218  73.349638  61.222689    33.468    33.499  6 56818.13193969 35.736
 219  73.343039  61.223893    33.383    33.382  9 56828.04757626 37.306
 220  73.338763  61.224229    20.151    21.064 12 56837.96320992 26.221
 221  73.343108  61.223815    32.986    32.952 10 56847.87884156 33.988
 222  73.348685  61.222620    32.428    32.440  7 56857.79449508 50.449
 223  73.356372  61.221657    32.914    32.987  4 56867.71014922 33.356
 224  73.355063  61.222138    32.796    33.501  4 56877.62580059 34.044
 225  73.349040  61.222495    31.940    32.285  8 56887.54144835 31.522
 226  73.334411  61.225098    33.662    33.652 14 56897.45709239 29.237
 227  73.335337  61.224551    34.448    34.825 14 56907.37273558 29.368
 228  73.345662  61.223426    33.403    32.706  8 56917.28837768 29.352
 229  73.360837  61.221825    28.514    28.514  2 56927.20401837 37.112
 232  73.356114  61.222655    27.299    27.298  3 56956.95093809 43.714
 233  73.350850  61.222273    29.005    28.990  7 56966.86658626 40.493
 234  73.352183  61.222338    29.848    29.814  5 56976.78223076 36.344
 235  73.357050  61.222555    29.740    29.740  2 56986.69787101 20.870
 237  73.356992  61.221884    29.345    29.429  4 57006.52914985 20.028
 238  73.339167  61.224174    29.056    29.095 12 57016.44480211 20.474
 239  73.332236  61.225083    31.492    31.322 16 57026.36045182 18.196
 240  73.339031  61.224537    30.970    30.505 11 57036.27610108 19.515
 241  73.354452  61.221970    36.988    36.809  4 57046.19174882 14.136
 242  73.358072  61.222116    35.296    35.361  3 57056.10739176 16.454
 243  73.355340  61.222273    36.635    36.075  4 57066.02302890 15.095
 244  73.355243  61.221782    36.873    36.826  5 57075.93866181 14.727
 245  73.358269  61.222138    35.611    35.548  3 57085.85429178 16.093
 250  73.353380  61.222479    28.453    28.479  4 57135.43254158 44.012
 251  73.352378  61.222281    32.448    32.195  5 57145.34817743 39.861
 252  73.356876  61.222334    33.024    32.905  3 57155.26381135 34.546
 254  73.360387  61.221750    33.695    33.695  2 57175.09510842 54.610
 255  73.351922  61.222228    34.067    34.036  5 57185.01076073 35.025
 256  73.335353  61.225092    34.436    34.449 13 57194.92640794 34.700
 257  73.331273  61.225384    34.536    34.516 16 57204.84204279 37.301
 258  73.341173  61.223596    34.536    34.563 12 57214.75768919 49.068
 259  73.355228  61.221638    33.829    33.810  5 57224.67333445 43.511
 260  73.358626  61.222219    32.587    32.565  3 57234.58897654 42.115
 261  73.357282  61.222505    33.529    33.505  3 57244.50461498 35.171
 262  73.354991  61.222468    33.554    33.780  4 57254.42025087 32.148
 263  73.356970  61.222566    33.454    33.278  3 57264.33588585 33.413
 267  73.357204  61.222889    33.422    33.422  2 57303.99848868 31.217
 268  73.352808  61.221728    31.641    31.693  6 57313.91413550 31.164
 269  73.342127  61.223788    29.615    29.284 10 57323.82977805 33.361
 270  73.344770  61.223342    29.603    29.589  9 57333.74542013 41.484
 271  73.354002  61.221834    29.061    29.060  5 57343.66106095 45.185
 272  73.346593  61.223248    28.841    28.842  8 57353.57671319 34.343
 273  73.342831  61.223655    28.904    28.889 11 57363.49235669 27.735
 274  73.337783  61.224336    28.972    28.930 12 57373.40799674 28.820
 275  73.340755  61.223854    28.822    28.830 12 57383.32363595 24.763
 276  73.351720  61.222154    28.634    28.572  5 57393.23927570 22.526
 277  73.360287  61.221990    33.313    33.313  2 57403.15491416 19.716
 279  73.358628  61.222298    35.092    35.049  3 57422.98621051 18.284
 280  73.353431  61.222657    35.130    35.209  4 57432.90185891 17.315
 281  73.355387  61.221883    34.918    34.881  4 57442.81750619 17.533
 282  73.357373  61.222345    37.248    37.248  2 57452.73315256 16.175
 286  73.359668  61.221859    27.830    27.830  2 57492.39570980 30.237
 287  73.359715  61.222517    31.434    31.434  2 57502.31134197 40.390
 288  73.358506  61.222388    33.151    33.136  3 57512.22699235 34.351
 289  73.357027  61.221892    33.194    33.227  4 57522.14264759 36.563
 290  73.353735  61.221675    33.186    33.254  5 57532.05830023 55.963
 291  73.344180  61.223341    33.139    33.127 10 57541.97394877 34.932
 292  73.341018  61.223587    33.115    33.087 12 57551.88959513 35.195
 293  73.341292  61.223882    33.003    33.017 11 57561.80524025 44.441
 294  73.347799  61.222931    32.509    32.411  7 57571.72088559 31.984
 295  73.354832  61.221653    31.588    32.112  5 57581.63653092 39.065
 296  73.354582  61.222349    30.516    30.509  4 57591.55217355 42.694
 297  73.357001  61.221762    32.666    32.657  4 57601.46781392 31.391
